2 0.16953125 0.5722222222222222 0.2984375 0.3055555555555556
2 0.3958333333333333 0.4476851851851852 0.078125 0.10462962962962963
2 0.43723958333333335 0.43657407407407406 0.028645833333333332 0.06944444444444445
2 0.45755208333333336 0.4199074074074074 0.03697916666666667 0.05462962962962963
2 0.865625 0.763425925925926 0.26666666666666666 0.47314814814814815
2 0.721875 0.5569444444444445 0.20416666666666666 0.24722222222222223
2 0.5916666666666667 0.4513888888888889 0.06458333333333334 0.09537037037037037
1 0.09817708333333333 0.5694444444444444 0.0609375 0.024074074074074074
1 0.7549479166666667 0.5634259259259259 0.050520833333333334 0.025
1 0.5940104166666667 0.4740740740740741 0.021354166666666667 0.011111111111111112
