2 0.16111111111111112 0.7 0.17962962962962964 0.13125
2 0.2759259259259259 0.6065104166666667 0.1037037037037037 0.0609375
2 0.3050925925925926 0.5705729166666667 0.09722222222222222 0.04739583333333333
2 0.3453703703703704 0.53359375 0.07777777777777778 0.034895833333333334
2 0.36203703703703705 0.8794270833333333 0.24814814814814815 0.2203125
2 0.4060185185185185 0.7322916666666667 0.15648148148148147 0.1125
2 0.4152777777777778 0.6481770833333333 0.12314814814814815 0.0703125
2 0.43333333333333335 0.5828125 0.10925925925925926 0.053125
2 0.46805555555555556 0.5651041666666666 0.06018518518518518 0.041666666666666664
2 0.8189814814814815 0.9002604166666667 0.2916666666666667 0.19947916666666668
2 0.6875 0.7294270833333333 0.1638888888888889 0.10989583333333333
2 0.649074074074074 0.62578125 0.13333333333333333 0.09114583333333333
