2 0.15555555555555556 0.7052083333333333 0.18703703703703703 0.128125
2 0.27546296296296297 0.6111979166666667 0.11388888888888889 0.059895833333333336
2 0.2972222222222222 0.5658854166666667 0.1037037037037037 0.03802083333333333
2 0.3476851851851852 0.5325520833333334 0.06944444444444445 0.034895833333333334
2 0.36666666666666664 0.8822916666666667 0.2388888888888889 0.209375
2 0.40324074074074073 0.7372395833333333 0.16944444444444445 0.11614583333333334
2 0.41388888888888886 0.64765625 0.12222222222222222 0.07135416666666666
2 0.42777777777777776 0.5880208333333333 0.09814814814814815 0.05416666666666667
2 0.46620370370370373 0.5661458333333333 0.075 0.041666666666666664
2 0.8185185185185185 0.8997395833333334 0.28703703703703703 0.20052083333333334
2 0.6851851851851852 0.734375 0.1537037037037037 0.11458333333333333
2 0.6504629629629629 0.6252604166666667 0.13055555555555556 0.09427083333333333
