2 0.31875 0.7685185185185185 0.17135416666666667 0.23703703703703705
2 0.35846354166666666 0.6483796296296296 0.14817708333333332 0.21342592592592594
2 0.38111979166666665 0.5810185185185185 0.14348958333333334 0.20092592592592592
2 0.36640625 0.48055555555555557 0.121875 0.1287037037037037
2 0.3984375 0.39305555555555555 0.0984375 0.15462962962962962
2 0.4473958333333333 0.319212962962963 0.05520833333333333 0.10138888888888889
2 0.026041666666666668 0.40949074074074077 0.049479166666666664 0.1310185185185185
2 0.04791666666666667 0.38125 0.07447916666666667 0.12175925925925926
2 0.10026041666666667 0.3416666666666667 0.07135416666666666 0.10185185185185185
2 0.14231770833333332 0.32708333333333334 0.062239583333333334 0.09953703703703703
2 0.1671875 0.31296296296296294 0.0578125 0.10462962962962963
2 0.20559895833333333 0.3071759259259259 0.04192708333333333 0.08472222222222223
2 0.6408854166666667 0.8532407407407407 0.19427083333333334 0.27314814814814814
2 0.6623697916666667 0.6752314814814815 0.15390625 0.20879629629629629
2 0.6572916666666667 0.5460648148148148 0.1421875 0.17175925925925925
2 0.6055989583333333 0.5094907407407407 0.10234375 0.15694444444444444
2 0.56015625 0.3509259259259259 0.0484375 0.10833333333333334
2 0.7078125 0.3372685185185185 0.042708333333333334 0.10138888888888889
1 0.6360677083333334 0.35810185185185184 0.11119791666666666 0.2023148148148148
1 0.4591145833333333 0.28032407407407406 0.058333333333333334 0.14583333333333334
1 0.551953125 0.30324074074074076 0.05078125 0.09722222222222222
