2 0.2911458333333333 0.861574074074074 0.19375 0.2675925925925926
2 0.34674479166666666 0.7081018518518518 0.16276041666666666 0.22916666666666666
2 0.37526041666666665 0.6224537037037037 0.15260416666666668 0.21342592592592594
2 0.3578125 0.5115740740740741 0.11770833333333333 0.1388888888888889
2 0.39361979166666666 0.412962962962963 0.10286458333333333 0.15833333333333333
2 0.44609375 0.32592592592592595 0.05260416666666667 0.10648148148148148
2 0.04375 0.3835648148148148 0.0828125 0.12175925925925926
2 0.07578125 0.36041666666666666 0.06927083333333334 0.11435185185185186
2 0.12669270833333332 0.32916666666666666 0.06171875 0.09722222222222222
2 0.16822916666666668 0.31666666666666665 0.058333333333333334 0.09259259259259259
2 0.18463541666666666 0.30694444444444446 0.052083333333333336 0.09259259259259259
2 0.22252604166666667 0.30625 0.03619791666666667 0.07546296296296297
2 0.563671875 0.35856481481481484 0.05130208333333333 0.10601851851851851
2 0.6149739583333333 0.5409722222222222 0.11119791666666666 0.1726851851851852
2 0.6665364583333333 0.5879629629629629 0.14921875 0.1962962962962963
2 0.6671875 0.7409722222222223 0.16458333333333333 0.22453703703703703
2 0.666796875 0.9113425925925925 0.22213541666666667 0.17731481481481481
2 0.7138020833333333 0.3384259259259259 0.04583333333333333 0.1037037037037037
1 0.6475260416666667 0.3835648148148148 0.12526041666666668 0.22361111111111112
1 0.45872395833333335 0.2824074074074074 0.05911458333333333 0.1527777777777778
1 0.5557291666666667 0.30671296296296297 0.0546875 0.10416666666666667
