2 0.15324074074074073 0.7083333333333334 0.2064814814814815 0.134375
2 0.2625 0.62265625 0.11203703703703703 0.06510416666666667
2 0.2898148148148148 0.5776041666666667 0.09259259259259259 0.046875
2 0.3416666666666667 0.5309895833333333 0.07037037037037037 0.0359375
2 0.3625 0.890625 0.25092592592592594 0.21875
2 0.4078703703703704 0.7424479166666667 0.1675925925925926 0.10989583333333333
2 0.4152777777777778 0.6486979166666667 0.11944444444444445 0.0734375
2 0.43148148148148147 0.5859375 0.09814814814814815 0.05416666666666667
2 0.46435185185185185 0.5651041666666666 0.075 0.041666666666666664
2 0.8171296296296297 0.8986979166666667 0.287962962962963 0.1984375
2 0.6930555555555555 0.7361979166666667 0.16574074074074074 0.1140625
2 0.6560185185185186 0.62578125 0.11944444444444445 0.09114583333333333
