2 0.15648148148148147 0.7083333333333334 0.1925925925925926 0.13229166666666667
2 0.26342592592592595 0.61796875 0.11388888888888889 0.0640625
2 0.28888888888888886 0.5776041666666667 0.09814814814814815 0.051041666666666666
2 0.3449074074074074 0.5361979166666667 0.0712962962962963 0.0359375
2 0.36712962962962964 0.8880208333333334 0.25833333333333336 0.21145833333333333
2 0.4083333333333333 0.7408854166666666 0.1685185185185185 0.11302083333333333
2 0.4162037037037037 0.6486979166666667 0.125 0.07552083333333333
2 0.4351851851851852 0.5856770833333333 0.10185185185185185 0.0546875
2 0.4652777777777778 0.5643229166666667 0.07314814814814814 0.04010416666666667
2 0.8245370370370371 0.8997395833333334 0.2898148148148148 0.20052083333333334
2 0.6921296296296297 0.7348958333333333 0.16018518518518518 0.11354166666666667
2 0.6564814814814814 0.6276041666666666 0.1388888888888889 0.096875
