2 0.3916015625 0.7941176470588235 0.27734375 0.34705882352941175
2 0.3134765625 0.674264705882353 0.1796875 0.20441176470588235
2 0.4716796875 0.6375 0.17578125 0.18382352941176472
2 0.6875 0.7 0.244140625 0.16470588235294117
2 0.69287109375 0.8720588235294118 0.4169921875 0.25588235294117645
2 0.892578125 0.7852941176470588 0.21484375 0.4264705882352941
2 0.83154296875 0.5955882352941176 0.2392578125 0.1323529411764706
2 0.1962890625 0.5095588235294117 0.08984375 0.09852941176470588
2 0.19189453125 0.6411764705882353 0.0556640625 0.2411764705882353
2 0.51318359375 0.6566176470588235 0.0673828125 0.19558823529411765
2 0.5947265625 0.5948529411764706 0.05078125 0.14558823529411766
1 0.47314453125 0.45 0.0986328125 0.10294117647058823
