2 0.774 0.9518072289156626 0.108 0.08734939759036145
2 0.402 0.6385542168674698 0.044 0.05421686746987952
2 0.578 0.6551204819277109 0.06 0.045180722891566265
2 0.218 0.8614457831325302 0.012 0.04216867469879518
2 0.205 0.9427710843373494 0.108 0.11144578313253012
2 0.327 0.5677710843373494 0.018 0.02710843373493976
2 0.343 0.5436746987951807 0.022 0.024096385542168676
2 0.061 0.5542168674698795 0.032 0.02108433734939759
2 0.49 0.6671686746987951 0.038 0.03313253012048193
1 0.00041687999999999995 0.002846840361445783 0.00020968 0.00033041867469879517
2 0.369 0.5406626506024096 0.03 0.015060240963855422
2 0.112 0.5662650602409639 0.024 0.02108433734939759
2 0.546 0.5421686746987951 0.032 0.02710843373493976
