1 0.24609375 0.628125 0.0703125 0.19166666666666668
1 0.3921875 0.6052083333333333 0.05625 0.15416666666666667
1 0.5234375 0.546875 0.04375 0.17708333333333334
1 0.5875 0.5739583333333333 0.0421875 0.14166666666666666
1 0.6265625 0.5072916666666667 0.0203125 0.08541666666666667
2 0.7046875 0.47708333333333336 0.128125 0.14791666666666667
2 0.78125 0.44895833333333335 0.0515625 0.05416666666666667
2 0.446875 0.4708333333333333 0.046875 0.10208333333333333
2 0.09140625 0.796875 0.175 0.375
2 0.48046875 0.415625 0.053125 0.035416666666666666
2 0.64453125 0.43020833333333336 0.028125 0.04791666666666667
1 0.001461609375 0.0008415354166666667 0.00020178281250000002 0.00047074583333333334
1 0.28984375 0.61875 0.0296875 0.15
1 0.3640625 0.478125 0.0203125 0.016666666666666666
1 0.6109375 0.5458333333333333 0.009375 0.025
2 0.4875 0.48333333333333334 0.034375 0.13958333333333334
2 0.001421253125 0.0012920145833333334 0.0002824953125 0.0005821187500000001
2 0.83828125 0.453125 0.06875 0.075
2 0.4421875 0.396875 0.040625 0.03125
2 0.440625 0.365625 0.01875 0.020833333333333332
2 0.671875 0.40625 0.034375 0.020833333333333332
