2 0.15546875 0.7047058823529412 0.1890625 0.3129411764705882
2 0.378125 0.6023529411764705 0.0640625 0.08941176470588236
2 0.1296875 0.5388235294117647 0.140625 0.08705882352941176
2 0.94453125 0.7529411764705882 0.1109375 0.1411764705882353
2 0.0014546390625000002 0.001996955294117647 0.00021572343749999998 0.0007119717647058824
2 0.0006037593750000001 0.0019265058823529412 0.00043832968749999996 0.0008528729411764706
2 0.0014693 0.00159892 0.0001864015625 0.0003529411764705882
2 0.06328125 0.6223529411764706 0.0609375 0.13647058823529412
1 0.18125 0.7176470588235294 0.1984375 0.34823529411764703
1 0.83203125 0.5705882352941176 0.0875 0.16470588235294117
