2 0.5402884615384616 0.7144743276283619 0.14957417582417581 0.20645476772616136
2 0.409793956043956 0.47540342298288507 0.09615384615384616 0.1466992665036675
2 0.5120604395604396 0.47814180929095357 0.09005494505494506 0.1466992665036675
2 0.8630906593406594 0.8638875305623471 0.12667582417582418 0.19559902200489
2 0.4296428571428571 0.3518092909535452 0.08699175824175824 0.09508557457212714
2 0.5227472527472528 0.33007334963325186 0.07478021978021977 0.09508557457212714
2 0.554793956043956 0.28117359413202936 0.07173076923076922 0.10051344743276283
2 0.6120329670329671 0.252640586797066 0.0732554945054945 0.08149144254278728
2 0.49603021978021977 0.22684596577017116 0.057994505494505494 0.07334963325183375
2 0.3327197802197802 0.218679706601467 0.057994505494505494 0.07334963325183375
2 0.37317307692307694 0.19559902200489 0.050370879120879127 0.06520782396088019
2 0.27625 0.17794621026894866 0.04578296703296703 0.06249388753056234
2 0.24343406593406594 0.19831295843520783 0.04425824175824176 0.054327628361858185
2 0.22130494505494508 0.33958435207823956 0.04884615384615385 0.0869437652811736
1 0.188489010989011 0.17657701711491441 0.05342032967032967 0.07606356968215158
1 0.855467032967033 0.6193887530562348 0.12362637362637363 0.19559902200489
2 0.333489010989011 0.35860635696821513 0.03510989010989011 0.07606356968215158
2 0.14880494505494504 0.17794621026894866 0.024423076923076926 0.04075794621026895
2 0.12362637362637363 0.1704645476772616 0.02289835164835165 0.03938875305623472
2 0.0984478021978022 0.16706601466992665 0.0320467032967033 0.046185819070904646
2 0.16178571428571428 0.15484107579462103 0.03510989010989011 0.046185819070904646
