2 0.5179573512906847 0.7868318122555411 0.30864197530864196 0.3324641460234681
2 0.044332210998877665 0.8676662320730117 0.08417508417508418 0.22294654498044328
2 0.1644219977553311 0.834419817470665 0.25252525252525254 0.2138200782268579
2 0.3069584736251403 0.7953063885267275 0.12008978675645342 0.13820078226857888
2 0.7934904601571269 0.7320730117340287 0.06734006734006734 0.07692307692307693
2 0.9068462401795735 0.7431551499348109 0.11672278338945005 0.0938722294654498
1 0.5050505050505051 0.7640156453715776 0.08754208754208755 0.02607561929595828
1 0.9158249158249159 0.7640156453715776 0.029180695847362513 0.010430247718383311
1 0.7066778900112233 0.7896088657105607 0.04666666666666666 0.084993481095176
1 0.7057575757575758 0.7719687092568449 0.01841750841750842 0.010195567144719687
1 0.9738945005611672 0.743780964797914 0.026442199775533106 0.05131681877444589
