2 0.4365020576131687 0.4204126213592233 0.08916323731138547 0.10575242718446602
2 0.6452126200274348 0.47502427184466023 0.09308641975308642 0.12483009708737865
2 0.44042524005486966 0.35021844660194174 0.07544581618655692 0.07975728155339806
2 0.8166803840877915 0.4941019417475728 0.10876543209876544 0.14910194174757282
2 0.7578875171467764 0.6622815533980583 0.11267489711934156 0.15257281553398058
1 0.7216323731138546 0.3085922330097087 0.06956104252400548 0.10055825242718447
2 0.4218106995884774 0.24099514563106797 0.06368998628257888 0.07281553398058252
2 0.30668038408779147 0.21150485436893204 0.04703703703703704 0.05895631067961165
1 0.5085185185185185 0.6770145631067961 0.14305898491083677 0.18898058252427186
2 0.23123456790123456 0.29820388349514565 0.05486968449931413 0.06934466019417476
2 0.14942386831275722 0.2999271844660194 0.04212620027434842 0.06934466019417476
2 0.21115226337448562 0.1707766990291262 0.03037037037037037 0.043349514563106796
2 0.06123456790123457 0.19936893203883496 0.022537722908093277 0.04854368932038835
2 0.14893004115226335 0.17597087378640777 0.03331961591220851 0.03987864077669903
2 0.6721536351165981 0.32594660194174757 0.031358024691358025 0.062402912621359226
2 0.438957475994513 0.18031553398058253 0.0411522633744856 0.045072815533980584
2 0.39192043895747597 0.19764563106796118 0.06662551440329219 0.06934466019417476
