2 0.23311813186813188 0.18963503649635036 0.03151098901098901 0.04722627737226277
2 0.2682554945054945 0.17676399026763992 0.04524725274725275 0.055815085158150854
2 0.25776098901098904 0.19394160583941605 0.012925824175824175 0.04437956204379562
2 0.1935164835164835 0.185352798053528 0.033131868131868136 0.05294403892944039
2 0.1644368131868132 0.18676399026763993 0.028282967032967034 0.04437956204379562
2 0.12645604395604396 0.17961070559610703 0.021813186813186815 0.04437956204379562
2 0.14302197802197802 0.17890510948905108 0.019395604395604393 0.03435523114355231
1 0.1704945054945055 0.15457420924574208 0.04362637362637363 0.04866180048661801
2 0.30421703296703295 0.16961070559610705 0.020206043956043956 0.05294403892944039
2 0.08968406593406594 0.1688807785888078 0.02424450549450549 0.04866180048661801
2 0.10989010989010989 0.17746958637469587 0.021002747252747252 0.04007299270072993
