2 0.041159999999999995 0.49108108108108106 0.0823 0.1731231231231231
2 0.0286 0.37675675675675674 0.05718 0.0963963963963964
2 0.2409 0.3501201201201201 0.29356 0.19363363363363364
2 0.5452400000000001 0.5066366366366366 0.62694 0.4034234234234234
2 0.5621 0.307027027027027 0.09598000000000001 0.038198198198198204
2 0.6682 0.31585585585585585 0.11756 0.08762762762762763
2 0.76798 0.3296096096096096 0.13796 0.09837837837837837
2 0.83466 0.29567567567567565 0.05992 0.03666666666666667
2 0.853 0.34549549549549546 0.12481999999999999 0.10804804804804805
2 0.9347000000000001 0.3946246246246246 0.13058 0.17453453453453452
2 0.9216 0.3017117117117117 0.062020000000000006 0.05579579579579579
2 0.9614400000000001 0.2955855855855856 0.04996 0.054144144144144146
2 0.98764 0.2966966966966967 0.0247 0.05282282282282282
