2 0.499 0.5866141732283464 0.998 0.821522309711286
2 0.614 0.21128608923884515 0.768 0.3753280839895013
2 0.385 0.02230971128608924 0.082 0.04461942257217848
2 0.461 0.02230971128608924 0.082 0.04461942257217848
2 0.546 0.02099737532808399 0.072 0.04199475065616798
2 0.658 0.014435695538057743 0.076 0.028871391076115485
2 0.748 0.01968503937007874 0.068 0.03937007874015748
2 0.895 0.013123359580052493 0.078 0.026246719160104987
2 0.955 0.01706036745406824 0.054 0.03412073490813648
2 0.984 0.01968503937007874 0.028 0.03937007874015748
