2 0.922 0.44594594594594594 0.152 0.2672672672672673
1 0.535 0.6996996996996997 0.422 0.32432432432432434
2 0.8 0.34534534534534533 0.148 0.12012012012012012
2 0.323 0.2852852852852853 0.174 0.09009009009009009
2 0.479 0.24924924924924924 0.066 0.05405405405405406
2 0.429 0.23873873873873874 0.082 0.06906906906906907
2 0.527 0.24474474474474475 0.062 0.04504504504504504
2 0.545 0.25225225225225223 0.03 0.042042042042042045
2 0.603 0.23873873873873874 0.042 0.06306306306306306
2 0.632 0.24174174174174173 0.04 0.05105105105105105
