2 0.3689167974882261 0.48257839721254364 0.4689952904238619 0.5400696864111499 0.4788069073783359 0.6411149825783973 0.4415227629513344 0.6933797909407666 0.31789638932496067 0.6202090592334495 0.3169152276295133 0.5418118466898955
2 0.3532142857142857 0.3736829268292683 0.08438186813186813 0.10975609756097561
2 0.5107005494505494 0.2613170731707317 0.08339285714285714 0.08709756097560976
2 0.3551785714285714 0.23868292682926828 0.05101648351648352 0.0836341463414634
2 0.41748626373626374 0.19860975609756099 0.06965659340659341 0.08709756097560976
2 0.2624587912087912 0.19860975609756099 0.04611263736263736 0.05924390243902439
2 0.30857142857142855 0.18465853658536585 0.03826923076923077 0.05226829268292683
2 0.20850274725274723 0.19075609756097558 0.036304945054945054 0.04704878048780488
2 0.2403846153846154 0.17421951219512197 0.035315934065934064 0.04529268292682927
2 0.32623626373626374 0.20209756097560974 0.04023351648351648 0.05924390243902439
2 0.1638598901098901 0.18292682926829268 0.02550824175824176 0.04529268292682927
1 0.5783928571428572 0.40853658536585363 0.16581043956043956 0.20034146341463416
2 0.4621291208791209 0.852780487804878 0.1589423076923077 0.22473170731707318
2 0.609793956043956 0.8074878048780487 0.06574175824175824 0.11673170731707316
2 0.9631043956043955 0.8222926829268292 0.07377747252747253 0.17770731707317072
2 0.9645741758241759 0.6951219512195121 0.07083791208791208 0.1289268292682927
