1 0.22994129158512724 0.31553398058252435 0.2876712328767124 0.27045769764216365 0.315068493150685 0.3502080443828016 0.2553816046966733 0.41262135922330095
1 0.5552876712328767 0.2513834951456311 0.0636027397260274 0.13521844660194174
2 0.6081232876712329 0.24444174757281553 0.05772602739726027 0.0866747572815534
2 0.2451095890410959 0.19851941747572818 0.03816438356164383 0.0537378640776699
2 0.1643835616438356 0.1837621359223301 0.03131506849315068 0.045072815533980584
2 0.30283561643835616 0.1638349514563107 0.03424657534246575 0.043349514563106796
2 0.5225068493150685 0.16817961165048545 0.035219178082191785 0.06934466019417476
2 0.5802328767123287 0.11182038834951456 0.029356164383561645 0.0537378640776699
2 0.5694657534246576 0.15864077669902912 0.03717808219178082 0.05720873786407767
2 0.545986301369863 0.14216019417475728 0.019575342465753424 0.04160194174757282
1 0.613986301369863 0.11269417475728155 0.040123287671232875 0.06934466019417476
1 0.19863013698630136 0.1837621359223301 0.043054794520547945 0.062402912621359226
