1 0.45338541666666665 0.711574074074074 0.0984375 0.13425925925925927
1 0.6377604166666667 0.5375 0.0546875 0.075
1 0.1765625 0.9226851851851852 0.13229166666666667 0.1527777777777778
1 0.715625 0.4597222222222222 0.03958333333333333 0.05462962962962963
1 0.75546875 0.35185185185185186 0.0234375 0.037037037037037035
1 0.7760416666666666 0.33796296296296297 0.026041666666666668 0.03518518518518519
1 0.7908854166666667 0.41064814814814815 0.028645833333333332 0.03611111111111111
1 0.79575 0.3168611111111111 0.026916666666666665 0.046685185185185184
1 0.8228151041666667 0.29971759259259256 0.016463541666666668 0.02350925925925926
1 0.8585677083333334 0.33288888888888885 0.02546875 0.052814814814814814
1 0.854328125 0.29923611111111115 0.012822916666666666 0.020694444444444446
1 0.6287864583333334 0.37907870370370367 0.046114583333333334 0.05815740740740741
1 0.8709166666666667 0.2924398148148148 0.009541666666666667 0.01636111111111111
1 0.8201197916666667 0.33682407407407405 0.020447916666666666 0.04031481481481482
