1 0.36171703296703295 0.5162682926829268 0.04273351648351648 0.10026829268292682
2 0.45012362637362635 0.2908048780487805 0.0718543956043956 0.07880487804878049
2 0.5964697802197803 0.3039512195121951 0.0898076923076923 0.0825609756097561
2 0.3682417582417582 0.1951219512195122 0.04120879120879121 0.07129268292682928
2 0.7222115384615384 0.3048780487804878 0.06656593406593407 0.09568292682926828
2 0.27789835164835164 0.5225121951219512 0.09086538461538463 0.11819512195121952
1 0.42212912087912086 0.6416585365853659 0.10250000000000001 0.15385365853658536
2 0.1600824175824176 0.5900487804878048 0.08770604395604396 0.12570731707317073
2 0.2662774725274725 0.6923170731707318 0.11623626373626374 0.15760975609756098
2 0.20498626373626372 0.1904390243902439 0.0401510989010989 0.05065853658536585
2 0.25781593406593406 0.1801219512195122 0.03592032967032967 0.05629268292682926
2 0.27578296703296706 0.15478048780487805 0.0317032967032967 0.04314634146341464
1 0.46122252747252745 0.2176341463414634 0.05177197802197802 0.06378048780487805
2 0.4210714285714286 0.17541463414634148 0.06233516483516484 0.05441463414634146
2 0.5832692307692308 0.1125609756097561 0.027472527472527472 0.05629268292682926
2 0.3143543956043956 0.16229268292682927 0.03276098901098901 0.046902439024390244
2 0.14528846153846153 0.15665853658536585 0.02429945054945055 0.03939024390243902
2 0.09509615384615386 0.22419512195121952 0.02535714285714286 0.046902439024390244
2 0.06762362637362637 0.2026341463414634 0.01690934065934066 0.03751219512195122
2 0.06392857142857143 0.1698048780487805 0.01796703296703297 0.02814634146341463
2 0.10196428571428572 0.16697560975609754 0.02008241758241758 0.03751219512195122
2 0.08291208791208791 0.15941463414634147 0.014711538461538463 0.036585365853658534
2 0.06965659340659341 0.2822195121951219 0.045137362637362635 0.09058536585365853
