2 0.311275720164609 0.18426183844011143 0.033772290809327844 0.05142061281337047
2 0.27117969821673527 0.20997214484679663 0.04220850480109739 0.06428969359331475
2 0.2242249657064472 0.2003342618384401 0.02849108367626886 0.044986072423398325
2 0.18149519890260632 0.1992757660167131 0.027434842249657063 0.04284122562674095
2 0.15844993141289437 0.20891364902506965 0.021454046639231825 0.044986072423398325
2 0.5395473251028806 0.1371309192200557 0.03165980795610425 0.05142061281337047
1 0.5801783264746228 0.11676880222841227 0.04326474622770919 0.09643454038997214
2 0.6171056241426612 0.13821727019498606 0.024266117969821675 0.05785515320334262
2 0.6366255144032922 0.09643454038997214 0.027434842249657063 0.06
1 0.6149931412894376 0.08571030640668524 0.02849108367626886 0.04713091922005572
2 0.5147462277091907 0.1703342618384401 0.015829903978052125 0.049275766016713095
