1 0.7760416666666666 0.33796296296296297 0.028125 0.037037037037037035
1 0.7541666666666667 0.3523148148148148 0.025 0.03981481481481482
1 0.5869791666666667 0.4949074074074074 0.06041666666666667 0.07314814814814814
1 0.55446875 0.3049444444444444 0.05164583333333333 0.0635925925925926
1 0.641234375 0.6132962962962963 0.17622395833333335 0.29140740740740745
1 0.817359375 0.3113518518518518 0.017005208333333334 0.024564814814814817
1 0.7953541666666666 0.3178240740740741 0.029249999999999998 0.05045370370370371
1 0.8449947916666667 0.31378703703703703 0.012906250000000001 0.025722222222222223
1 0.5576510416666667 0.6092407407407407 0.06634374999999999 0.09439814814814815
1 0.6413437500000001 0.5177499999999999 0.018104166666666664 0.037361111111111116
1 0.4477760416666667 0.7814444444444445 0.033046875 0.09065740740740741
1 0.8254635416666667 0.29863888888888884 0.013427083333333334 0.02135185185185185
1 0.8530104166666667 0.27841666666666665 0.010187499999999999 0.014240740740740741
