2 0.44572602739726025 0.25890243902439025 0.056904109589041095 0.07129268292682928
2 0.5326712328767124 0.29643902439024394 0.04742465753424657 0.0975609756097561
2 0.2803013698630137 0.28141463414634144 0.056904109589041095 0.07129268292682928
2 0.21654794520547946 0.4296341463414634 0.0706027397260274 0.09004878048780489
2 0.5400410958904109 0.15573170731707317 0.0410958904109589 0.04878048780487805
2 0.5727123287671233 0.12287804878048782 0.036876712328767124 0.05065853658536585
2 0.5943150684931507 0.09848780487804878 0.0273972602739726 0.046902439024390244
2 0.44572602739726025 0.20639024390243904 0.0547945205479452 0.06004878048780488
2 0.4973698630136986 0.19419512195121952 0.04846575342465754 0.0844390243902439
2 0.2276027397260274 0.2073170731707317 0.035821917808219174 0.05065853658536585
2 0.2465753424657534 0.19231707317073168 0.03161643835616438 0.03939024390243902
1 0.26343835616438355 0.17729268292682926 0.04004109589041096 0.046902439024390244
2 0.19072602739726027 0.20168292682926828 0.03161643835616438 0.046902439024390244
2 0.16754794520547944 0.19699999999999998 0.01897260273972603 0.04126829268292683
1 0.0827123287671233 0.3067560975609756 0.043205479452054794 0.06941463414634147
2 0.9683835616438355 0.7195121951219512 0.056904109589041095 0.1144390243902439
2 0.196 0.1698048780487805 0.0273972602739726 0.031902439024390244
