1 0.21396978021978022 0.31426829268292683 0.03697802197802198 0.08817073170731707
2 0.28582417582417585 0.3095609756097561 0.06868131868131869 0.07504878048780488
2 0.33442307692307693 0.2682926829268293 0.06233516483516484 0.07880487804878049
2 0.4754807692307692 0.22607317073170732 0.05282967032967033 0.0806829268292683
2 0.5811538461538461 0.3133170731707317 0.0718543956043956 0.1125609756097561
2 0.5299038461538461 0.24765853658536588 0.03909340659340659 0.09380487804878049
2 0.588543956043956 0.25234146341463415 0.05282967032967033 0.0806829268292683
1 0.5404670329670329 0.17541463414634148 0.06233516483516484 0.10695121951219512
2 0.5705769230769231 0.12195121951219512 0.03803571428571429 0.05629268292682926
2 0.2525412087912088 0.1951219512195122 0.03803571428571429 0.05629268292682926
2 0.28423076923076923 0.17824390243902438 0.042266483516483516 0.05629268292682926
2 0.21660714285714286 0.1932439024390244 0.02958791208791209 0.05253658536585366
2 0.18967032967032968 0.1885609756097561 0.030645604395604393 0.058170731707317076
2 0.15744505494505495 0.17073170731707318 0.023241758241758243 0.045024390243902444
2 0.6260576923076923 0.106 0.026414835164835164 0.06190243902439024
