2 0.2871467764060357 0.28860975609756095 0.05120713305898491 0.06017073170731708
2 0.23045267489711935 0.33007317073170733 0.06766803840877915 0.06178048780487804
2 0.17375857338820302 0.38456097560975605 0.045720164609053496 0.06992682926829269
2 0.41838134430727025 0.2552926829268293 0.06492455418381345 0.06829268292682927
2 0.4947462277091907 0.21707317073170732 0.04938271604938271 0.06665853658536584
2 0.5345267489711935 0.3065121951219512 0.05030178326474623 0.09919512195121952
2 0.40283950617283953 0.33251219512195124 0.06858710562414266 0.10895121951219512
1 0.13717421124828533 0.6121951219512195 0.10058984910836763 0.14146341463414633
1 0.12986282578875172 0.7552926829268293 0.038408779149519894 0.0796829268292683
2 0.21079561042524003 0.187 0.0393278463648834 0.055292682926829276
2 0.2542249657064472 0.19348780487804879 0.03292181069958848 0.06178048780487804
2 0.27983539094650206 0.17885365853658536 0.03292181069958848 0.045536585365853664
2 0.1795747599451303 0.18514634146341463 0.027434842249657063 0.051000000000000004
2 0.15275720164609052 0.17517073170731706 0.02618655692729767 0.05321951219512195
2 0.02307270233196159 0.25278048780487805 0.02119341563786008 0.044341463414634144
2 0.30925925925925923 0.16185365853658537 0.034910836762688614 0.04878048780487805
