2 0.6515775034293553 0.3189051094890511 0.07054869684499314 0.10253041362530414
2 0.25817558299039783 0.4631630170316302 0.08916323731138547 0.13034063260340634
2 0.5295884773662551 0.3223844282238443 0.07544581618655692 0.11992700729927007
2 0.25083676268861455 0.19464720194647203 0.03526748971193416 0.06603406326034063
2 0.2758161865569273 0.1805596107055961 0.03821673525377229 0.06569343065693431
2 0.0670644718792867 0.23790754257907543 0.027434842249657063 0.06489051094890512
2 0.21643347050754458 0.18788321167883212 0.030480109739369 0.0567639902676399
2 0.1897530864197531 0.1689537712895377 0.02895747599451303 0.0567639902676399
2 0.5426063100137174 0.2514111922141119 0.05791495198902606 0.11355231143552312
1 0.6073799725651577 0.24600973236009732 0.07467764060356652 0.11895377128953771
2 0.16347050754458162 0.16525547445255476 0.025144032921810697 0.050681265206812647
2 0.14632373113854596 0.16423357664233576 0.018285322359396432 0.04866180048661801
1 0.11545953360768176 0.15613138686131386 0.029725651577503433 0.0567639902676399
