1 0.069013698630137 0.2842439024390244 0.04531506849315068 0.08817073170731707
1 0.4056849315068493 0.17260975609756096 0.016863013698630136 0.045024390243902444
2 0.5626986301369863 0.12570731707317073 0.03372602739726027 0.06753658536585366
2 0.606958904109589 0.11539024390243903 0.03372602739726027 0.06190243902439024
2 0.28187671232876715 0.1810487804878049 0.038986301369863016 0.058170731707317076
2 0.2518493150684931 0.1951219512195122 0.04636986301369863 0.06004878048780488
2 0.21812328767123287 0.19419512195121952 0.0273972602739726 0.046902439024390244
2 0.1938904109589041 0.1885609756097561 0.0273972602739726 0.046902439024390244
2 0.16543835616438354 0.19136585365853656 0.01897260273972603 0.03751219512195122
2 0.14383561643835616 0.1810487804878049 0.02634246575342466 0.03939024390243902
2 0.1232876712328767 0.17824390243902438 0.01897260273972603 0.03751219512195122
2 0.1059041095890411 0.17917073170731707 0.022123287671232873 0.03939024390243902
