1 0.2957447916666667 0.8437638888888889 0.12378125 0.15234259259259259
1 0.19951302083333333 0.7758148148148148 0.12402604166666667 0.14051851851851851
1 0.41168750000000004 0.6308194444444444 0.08587499999999999 0.10052777777777777
1 0.8203567708333334 0.3041759259259259 0.014671875000000001 0.019462962962962963
1 0.5230286458333333 0.5580462962962963 0.060640625000000004 0.09201851851851851
1 0.7804036458333333 0.33736574074074077 0.017057291666666665 0.03769444444444445
1 0.7547317708333333 0.3536157407407407 0.024046875000000002 0.03871296296296296
1 0.8569791666666667 0.2735648148148148 0.006666666666666667 0.011944444444444445
1 0.8081927083333333 0.48805092592592597 0.04867708333333333 0.06684259259259259
1 0.7454401041666666 0.49047685185185186 0.05233854166666666 0.0661388888888889
1 0.6061744791666667 0.664162037037037 0.25505729166666663 0.33573148148148146
1 0.8595859375 0.31763425925925926 0.012921875 0.020453703703703703
1 0.5802604166666666 0.30554166666666666 0.043854166666666666 0.04812037037037037
1 0.8769375 0.2740648148148148 0.005958333333333333 0.011092592592592593
1 0.5551145833333333 0.29447685185185185 0.023770833333333335 0.02599074074074074
1 0.85740625 0.29444444444444445 0.007520833333333333 0.012962962962962963
1 0.5940807291666667 0.5472083333333333 0.11316145833333334 0.17404629629629628
1 0.5763125 0.4859907407407407 0.0495 0.060870370370370366
1 0.6618177083333333 0.3830601851851852 0.05280208333333333 0.06982407407407407
1 0.7692083333333334 0.3444351851851852 0.016541666666666666 0.03701851851851851
1 0.8707994791666667 0.2632685185185185 0.007223958333333333 0.009870370370370371
1 0.866765625 0.2871759259259259 0.007489583333333333 0.013240740740740742
1 0.827140625 0.29954166666666665 0.010531249999999999 0.019453703703703706
1 0.8340703125 0.2936388888888889 0.011890624999999998 0.01875925925925926
1 0.8776328125 0.2559490740740741 0.0052656249999999995 0.010046296296296296
1 0.8825598958333334 0.2506388888888889 0.004703125 0.008685185185185186
1 0.8793723958333334 0.26831944444444444 0.005619791666666666 0.010712962962962964
1 0.8839583333333334 0.26176388888888885 0.005416666666666667 0.006861111111111111
1 0.8884479166666667 0.2576759259259259 0.005020833333333334 0.009796296296296296
