2 0.3151648351648352 0.35279805352798055 0.07478021978021977 0.1000243309002433
2 0.5753983516483516 0.5258150851581509 0.12820054945054946 0.1432846715328467
2 0.13506868131868133 0.29603406326034065 0.03510989010989011 0.06218978102189781
2 0.15567307692307691 0.26223844282238445 0.03968406593406593 0.05946472019464721
2 0.3983516483516483 0.20681265206812652 0.061043956043956044 0.07839416058394161
2 0.4288736263736264 0.170316301703163 0.04884615384615385 0.07029197080291971
2 0.4922115384615384 0.1527493917274939 0.06563186813186814 0.06759124087591241
2 0.6768956043956044 0.28116788321167885 0.07784340659340659 0.09732360097323602
2 0.8241758241758241 0.3568613138686131 0.06715659340659341 0.11355231143552312
2 0.08164835164835164 0.2662773722627737 0.025947802197802197 0.045961070559610705
2 0.36096153846153844 0.17167883211678833 0.050370879120879127 0.06759124087591241
2 0.3090659340659341 0.16761557177615571 0.04730769230769231 0.0540632603406326
2 0.05723901098901099 0.23790754257907543 0.02289835164835165 0.04866180048661801
2 0.34875 0.7285644768856447 0.13888736263736265 0.18111922141119222
2 0.3663049450549451 0.5853041362530413 0.10072802197802197 0.1270559610705596
2 0.9569642857142857 0.5690754257907542 0.08241758241758242 0.15951338199513382
2 0.2415247252747253 0.17335766423357665 0.04578296703296703 0.05880778588807786
2 0.10759615384615384 0.22304136253041362 0.027472527472527472 0.044598540145985396
2 0.1963186813186813 0.6984914841849148 0.1201923076923077 0.11557177615571776
1 0.1985989010989011 0.5312165450121655 0.14995879120879121 0.2149148418491484
2 0.5397252747252748 0.9164720194647202 0.15682692307692309 0.15815085158150852
2 0.0729120879120879 0.20773722627737226 0.019024725274725273 0.041167883211678837
