2 0.5182167352537722 0.8875365853658537 0.15545953360768175 0.21951219512195122
2 0.37570644718792867 0.7005365853658537 0.11430727023319616 0.15446341463414634
2 0.49916323731138545 0.6748048780487805 0.10821673525377229 0.1734390243902439
2 0.7727434842249657 0.6680243902439024 0.12193415637860082 0.14904878048780487
2 0.8215226337448559 0.5975609756097561 0.10973936899862825 0.17073170731707318
2 0.4458161865569273 0.42275609756097565 0.08078189300411523 0.10839024390243902
2 0.5822222222222222 0.6219512195121951 0.1127846364883402 0.13278048780487806
2 0.647764060356653 0.2859024390243902 0.09145404663923183 0.09485365853658537
2 0.24995884773662552 0.3319756097560976 0.05791495198902606 0.08399999999999999
2 0.31626886145404665 0.46748780487804875 0.08382716049382716 0.10568292682926829
2 0.2872976680384088 0.5433658536585366 0.1021124828532236 0.10568292682926829
2 0.23853223593964332 0.6273658536585367 0.08993141289437587 0.09485365853658537
2 0.1493689986282579 0.2628780487804878 0.030480109739369 0.05419512195121951
2 0.45584362139917695 0.17073170731707318 0.04432098765432099 0.06004878048780488
2 0.37617283950617286 0.22419512195121952 0.05170096021947874 0.07317073170731707
2 0.6183401920438957 0.721390243902439 0.04432098765432099 0.10319512195121952
2 0.9406995884773662 0.43058536585365853 0.08124828532235939 0.1106829268292683
2 0.3898902606310014 0.17260975609756096 0.06015089163237312 0.06378048780487805
2 0.1799039780521262 0.17165853658536584 0.05170096021947874 0.06190243902439024
2 0.16883401920438956 0.5834878048780487 0.10973936899862825 0.14258536585365855
2 0.1013031550068587 0.21670731707317073 0.025322359396433472 0.05441463414634146
2 0.4890809327846365 0.15760975609756098 0.024266117969821675 0.04878048780487805
2 0.23056241426611798 0.16885365853658538 0.0411522633744856 0.06753658536585366
2 0.05329218106995885 0.16792682926829267 0.020054869684499314 0.03565853658536585
2 0.5291769547325103 0.12758536585365854 0.030603566529492452 0.045024390243902444
