2 0.2737311385459534 0.2915853658536585 0.05611796982167352 0.07760975609756098
2 0.5408641975308642 0.2926829268292683 0.05486968449931413 0.0975609756097561
2 0.5011796982167352 0.2064390243902439 0.04017832647462277 0.0714390243902439
2 0.5589849108367627 0.196 0.04801097393689986 0.06795121951219513
2 0.27827160493827163 0.18031707317073173 0.03722908093278464 0.05748780487804878
2 0.19106995884773662 0.18031707317073173 0.031358024691358025 0.05051219512195122
2 0.30570644718792866 0.16290243902439025 0.029396433470507546 0.054
2 0.10924554183813444 0.6341463414634146 0.08916323731138547 0.14982926829268292
2 0.5888751714677641 0.23868292682926828 0.048984910836762686 0.08014634146341464
2 0.5550617283950617 0.10975609756097561 0.03233196159122085 0.05924390243902439
2 0.5972016460905349 0.0696829268292683 0.03037037037037037 0.05924390243902439
2 0.12052126200274349 0.17682926829268292 0.029396433470507546 0.04007317073170732
1 0.09455418381344308 0.29180487804878047 0.0538957475994513 0.09582926829268293
2 0.23613168724279834 0.17682926829268292 0.03526748971193416 0.05748780487804878
2 0.15382716049382716 0.17421951219512197 0.027434842249657063 0.05226829268292683
