1 0.34713541666666664 0.8023148148148148 0.1234375 0.14537037037037037
1 0.4947916666666667 0.5740740740740741 0.07916666666666666 0.09814814814814815
1 0.5794270833333334 0.6888888888888889 0.07864583333333333 0.1111111111111111
1 0.60546875 0.5462962962962963 0.08489583333333334 0.13148148148148148
1 0.6645833333333333 0.5972222222222222 0.058333333333333334 0.09074074074074075
1 0.7333333333333333 0.4708333333333333 0.042708333333333334 0.05648148148148148
1 0.77421875 0.3375 0.03177083333333333 0.03796296296296296
1 0.7526041666666666 0.35185185185185186 0.029166666666666667 0.040740740740740744
1 0.81809375 0.3126759259259259 0.017442708333333334 0.027203703703703702
1 0.7978072916666666 0.3183240740740741 0.02790625 0.04961111111111111
1 0.86653125 0.2640648148148148 0.009109375 0.01700925925925926
1 0.83565625 0.29005555555555557 0.010895833333333334 0.015296296296296296
1 0.8657447916666666 0.2905833333333333 0.008572916666666668 0.0145
1 0.8833802083333333 0.26284259259259257 0.0063437499999999996 0.00900925925925926
1 0.8262239583333333 0.2978425925925926 0.013901041666666667 0.019759259259259258
1 0.8255520833333333 0.4976851851851852 0.04172395833333333 0.06836111111111111
