1 0.28098958333333335 0.8513888888888889 0.1265625 0.1638888888888889
1 0.3528645833333333 0.6708333333333333 0.1296875 0.15648148148148147
1 0.5697916666666667 0.6861111111111111 0.1 0.12222222222222222
1 0.5986979166666667 0.5680555555555555 0.058854166666666666 0.08796296296296297
1 0.7807526041666667 0.33749074074074076 0.018796875 0.03424074074074074
1 0.8577395833333333 0.3243287037037037 0.0269375 0.04680555555555555
1 0.7675651041666666 0.45734722222222224 0.029921875 0.04432407407407407
1 0.7555286458333333 0.3514861111111111 0.02459895833333333 0.036305555555555556
1 0.796921875 0.3184212962962963 0.027177083333333334 0.049805555555555554
1 0.8176380208333334 0.31119444444444444 0.016526041666666668 0.027944444444444445
1 0.894109375 0.2781064814814815 0.015302083333333332 0.026583333333333334
