2 0.41529573590096286 0.7823658536585365 0.13649243466299862 0.18760975609756098
2 0.18517193947730398 0.679170731707317 0.11004126547455295 0.1163170731707317
2 0.3100137551581843 0.342390243902439 0.05713892709766162 0.0806829268292683
2 0.9470426409903714 0.7082439024390244 0.10591471801925723 0.14070731707317072
2 0.2812104539202201 0.16936585365853657 0.04584594222833562 0.05690243902439024
2 0.23231086657496558 0.1775121951219512 0.039738651994497935 0.05148780487804878
2 0.16506189821182943 0.16260975609756098 0.02140302613480055 0.03795121951219512
1 0.45444291609353504 0.14914634146341463 0.14072902338376891 0.1106829268292683
2 0.5798349381017882 0.11819512195121952 0.029628610729023383 0.04878048780487805
2 0.6168638239339752 0.11819512195121952 0.035969738651994494 0.06004878048780488
2 0.12379642365887207 0.32082926829268293 0.03174690508940853 0.05629268292682926
2 0.0010580890911014767 0.6810506566604126 0.02856840545973971 0.6641651031894935 0.052904454555073546 0.7504690431519699 0 0.8105065666041275
2 0.13649243466299862 0.17917073170731707 0.025392022008253096 0.04314634146341464
2 0.5512654745529574 0.11539024390243903 0.027510316368638238 0.046902439024390244
2 0.11215955983493811 0.15946341463414632 0.021155433287482806 0.03751219512195122
2 0.07617606602475929 0.3067560975609756 0.059257221458046766 0.0844390243902439
2 0.08200825309491058 0.14446341463414633 0.022214580467675375 0.03378048780487805
