2 0.29149519890260633 0.31909756097560976 0.059437585733882026 0.08536585365853659
2 0.43724279835390945 0.25 0.06058984910836763 0.08129268292682926
2 0.6475720164609053 0.3160487804878049 0.07887517146776406 0.10365853658536585
2 0.16117969821673525 0.2998048780487805 0.0365843621399177 0.054878048780487805
2 0.14231824417009603 0.24797560975609756 0.030864197530864196 0.04470731707317073
2 0.6064197530864197 0.23170731707317074 0.06286694101508916 0.07724390243902439
2 0.26862825788751715 0.1798780487804878 0.045720164609053496 0.054878048780487805
2 0.20633744855967076 0.18090243902439024 0.03315500685871056 0.05690243902439024
2 0.5098353909465021 0.19409756097560976 0.0365843621399177 0.063
2 0.5412620027434842 0.15041463414634146 0.035432098765432095 0.06097560975609756
2 0.17375857338820302 0.18190243902439024 0.029725651577503433 0.050804878048780484
2 0.14803840877914953 0.17682926829268292 0.021714677640603565 0.040658536585365855
2 0.2406310013717421 0.1595609756097561 0.0262962962962963 0.050804878048780484
2 0.08344307270233196 0.2998048780487805 0.04344307270233196 0.06707317073170732
2 0.5898491083676269 0.13617073170731706 0.032002743484224966 0.05690243902439024
1 0.5406995884773663 0.10773170731707317 0.06172839506172839 0.07724390243902439
2 0.597283950617284 0.05690243902439024 0.0262962962962963 0.04878048780487805
