1 0.37890625 0.3614583333333333 0.0265625 0.03958333333333333
1 0.484375 0.39895833333333336 0.034375 0.04791666666666667
1 0.57265625 0.40208333333333335 0.0546875 0.09166666666666666
1 0.6578125 0.44479166666666664 0.053125 0.06458333333333334
1 0.3390625 0.46145833333333336 0.05 0.05625
1 0.51953125 0.4666666666666667 0.0484375 0.075
1 0.10625 0.47291666666666665 0.146875 0.19166666666666668
1 0.54921875 0.58125 0.0703125 0.1
1 0.8109375 0.590625 0.090625 0.09791666666666667
1 0.6953125 0.6125 0.0875 0.11666666666666667
1 0.2765625 0.6885416666666667 0.096875 0.13125
1 0.79453125 0.7552083333333334 0.1359375 0.18125
1 0.6296875 0.8322916666666667 0.128125 0.21875
