1 0.55 0.3260416666666667 0.046875 0.07708333333333334
1 0.3296875 0.3489583333333333 0.05625 0.08541666666666667
1 0.475 0.36354166666666665 0.03125 0.04375
1 0.36875 0.39791666666666664 0.046875 0.05
1 0.21640625 0.4041666666666667 0.0765625 0.10416666666666667
1 0.59609375 0.4270833333333333 0.0640625 0.10833333333333334
1 0.54140625 0.5458333333333333 0.0765625 0.12083333333333333
1 0.04765625 0.5854166666666667 0.0953125 0.225
1 0.153125 0.6104166666666667 0.115625 0.15416666666666667
1 0.23828125 0.7875 0.1328125 0.175
1 0.671875 0.8770833333333333 0.15625 0.24583333333333332
