1 0.9655803571428571 0.9568122270742359 0.06888392857142857 0.08624454148471616
1 0.3887053571428571 0.2908296943231441 0.24174107142857143 0.24279475982532753
1 0.4852232142857143 0.4784279475982533 0.22754464285714285 0.20930131004366812
1 0.4479464285714286 0.6377292576419213 0.3565625 0.17502183406113536
1 0.6076339285714286 0.3033187772925764 0.2116964285714286 0.2503493449781659
1 0.7072321428571428 0.49663755458515285 0.22517857142857142 0.22471615720524019
1 0.8767857142857143 0.4889082969432314 0.24642857142857144 0.21978165938864627
1 0.7679017857142857 0.31292576419213974 0.18580357142857143 0.19960698689956333
1 0.90625 0.27305676855895195 0.1875 0.22825327510917032
1 0.6840178571428571 0.9419213973799127 0.4287053571428571 0.11615720524017469
