1 0.3172680412371134 0.23318181818181816 0.11219072164948454 0.17788961038961038
1 0.37108247422680407 0.3743181818181818 0.1154896907216495 0.15045454545454545
1 0.3596649484536083 0.7251948051948053 0.22956185567010307 0.12327922077922078
1 0.24268041237113402 0.36623376623376624 0.12780927835051548 0.1434090909090909
1 0.4546649484536082 0.0650974025974026 0.18298969072164947 0.09113636363636364
1 0.4095360824742268 0.2451948051948052 0.10347938144329896 0.13844155844155845
1 0.5028865979381444 0.21224025974025976 0.13164948453608247 0.1634090909090909
1 0.45378865979381444 0.925487012987013 0.21744845360824744 0.1125974025974026
1 0.8336340206185566 0.20532467532467533 0.15466494845360823 0.17688311688311686
1 0.40554123711340206 0.831883116883117 0.20865979381443298 0.10717532467532467
1 0.6391494845360824 0.830487012987013 0.22244845360824742 0.10785714285714286
1 0.9334278350515465 0.38090909090909086 0.13311855670103093 0.15762987012987012
1 0.19170103092783505 0.2359090909090909 0.11667525773195878 0.16935064935064933
1 0.624819587628866 0.20766233766233766 0.1250515463917526 0.1568181818181818
1 0.7285309278350516 0.22642857142857142 0.13858247422680414 0.15931818181818183
1 0.6054896907216495 0.7280844155844156 0.2129896907216495 0.11844155844155843
1 0.7018298969072165 0.9280194805194805 0.20141752577319588 0.11181818181818182
1 0.47716494845360824 0.3762337662337662 0.15487113402061856 0.1537987012987013
1 0.5985309278350516 0.3622077922077922 0.15670103092783505 0.1551948051948052
1 0.7007731958762886 0.3579220779220779 0.14237113402061857 0.16542207792207794
1 0.8094072164948454 0.3517207792207792 0.12149484536082475 0.14068181818181819
1 0.9344587628865979 0.20487012987012987 0.13108247422680414 0.17779220779220778
