1 0.12030075187969924 0.3958904109589041 0.24060150375939848 0.13972602739726028
1 0.24436090225563908 0.915068493150685 0.48872180451127817 0.16986301369863013
1 0.09586466165413533 0.25753424657534246 0.19172932330827067 0.13150684931506848
1 0.6474812030075188 0.23936986301369864 0.46225563909774436 0.1532054794520548
1 0.17142857142857143 0.5332054794520548 0.34289473684210525 0.14457534246575343
1 0.793233082706767 0.5726027397260274 0.41353383458646614 0.16164383561643836
1 0.5599248120300752 0.09778082191780821 0.4575563909774436 0.14416438356164382
1 0.05075187969924812 0.11506849315068493 0.10150375939849623 0.12054794520547946
1 0.19360902255639098 0.7123287671232876 0.38721804511278196 0.16164383561643836
1 0.19827067669172932 0.717068493150685 0.39278195488721807 0.1549041095890411
