1 0.9337993920972645 0.6117831325301204 0.132370820668693 0.0996867469879518
1 0.07045592705167174 0.8929879518072289 0.14088145896656534 0.09228915662650601
1 0.7442857142857143 0.9268915662650603 0.25221884498480246 0.09436144578313252
1 0.044072948328267476 0.8089156626506023 0.08817629179331307 0.09448192771084338
1 0.6275075987841945 0.6141686746987952 0.227629179331307 0.076
1 0.6422492401215806 0.7601204819277109 0.27902735562310027 0.0880722891566265
1 0.05027355623100304 0.7238313253012048 0.10051671732522796 0.09
1 0.28182370820668695 0.7129156626506025 0.11231003039513679 0.13720481927710843
1 0.6337082066869301 0.6874216867469879 0.2603343465045593 0.08906024096385542
1 0.45601823708206685 0.19371084337349398 0.2027355623100304 0.07501204819277109
1 0.0541337386018237 0.9544578313253013 0.1082674772036474 0.09110843373493976
1 0.477355623100304 0.24959036144578312 0.21282674772036472 0.0746987951807229
1 0.6911854103343466 0.02893975903614458 0.20756838905775077 0.05768674698795181
1 0.9608814589665653 0.6966024096385541 0.07826747720364742 0.08672289156626506
1 0.518419452887538 0.41862650602409635 0.25851063829787235 0.08134939759036144
1 0.5789969604863222 0.5477590361445783 0.23303951367781156 0.07814457831325301
1 0.44045592705167175 0.1344578313253012 0.19677811550151975 0.07624096385542169
1 0.8340729483282675 0.3063855421686747 0.2284498480243161 0.07563855421686747
1 0.033282674772036475 0.5198795180722892 0.06656534954407295 0.0751566265060241
1 0.028753799392097268 0.5806746987951807 0.057355623100303954 0.07081927710843373
1 0.49990881458966563 0.3635903614457831 0.23887537993920974 0.0752289156626506
1 0.9243768996960486 0.5503855421686746 0.15124620060790273 0.08681927710843373
1 0.5478723404255319 0.4806987951807229 0.2333434650455927 0.09009638554216867
1 0.9741033434650457 0.7693012048192771 0.051793313069908815 0.07448192771084337
1 0.8618541033434651 0.359566265060241 0.23480243161094225 0.09260240963855422
1 0.4659270516717325 0.30987951807228914 0.23267477203647416 0.08118072289156626
1 0.0296048632218845 0.38795180722891565 0.059209726443769 0.0708433734939759
1 0.014741641337386016 0.3353253012048193 0.02945288753799392 0.05693975903614457
1 0.3710942249240122 0.02708433734939759 0.2119756838905775 0.05414457831325301
1 0.7380547112462006 0.9860481927710842 0.2539817629179331 0.027927710843373494
1 0.05604863221884499 0.658144578313253 0.11209726443768998 0.09337349397590361
1 0.022796352583586626 0.4465301204819277 0.04559270516717325 0.07681927710843374
1 0.41507598784194527 0.08284337349397591 0.22607902735562307 0.0963855421686747
1 0.7256838905775076 0.08809638554216868 0.22036474164133737 0.08284337349397591
1 0.7399392097264438 0.1423132530120482 0.22227963525835864 0.0707710843373494
1 0.7731914893617021 0.19050602409638553 0.22796352583586627 0.09185542168674699
1 0.8301823708206687 0.24624096385542169 0.2393617021276596 0.08284337349397591
1 0.8827963525835866 0.4254457831325301 0.23443768996960485 0.09187951807228917
1 0.9008510638297872 0.4886987951807229 0.19832826747720364 0.09790361445783133
