1 0.6263829787234043 0.8132142857142857 0.10367021276595743 0.33767857142857144
1 0.4443882978723404 0.16285714285714284 0.09480053191489363 0.2935714285714286
1 0.595 0.18812500000000001 0.09815159574468085 0.2600892857142857
1 0.03515957446808511 0.8963392857142857 0.07033244680851064 0.20732142857142857
1 0.4569015957446808 0.6096428571428572 0.1059840425531915 0.2713392857142857
1 0.4760505319148936 0.9330357142857143 0.10815159574468085 0.13392857142857142
1 0.20795212765957446 0.8607142857142858 0.09579787234042554 0.27848214285714284
1 0.028497340425531915 0.10339285714285715 0.05699468085106383 0.20107142857142857
1 0.4641223404255319 0.8117857142857143 0.11398936170212766 0.3073214285714286
1 0.6028856382978723 0.3970535714285714 0.10538563829787234 0.280625
1 0.03574468085106383 0.7282142857142857 0.07147606382978723 0.29973214285714284
1 0.43888297872340426 0.3939285714285714 0.09582446808510639 0.27901785714285715
1 0.8696409574468086 0.16651785714285713 0.06982712765957447 0.33303571428571427
1 0.028563829787234044 0.2880357142857143 0.057114361702127664 0.28785714285714287
1 0.571622340425532 0.046607142857142854 0.08797872340425532 0.09321428571428571
1 0.20392287234042553 0.6947321428571429 0.12188829787234041 0.3452678571428572
1 0.1981914893617021 0.5205357142857142 0.10743351063829788 0.32
1 0.6132978723404255 0.5732142857142858 0.10429521276595746 0.32392857142857145
1 0.9321276595744681 0.15812500000000002 0.034414893617021276 0.3008035714285714
1 0.9753989361702128 0.16616071428571427 0.04920212765957447 0.33232142857142855
1 0.19392287234042555 0.29267857142857145 0.09678191489361702 0.3373214285714286
1 0.180625 0.11660714285714287 0.09973404255319149 0.233125
