1 0.5901428571428572 0.6155311355311355 0.13228571428571428 0.14087912087912088
1 0.20653968253968255 0.8212820512820513 0.13992063492063492 0.14853479853479853
1 0.5421904761904761 0.3508791208791209 0.14052380952380952 0.12465201465201466
1 0.19253968253968254 0.5547985347985348 0.14177777777777778 0.1311355311355311
1 0.5336666666666666 0.2519413919413919 0.13884126984126985 0.13985347985347985
1 0.5931111111111111 0.7475824175824176 0.13604761904761903 0.14201465201465202
1 0.8127619047619047 0.6261904761904762 0.14834920634920634 0.15256410256410255
1 0.19211111111111112 0.3182783882783883 0.14473015873015874 0.14509157509157508
1 0.1917936507936508 0.6720879120879121 0.11257142857142857 0.15853479853479854
1 0.7502063492063492 0.262014652014652 0.13590476190476192 0.1387912087912088
1 0.7612222222222222 0.3545421245421246 0.13303174603174603 0.12498168498168498
1 0.185 0.4337728937728938 0.12973015873015872 0.13835164835164837
1 0.6991904761904763 0.056849816849816846 0.12322222222222222 0.11117216117216118
1 0.5331746031746032 0.14197802197802198 0.11661904761904762 0.11483516483516484
1 0.6018412698412698 0.8890842490842491 0.14744444444444443 0.14652014652014653
1 0.8813492063492063 0.8858974358974359 0.19336507936507935 0.1802930402930403
1 0.21414285714285713 0.942967032967033 0.14355555555555555 0.10703296703296702
1 0.5065555555555555 0.05417582417582417 0.12317460317460316 0.10838827838827839
1 0.7157777777777777 0.15347985347985346 0.1303015873015873 0.13223443223443224
1 0.1765873015873016 0.09373626373626373 0.12476190476190475 0.13007326007326006
1 0.19215873015873017 0.19490842490842492 0.14407936507936508 0.13978021978021976
1 0.17103174603174603 0.026483516483516486 0.13146031746031744 0.052893772893772895
1 0.6404444444444445 0.9758241758241757 0.15287301587301588 0.048351648351648346
1 0.9882222222222223 0.0734065934065934 0.023555555555555555 0.12021978021978022
1 0.9072380952380952 0.9835531135531135 0.16468253968253968 0.03285714285714286
1 0.9674603174603175 0.01641025641025641 0.06507936507936508 0.03267399267399267
1 0.9784603174603174 0.72996336996337 0.043095238095238096 0.19743589743589743
1 0.009095238095238095 0.6754945054945055 0.017952380952380952 0.1363003663003663
1 0.006412698412698412 0.9523076923076924 0.012571428571428572 0.09432234432234432
