1 0.07218683651804671 0.4448669201520912 0.14437367303609341 0.1634980988593156
1 0.8014861995753716 0.4714828897338403 0.208067940552017 0.1634980988593156
1 0.821656050955414 0.33460076045627374 0.18471337579617833 0.13307984790874525
1 0.08598726114649681 0.3288973384030418 0.17197452229299362 0.13307984790874525
1 0.8386411889596603 0.18631178707224336 0.1932059447983015 0.1596958174904943
1 0.21019108280254778 0.060836501901140684 0.16560509554140126 0.11787072243346007
1 0.7537154989384289 0.629277566539924 0.1910828025477707 0.1444866920152091
1 0.7070063694267515 0.7623574144486692 0.20169851380042464 0.17110266159695817
1 0.4893842887473461 0.7547528517110266 0.21656050955414013 0.17110266159695817
1 0.040339702760084924 0.053231939163498096 0.08067940552016985 0.10266159695817491
1 0.673036093418259 0.013307984790874524 0.15074309978768577 0.026615969581749048
1 0.9193205944798302 0.011406844106463879 0.15286624203821655 0.022813688212927757
1 0.8712951167728238 0.07501901140684411 0.18309978768577492 0.1161596958174905
