1 0.744660 0.614853 0.209709 0.766839
1 0.485437 0.545769 0.902913 0.905009
1 0.565534 0.879102 0.028155 0.055268
1 0.484951 0.542314 0.905825 0.911917
1 0.284951 0.655440 0.012621 0.015544
1 0.092718 0.733161 0.185437 0.461140
1 0.015049 0.649396 0.030097 0.103627
1 0.372816 0.709845 0.011650 0.024180
1 0.537864 0.645941 0.357282 0.186528
1 0.489806 0.592401 0.043689 0.048359
1 0.489320 0.681347 0.064078 0.222798
1 0.499515 0.489637 0.999029 0.979275
1 0.598544 0.595855 0.022330 0.089810
1 0.600971 0.687392 0.021359 0.065630
1 0.690291 0.729706 0.085437 0.067358
1 0.788835 0.621762 0.420388 0.753022
1 0.895146 0.715889 0.058252 0.063903
1 0.718447 0.675302 0.561165 0.645941
1 0.816505 0.718480 0.242718 0.545769
1 0.702913 0.698618 0.046602 0.015544
1 0.788350 0.592401 0.021359 0.155440
1 0.832039 0.615717 0.333981 0.765112
1 0.676214 0.596718 0.030097 0.091537
1 0.688350 0.573402 0.013592 0.020725
1 0.499515 0.331606 0.999029 0.663212
1 0.708252 0.617444 0.049515 0.233161
1 0.703398 0.519862 0.010680 0.027634
1 0.847087 0.628670 0.303883 0.739206
1 0.756796 0.284974 0.049515 0.569948
1 0.764563 0.284974 0.033981 0.569948
1 0.516019 0.628670 0.966019 0.739206
1 0.818932 0.564767 0.043689 0.034542
1 0.790291 0.522453 0.188350 0.139896
1 0.718447 0.721934 0.561165 0.552677
1 0.848058 0.546632 0.072816 0.077720
1 0.718447 0.676166 0.561165 0.644214
1 0.846602 0.547496 0.069903 0.075993
1 0.846602 0.546632 0.069903 0.077720
1 0.794660 0.492228 0.016505 0.044905
1 0.851942 0.667530 0.294175 0.661485
1 0.726214 0.512090 0.021359 0.029361
1 0.781553 0.500000 0.182524 0.115717
1 0.499515 0.328152 0.999029 0.590674
1 0.515534 0.677029 0.966990 0.642487
1 0.780097 0.448187 0.024272 0.043178
2 0.095631 0.350604 0.024272 0.183074
2 0.341262 0.816062 0.507767 0.126079
2 0.000000 0.000000 0.000000 0.000000
2 0.587379 0.867012 0.671845 0.227979
2 0.479126 0.542314 0.958252 0.911917
2 0.319903 0.934370 0.037864 0.127807
2 0.515534 0.867012 0.966990 0.262522
2 0.189806 0.724525 0.325243 0.547496
2 0.851942 0.722798 0.294175 0.550950
2 0.753398 0.524180 0.466019 0.934370
2 0.851456 0.492228 0.295146 0.825561
2 0.823786 0.699482 0.237864 0.469775
2 0.650000 0.810881 0.226214 0.357513
2 0.849515 0.537997 0.299029 0.920553
2 0.718447 0.513817 0.561165 0.968912
2 0.754854 0.736615 0.129126 0.523316
2 0.734466 0.965458 0.047573 0.065630
2 0.702427 0.895509 0.121359 0.205527
2 0.701942 0.869603 0.128155 0.257340
2 0.815049 0.724525 0.257282 0.547496
2 0.701942 0.869603 0.128155 0.257340
2 0.720874 0.721934 0.548544 0.552677
2 0.929612 0.831606 0.057282 0.091537
2 0.921359 0.737478 0.155340 0.172712
2 0.843204 0.621762 0.311650 0.753022
2 0.789320 0.594128 0.419417 0.808290
2 0.701942 0.868739 0.128155 0.259067
2 0.701942 0.869603 0.128155 0.257340
2 0.701942 0.869603 0.128155 0.257340
2 0.510680 0.778066 0.959223 0.440415
2 0.484466 0.753022 0.904854 0.490501
2 0.341748 0.854059 0.563107 0.288428
2 0.484951 0.542314 0.905825 0.911917
2 0.484951 0.544041 0.905825 0.908463
2 0.495631 0.513817 0.898058 0.968912
2 0.515534 0.722798 0.966990 0.550950
2 0.489320 0.787565 0.062136 0.345423
2 0.483981 0.777202 0.905825 0.442142
2 0.594660 0.701209 0.032039 0.089810
2 0.487864 0.736615 0.911650 0.523316
2 0.480097 0.715026 0.117476 0.079447
2 0.488835 0.716753 0.041748 0.075993
2 0.487379 0.674439 0.064078 0.205527
2 0.565534 0.604491 0.030097 0.107081
2 0.598544 0.596718 0.022330 0.091537
2 0.499515 0.604491 0.999029 0.787565
2 0.635922 0.595855 0.025243 0.086356
2 0.645146 0.689119 0.016505 0.062176
2 0.635922 0.595855 0.025243 0.086356
2 0.635922 0.595855 0.025243 0.086356
2 0.499515 0.569948 0.999029 0.856649
2 0.560194 0.594991 0.019417 0.088083
2 0.520388 0.695164 0.957282 0.606218
2 0.499515 0.329016 0.999029 0.471503
2 0.499515 0.499136 0.999029 0.998273
2 0.793204 0.734888 0.258252 0.468048
2 0.721359 0.694301 0.075728 0.386874
2 0.819417 0.632124 0.252427 0.732297
2 0.831068 0.632124 0.316505 0.732297
2 0.843689 0.621762 0.310680 0.753022
2 0.780583 0.547496 0.011650 0.065630
2 0.844660 0.540587 0.066019 0.062176
2 0.846117 0.544905 0.068932 0.070812
2 0.846117 0.547496 0.068932 0.075993
2 0.847573 0.546632 0.071845 0.077720
2 0.922330 0.696028 0.100971 0.086356
2 0.922330 0.696028 0.100971 0.086356
2 0.943689 0.636442 0.069903 0.036269
