1 0.4296315789473684 0.5688837920489297 0.09616842105263158 0.10327217125382264
1 0.3486526315789474 0.7869877675840979 0.11679999999999999 0.1589755351681957
1 0.2998315789473684 0.7224923547400611 0.07924210526315789 0.0963302752293578
1 0.28858947368421056 0.6792201834862385 0.06237894736842105 0.06204892966360856
1 0.27172631578947365 0.6661620795107034 0.051147368421052636 0.06857798165137614
1 0.24045263157894736 0.5287614678899083 0.018905263157894737 0.025718654434250764
1 0.2600421052631579 0.6295718654434251 0.050936842105263155 0.05548929663608563
1 0.3062947368421053 0.6138837920489297 0.055 0.0670336391437309
1 0.2070421052631579 0.5587920489296636 0.02845263157894737 0.032140672782874614
1 0.2774947368421053 0.5592966360856269 0.05025263157894737 0.035321100917431195
1 0.3382842105263158 0.5828440366972477 0.038905263157894734 0.035321100917431195
1 0.4985263157894737 0.7174770642201835 0.10807368421052632 0.10597859327217125
1 0.9026421052631579 0.8784556574923548 0.17150526315789474 0.2054434250764526
