1 0.4296315789473684 0.5688837920489297 0.09616842105263158 0.10327217125382264
1 0.3486526315789474 0.7869877675840979 0.11679999999999999 0.1589755351681957
1 0.2998315789473684 0.7224923547400611 0.07924210526315789 0.0963302752293578
1 0.28858947368421056 0.6792201834862385 0.06237894736842105 0.06204892966360856
1 0.27172631578947365 0.6661620795107034 0.051147368421052636 0.06857798165137614
1 0.2600421052631579 0.6295718654434251 0.050936842105263155 0.05548929663608563
1 0.3062947368421053 0.6138837920489297 0.055 0.0670336391437309
1 0.2070421052631579 0.5587920489296636 0.02845263157894737 0.032140672782874614
1 0.4373263157894737 0.6309174311926605 0.08029473684210527 0.06700305810397554
1 0.3361157894736842 0.5508868501529052 0.02648421052631579 0.02977064220183486
1 0.21973684210526315 0.5313455657492355 0.020073684210526316 0.02418960244648318
