3 0.42916666666666664 0.26064814814814813 0.034375 0.075
0 0.6203125 0.3490740740740741 0.065625 0.26851851851851855
0 0.2596354166666667 0.350462962962963 0.0859375 0.2935185185185185
2 0.44479166666666664 0.2212962962962963 0.029166666666666667 0.05
2 0.09348958333333333 0.2263888888888889 0.034895833333333334 0.0712962962962963
0 0.06171875 0.3861111111111111 0.1234375 0.3962962962962963
0 0.44166666666666665 0.3662037037037037 0.09479166666666666 0.3435185185185185
2 0.2591145833333333 0.22824074074074074 0.0234375 0.04351851851851852
2 0.6190104166666667 0.24305555555555555 0.025520833333333333 0.05092592592592592
3 0.03411458333333333 0.2865740740740741 0.028645833333333332 0.05277777777777778
2 0.051041666666666666 0.22777777777777777 0.0375 0.07037037037037037
