2 0.9348958333333334 0.8877314814814815 0.13020833333333334 0.09490740740740741
2 0.4482083333333333 0.8467037037037037 0.029515625 0.04526851851851852
2 0.5896979166666667 0.8693425925925926 0.03935416666666667 0.0535
2 0.5405104166666667 0.8312777777777778 0.026619791666666667 0.02675
2 0.5147552083333333 0.8204722222222223 0.01678125 0.029833333333333333
2 0.49855208333333334 0.8225277777777779 0.015625 0.019546296296296294
2 0.5069583333333333 0.8477407407407407 0.01446875 0.016462962962962964
2 0.49575 0.8389351851851852 0.007401041666666667 0.010231481481481482
2 0.48190625 0.8572129629629629 0.012609375 0.02338888888888889
2 0.5637343749999999 0.8140833333333334 0.0046614583333333326 0.009259259259259259
1 0.5004114583333333 0.7926388888888889 0.023848958333333333 0.02973148148148148
1 0.5233020833333334 0.791175925925926 0.014802083333333334 0.026805555555555555
1 0.5563333333333333 0.7787499999999999 0.012333333333333333 0.037037037037037035
2 0.5683958333333333 0.7916666666666666 0.009593750000000002 0.017055555555555556
1 0.60403125 0.8345555555555556 0.04797395833333333 0.09795370370370371
2 0.4716302083333333 0.8340648148148148 0.034265625 0.03947222222222223
1 0.5660624999999999 0.8547777777777777 0.024125 0.04873148148148149
1 0.6392552083333333 0.8550185185185185 0.023026041666666667 0.046296296296296294
1 0.6717395833333334 0.8572129629629629 0.026588541666666667 0.0497037037037037
