1 0.6404583333333334 0.8140000000000001 0.24967708333333333 0.37012962962962964
2 0.5054531250000001 0.858824074074074 0.025213541666666665 0.06072222222222222
2 0.46113020833333335 0.8667685185185185 0.047171874999999995 0.08241666666666667
1 0.2557760416666667 0.8429166666666666 0.04472916666666667 0.0520462962962963
2 0.22405729166666666 0.8523148148148149 0.017078125 0.03903703703703704
2 0.48959375 0.8479814814814816 0.01952083333333333 0.033249999999999995
1 0.49976041666666665 0.8046018518518518 0.018703124999999998 0.03903703703703704
2 0.8014843749999999 0.8899074074074075 0.06749999999999999 0.07374074074074075
2 0.9462499999999999 0.8660462962962964 0.08376562500000001 0.06072222222222222
2 0.914125 0.8631574074074074 0.060182291666666665 0.05494444444444445
2 0.9019270833333334 0.8573796296296297 0.047171874999999995 0.049157407407407414
