2 0.9401041666666666 0.9016203703703703 0.11979166666666667 0.08101851851851852
2 0.4348958333333333 0.8900462962962963 0.0859375 0.09722222222222222
2 0.5787760416666666 0.8715277777777778 0.03125 0.04861111111111111
1 0.5963541666666666 0.8883148148148148 0.033854166666666664 0.07060185185185185
1 0.6500677083333334 0.8703703703703703 0.024088541666666668 0.05787037037037037
1 0.611328125 0.8530092592592593 0.057291666666666664 0.09722222222222222
1 0.4635416666666667 0.8316018518518519 0.06380208333333333 0.059027777777777776
1 0.5068385416666666 0.8119259259259259 0.021484375 0.04050925925925926
1 0.530921875 0.8130833333333334 0.016276041666666668 0.028935185185185185
1 0.5657552083333334 0.8096111111111111 0.022135416666666668 0.04282407407407408
2 0.578125 0.8130833333333334 0.013020833333333334 0.024305555555555556
2 0.5240885416666666 0.8501203703703704 0.04296875 0.03125
2 0.7063802083333334 0.8443333333333334 0.041666666666666664 0.03819444444444445
