2 0.5238958333333333 0.76125 0.015697916666666666 0.01662962962962963
2 0.9151927083333333 0.7921296296296296 0.06011979166666667 0.038
2 0.919703125 0.7995462962962963 0.05778645833333333 0.04453703703703704
2 0.9569427083333333 0.8034074074074073 0.08483854166666666 0.04987962962962963
2 0.457765625 0.7763888888888889 0.016364583333333335 0.02672222222222222
1 0.6496458333333333 0.7871111111111111 0.022770833333333334 0.0427962962962963
1 0.5009791666666666 0.7524074074074074 0.029927083333333333 0.07287037037037038
2 0.42864583333333334 0.8074074074074075 0.06145833333333333 0.08518518518518518
1 0.2677083333333333 0.7694444444444445 0.03958333333333333 0.046296296296296294
2 0.23802083333333332 0.775 0.017708333333333333 0.027777777777777776
2 0.5255208333333333 0.7898148148148149 0.034375 0.046296296296296294
2 0.623296875 0.8015648148148149 0.039036458333333336 0.053203703703703704
2 0.47528125 0.7859537037037038 0.025374999999999998 0.0427962962962963
1 0.6174427083333334 0.7506759259259259 0.041640625 0.05551851851851852
2 0.678921875 0.79925 0.027979166666666666 0.039324074074074074
1 0.57834375 0.787675925925926 0.01503125 0.04097222222222222
1 0.5880260416666666 0.7419537037037036 0.0063437499999999996 0.014842592592592593
2 0.988828125 0.8292407407407408 0.02234375 0.04215740740740741
2 0.5345885416666667 0.7220555555555556 0.013026041666666667 0.01662962962962963
2 0.5722395833333334 0.7453333333333334 0.007671875 0.012833333333333332
