1 0.6150520833333334 0.8344259259259259 0.01828645833333333 0.036120370370370365
2 0.5640520833333333 0.8427314814814815 0.025197916666666667 0.038287037037037036
2 0.8775937500000001 0.8464444444444444 0.056364583333333336 0.05800925925925926
2 0.9225885416666666 0.8543518518518519 0.07119791666666667 0.0545
2 0.9683177083333334 0.8736944444444444 0.061802083333333334 0.06152777777777778
1 0.23329166666666667 0.8199814814814815 0.04273958333333334 0.05065740740740741
2 0.19990104166666667 0.8255185185185184 0.016916666666666667 0.03324074074074074
2 0.4452083333333333 0.8658888888888888 0.062328125 0.10130555555555555
1 0.4892864583333333 0.7993981481481481 0.052536458333333334 0.12980555555555556
2 0.6378020833333333 0.8468888888888889 0.025708333333333333 0.03955555555555555
2 0.9921927083333333 0.8864351851851852 0.015609375 0.05186111111111111
1 0.5831510416666668 0.8004722222222223 0.04144791666666667 0.05924074074074074
2 0.5882291666666667 0.8539351851851852 0.03941666666666667 0.05057407407407407
