1 0.5210625 0.7814907407407408 0.012114583333333335 0.018064814814814815
2 0.8944947916666667 0.8467777777777777 0.048005208333333334 0.048324074074074075
2 0.9187916666666667 0.8514074074074074 0.08271354166666667 0.04524074074074074
2 0.9422135416666666 0.8529444444444444 0.08560416666666668 0.0545
1 0.6379739583333334 0.8375277777777778 0.017354166666666667 0.040101851851851854
2 0.5729791666666666 0.8795925925925926 0.06256770833333333 0.09366666666666666
2 0.5098958333333333 0.9175925925925926 0.11979166666666667 0.1537037037037037
1 0.252734375 0.8400740740740741 0.044453124999999996 0.04390740740740741
2 0.22021875 0.844462962962963 0.01728645833333333 0.029268518518518517
2 0.4503125 0.85325 0.03293229166666666 0.05268518518518518
1 0.49771354166666665 0.8046203703703704 0.044536458333333334 0.0750648148148148
2 0.6576406250000001 0.8544907407407407 0.031234374999999998 0.04318518518518519
1 0.6026927083333333 0.8077037037037037 0.04627083333333334 0.05861111111111111
2 0.982125 0.8678611111111111 0.034703124999999994 0.05963888888888889
1 0.5718593750000001 0.7967777777777778 0.007421875 0.013888888888888888
2 0.6116041666666666 0.8611111111111112 0.03736458333333333 0.049962962962962966
2 0.5567916666666667 0.7957777777777778 0.0105 0.014824074074074076
