2 0.7916666666666666 0.9166666666666666 0.033854166666666664 0.03935185185185185
2 0.476890625 0.8616944444444444 0.043619791666666664 0.059027777777777776
2 0.4596354166666667 0.8466481481481481 0.026041666666666668 0.04513888888888889
2 0.5029322916666666 0.8327592592592593 0.048828125 0.04050925925925926
2 0.5592447916666666 0.8304444444444444 0.0390625 0.03356481481481482
2 0.5817083333333334 0.8640092592592593 0.030598958333333332 0.06828703703703703
1 0.6240260416666668 0.8397037037037037 0.054036458333333336 0.10300925925925926
1 0.6025416666666668 0.8043981481481481 0.06966145833333333 0.05324074074074074
1 0.7018229166666666 0.8159722222222222 0.06510416666666667 0.06018518518518518
1 0.6868489583333334 0.8645833333333334 0.029947916666666668 0.05555555555555555
1 0.6552760416666668 0.8628518518518519 0.021484375 0.052083333333333336
1 0.5149739583333334 0.7997685185185185 0.0234375 0.041666666666666664
2 0.5299479166666666 0.8269722222222222 0.015625 0.03125
2 0.9462916666666668 0.8813611111111112 0.107421875 0.08217592592592593
