2 0.60625 0.8388888888888889 0.634375 0.837037037037037 0.6260416666666667 0.9981481481481481 0.59375 0.9629629629629629
2 0.40647916666666667 0.9594722222222223 0.026119791666666666 0.08106481481481481
2 0.44130729166666666 0.8640555555555555 0.019791666666666666 0.03940740740740741
2 0.5792135416666666 0.8767685185185184 0.03510416666666667 0.0483425925925926
1 0.5512773987656441 0.8490825585771595 0.5641322977503139 0.8455666887693867 0.5685820704757766 0.850840493481046 0.5670988129006224 0.8605091354524215 0.5616602017917235 0.8710567448757403 0.5611657826000055 0.8877571264626617 0.5497941411904901 0.8877571264626617 0.550782979573926 0.8482035911252164
1 0.596765625 0.8306203703703704 0.039552083333333335 0.0545
2 0.5102395833333333 0.8424907407407407 0.02471875 0.018453703703703705
1 0.4799739583333333 0.8446759259259259 0.01736979166666667 0.021972222222222223
1 0.465109375 0.8452685185185185 0.012359375 0.021972222222222223
2 0.49166666666666664 0.839037037037037 0.008682291666666668 0.01662962962962963
2 0.5320833333333334 0.839037037037037 0.0046770833333333334 0.013064814814814814
2 0.54828125 0.806675925925926 0.0063437499999999996 0.011277777777777777
1 0.5634780589437568 0.8045975313113778 0.5775065583365475 0.7998471399826022 0.5795106296783747 0.7903463573250508 0.6369606748107554 0.786189764912372 0.6349566034689282 0.8271618901230622 0.6175879851730921 0.828349487955256 0.6175879851730921 0.815285911801123 0.6079016403542605 0.815285911801123 0.6062315809027379 0.80222233564699 0.5848548199232474 0.800440938898699 0.577172546446243 0.8051913302274747 0.5775065583365475 0.8354750749484195 0.5621420113825387 0.8366626727806136
2 0.5444393811963981 0.8776347979913036 0.5444393811963981 0.856258037011813 0.5477795000994435 0.8420068630254861 0.560471951931016 0.8414130641093891 0.5628100351631478 0.843788259773777 0.5521216546734026 0.8455696565220678 0.5491155476606617 0.8835727871522732
1 0.5237510788230068 0.8196050847233383 0.534977802786594 0.817869552516407 0.534977802786594 0.8209067338785369 0.526191670989004 0.823076149137201 0.5257035525558045 0.8408653542582476 0.5215545458736093 0.8386959389995834 0.5227748419566078 0.8196050847233383
1 0.4919010416666667 0.8091944444444444 0.013421875 0.022564814814814815
1 0.51471875 0.8028981481481482 0.010739583333333334 0.015185185185185184
2 0.5390794300445586 0.8551305019005299 0.541773330583371 0.8418272893631851 0.5507529990460787 0.8370381328497408 0.5543448664311619 0.8381023898527284 0.5471611316609956 0.8423594178646788 0.5423719751475514 0.8774798989632694 0.5396780746087391 0.8694979714408625
1 0.22419238928560487 0.8849296979841824 0.22688628982441722 0.8466164458766292 0.26609750877824134 0.8333132333392842 0.2693900538812342 0.8663052004318996 0.2547232620588114 0.8668373289333934 0.22479103384978538 0.8875903404916515
2 0.20593373007809898 0.8530019878945548 0.21970255505425096 0.8514056023900733 0.22060052190052173 0.8769477704617756 0.20323982953928665 0.8843975694826887
