2 0.7591145833333334 0.8981481481481481 0.028645833333333332 0.046296296296296294
2 0.4778645833333333 0.8576388888888888 0.046875 0.08101851851851852
2 0.583984375 0.8541666666666666 0.037760416666666664 0.06018518518518518
1 0.6907552083333334 0.8576388888888888 0.03515625 0.0625
1 0.6575520833333334 0.8518518518518519 0.03125 0.07407407407407407
2 0.9479166666666666 0.8774444444444445 0.10416666666666667 0.08101851851851852
2 0.5263333333333333 0.8271574074074074 0.03877083333333333 0.04114814814814815
1 0.5173593750000001 0.7911481481481482 0.021989583333333333 0.03292592592592593
1 0.6221041666666667 0.8271574074074074 0.05323958333333333 0.09464814814814815
1 0.5923020833333333 0.7968148148148148 0.052661458333333334 0.058638888888888886
2 0.5538177083333333 0.8204722222222223 0.04282291666666667 0.03188888888888889
1 0.7491302083333333 0.7973240740740741 0.063078125 0.051444444444444445
