2 0.6798645833333333 0.9154444444444444 0.22644791666666667 0.1691111111111111
2 0.8805156249999999 0.9136018518518519 0.23896875 0.17278703703703704
2 0.9864479166666666 0.8832777777777778 0.024817708333333334 0.04962962962962963
2 0.9585260416666667 0.8547777777777777 0.07444791666666667 0.047796296296296295
2 0.9241666666666667 0.8432129629629629 0.03632291666666666 0.03228703703703704
2 0.9122916666666666 0.8376296296296296 0.040515625000000006 0.028564814814814817
1 0.6143385416666667 0.7997222222222222 0.045932291666666666 0.050018518518518525
1 0.2681302083333333 0.8262685185185186 0.05396875 0.041851851851851855
2 0.23195833333333335 0.8349444444444445 0.017223958333333334 0.03266666666666667
2 0.48889062499999997 0.8512685185185185 0.029281249999999998 0.05307407407407407
2 0.4699427083333333 0.841574074074074 0.029281249999999998 0.04388888888888889
2 0.4538645833333333 0.835962962962963 0.016651041666666665 0.03675
1 0.5038177083333334 0.8038055555555556 0.021244791666666665 0.050018518518518525
2 0.5144375 0.8206481481481481 0.0091875 0.0245
1 0.5639791666666666 0.8119444444444445 0.029838541666666666 0.027703703703703706
1 0.5313177083333334 0.7821759259259259 0.01359375 0.018861111111111113
