2 0.3909947916666667 0.8895462962962963 0.06175520833333333 0.08862037037037036
2 0.49032812499999995 0.8670648148148148 0.026786458333333332 0.051583333333333335
2 0.4497760416666667 0.8597870370370371 0.033484375000000004 0.04762037037037037
2 0.5740312500000001 0.8730185185185185 0.033484375000000004 0.06084259259259259
2 0.4936770833333333 0.8478796296296297 0.030505208333333332 0.03175
2 0.545015625 0.8452407407407407 0.029015625 0.03175
1 0.5673385416666666 0.818787037037037 0.023067708333333332 0.05555555555555555
1 0.6134687499999999 0.8505277777777778 0.057291666666666664 0.09787962962962962
1 0.6796875 0.869712962962963 0.02753125 0.051583333333333335
1 0.501859375 0.8101851851851852 0.023067708333333332 0.03306481481481482
2 0.9382447916666667 0.8783055555555556 0.12351041666666666 0.08465740740740742
2 0.7038697916666667 0.8412685185185186 0.044640624999999996 0.039685185185185184
