2 0.9388020833333334 0.8645833333333334 0.12239583333333333 0.09027777777777778
2 0.662109375 0.8865740740740741 0.07682291666666667 0.06944444444444445
2 0.4542395833333333 0.844574074074074 0.030505208333333332 0.046296296296296294
2 0.5074427083333333 0.8260555555555555 0.014880208333333334 0.022490740740740738
2 0.5230677083333333 0.8247314814814816 0.016369791666666668 0.03306481481481482
1 0.5770104166666666 0.8545 0.030505208333333332 0.07142592592592592
2 0.5465052083333333 0.8214259259259259 0.017114583333333332 0.03438888888888889
1 0.6848958333333334 0.8578055555555555 0.033484375000000004 0.051583333333333335
1 0.646578125 0.8472222222222222 0.022322916666666668 0.027777777777777776
1 0.6119791666666666 0.8326759259259259 0.05133854166666666 0.09391666666666668
1 0.5651041666666666 0.7824074074074074 0.015625 0.03836111111111111
1 0.5078125 0.7896851851851852 0.020088541666666668 0.037037037037037035
1 0.529390625 0.7837314814814814 0.021578125 0.03306481481481482
2 0.576390625 0.7916666666666666 0.010416666666666666 0.01749074074074074
