2 0.5898749999999999 0.8646481481481482 0.02705208333333333 0.042083333333333334
2 0.4203125 0.8657407407407407 0.057291666666666664 0.09444444444444444
1 0.2598958333333333 0.8388888888888889 0.04479166666666667 0.05185185185185185
2 0.9873072916666668 0.9026296296296297 0.025333333333333333 0.04128703703703704
2 0.9728802083333333 0.8844907407407407 0.044333333333333336 0.0575462962962963
2 0.9482552083333334 0.8744814814814815 0.075296875 0.06004629629629629
2 0.9151770833333334 0.8694722222222222 0.054187500000000006 0.0500462962962963
2 0.90603125 0.8657222222222223 0.04573958333333333 0.04753703703703704
2 0.6674739583333333 0.8838611111111112 0.061223958333333335 0.06630555555555555
1 0.5776145833333334 0.8523425925925926 0.020916666666666663 0.041416666666666664
1 0.61303125 0.8122037037037036 0.04326041666666667 0.04901851851851852
1 0.7043072916666666 0.8502314814814815 0.030901041666666667 0.054092592592592595
2 0.6762604166666667 0.8367129629629629 0.023296874999999998 0.027046296296296297
2 0.6674635416666667 0.816 0.02852604166666667 0.016055555555555556
2 0.6470260416666667 0.8227685185185185 0.029473958333333335 0.016055555555555556
2 0.4844375 0.8430462962962963 0.007604166666666666 0.029583333333333333
2 0.45757291666666666 0.8468518518518519 0.024244791666666664 0.035500000000000004
2 0.522703125 0.8430462962962963 0.013786458333333333 0.02450925925925926
2 0.53815625 0.828675925925926 0.019015624999999998 0.02112962962962963
1 0.5034635416666666 0.8225740740740741 0.028552083333333332 0.08215740740740742
1 0.5239375000000001 0.8095462962962963 0.014651041666666666 0.029388888888888888
