2 0.9327395833333333 0.8536111111111111 0.020916666666666663 0.028731481481481483
1 0.5605 0.801212962962963 0.09888541666666667 0.20960185185185184
2 0.4552083333333333 0.8629629629629629 0.058333333333333334 0.0962962962962963
2 0.49988541666666664 0.8586851851851852 0.009984375 0.033805555555555554
2 0.48728645833333334 0.8354444444444444 0.017114583333333332 0.03126851851851852
1 0.29807812499999997 0.831212962962963 0.035182291666666664 0.03802777777777778
2 0.2674166666666667 0.8379814814814814 0.0156875 0.029583333333333333
2 0.70121875 0.8734722222222222 0.054197916666666665 0.05662962962962963
1 0.7656354166666667 0.8464259259259259 0.10886979166666667 0.12930555555555556
2 0.9963229166666667 0.8861481481481481 0.0073593750000000005 0.03634259259259259
2 0.975640625 0.8607962962962963 0.048718750000000005 0.04986111111111111
2 0.9531822916666666 0.8531944444444445 0.04754166666666667 0.0447962962962963
