1 0.15513020833333335 0.9336851851851852 0.3102604166666667 0.13262962962962963
2 0.376984375 0.8875277777777778 0.07317708333333334 0.10475
2 0.43925000000000003 0.8429074074074074 0.026390625 0.03704629629629629
2 0.441 0.8155092592592592 0.013114583333333334 0.018074074074074072
2 0.5750520833333332 0.8578981481481481 0.046114583333333334 0.06440740740740741
2 0.6323958333333334 0.8674074074074074 0.060796875 0.07562962962962963
2 0.7281770833333333 0.8621388888888889 0.08455729166666666 0.09157407407407409
2 0.9571770833333333 0.9031388888888888 0.08565104166666666 0.12762962962962962
1 0.45667708333333334 0.7734166666666666 0.008333333333333333 0.015953703703703703
1 0.46218229166666663 0.8011851851851851 0.016015625 0.02476851851851852
