2 0.43697916666666664 0.8703703703703703 0.06145833333333333 0.1037037037037037
2 0.24947916666666667 0.8406018518518519 0.019791666666666666 0.033611111111111105
1 0.5151041666666667 0.8138888888888889 0.05520833333333333 0.14629629629629629
1 0.8083333333333333 0.8527777777777777 0.14375 0.1648148148148148
1 0.7201510416666667 0.8632685185185186 0.035130208333333336 0.06375
2 0.6813645833333334 0.882787037037037 0.061473958333333335 0.06635185185185184
2 0.4764427083333333 0.8476574074074075 0.014635416666666668 0.04813888888888889
2 0.4716875 0.8426666666666667 0.023713541666666667 0.033935185185185186
2 0.5439114583333333 0.8544907407407407 0.010755208333333332 0.03496296296296296
1 0.6286875 0.8101018518518518 0.039265625 0.0497037037037037
2 0.6193958333333334 0.8671018518518518 0.009140625000000001 0.05363888888888889
1 0.5501406249999999 0.8175277777777777 0.020572916666666666 0.03737962962962963
1 0.7016770833333333 0.8329722222222222 0.03656770833333333 0.03412962962962963
