1 0.4796875 0.8490740740740741 0.084375 0.15
1 0.2515625 0.8185185185185185 0.04479166666666667 0.06666666666666667
1 0.8234375 0.8555555555555555 0.10520833333333333 0.1
2 0.9817708333333334 0.8712962962962963 0.036458333333333336 0.06111111111111111
2 0.9416666666666667 0.8490740740740741 0.0875 0.06481481481481481
2 0.9057291666666667 0.8444444444444444 0.059375 0.05925925925925926
2 0.8973958333333333 0.837037037037037 0.059375 0.05185185185185185
2 0.6734375 0.8601851851851852 0.06979166666666667 0.07592592592592592
1 0.6051927083333334 0.7906574074074074 0.040817708333333334 0.0550462962962963
2 0.6755625 0.8175555555555556 0.025333333333333333 0.021268518518518516
2 0.5790416666666667 0.8409351851851852 0.023770833333333335 0.043944444444444446
2 0.6812916666666666 0.7957777777777778 0.024786458333333334 0.020953703703703704
2 0.5778697916666666 0.8008333333333333 0.013005208333333332 0.02239814814814815
1 0.5195520833333334 0.7834907407407407 0.014223958333333333 0.028175925925925927
1 0.5205677083333333 0.8387592592592593 0.011380208333333334 0.062129629629629625
