1 0.5764270833333334 0.8455833333333334 0.021390625 0.03972222222222222
2 0.41770833333333335 0.8657407407407407 0.058333333333333334 0.10555555555555556
2 0.9856302083333334 0.8952962962962963 0.026901041666666667 0.04449074074074074
2 0.9724895833333334 0.8825092592592593 0.04566666666666667 0.06116666666666667
2 0.9465312499999999 0.8691666666666668 0.07757291666666667 0.05672222222222222
2 0.9161874999999999 0.8658240740740741 0.059432291666666665 0.0545
2 0.9064895833333334 0.8602685185185186 0.051296875 0.047824074074074074
2 0.6646979166666667 0.8797314814814815 0.06068229166666667 0.0689537037037037
1 0.6993177083333334 0.8443148148148149 0.031375 0.04901851851851852
2 0.6895729166666666 0.8109351851851851 0.029 0.01437037037037037
2 0.6736458333333334 0.8138888888888889 0.034229166666666665 0.011833333333333333
2 0.644171875 0.8147314814814814 0.02471875 0.013518518518518518
2 0.6736458333333334 0.831212962962963 0.01996875 0.026203703703703705
1 0.6120833333333333 0.8088148148148148 0.042312499999999996 0.05577777777777778
1 0.5020260416666666 0.8181203703703704 0.030427083333333334 0.0862037037037037
2 0.5222291666666666 0.8405092592592592 0.009984375 0.026203703703703705
2 0.48015625 0.8383981481481482 0.007604166666666666 0.03212037037037037
2 0.455671875 0.8422037037037038 0.026145833333333333 0.03464814814814815
1 0.5238958333333333 0.8075555555555555 0.014260416666666666 0.029583333333333333
2 0.5495677083333333 0.8231851851851851 0.023770833333333335 0.021972222222222223
2 0.23080729166666666 0.8367129629629629 0.01758854166666667 0.027046296296296297
1 0.26551041666666664 0.8236111111111111 0.03660416666666667 0.03464814814814815
