1 0.4427083333333333 0.8583333333333333 0.08541666666666667 0.12777777777777777
1 0.26666666666666666 0.8342592592592593 0.04583333333333333 0.05
2 0.23697916666666666 0.8416666666666667 0.013541666666666667 0.03518518518518519
2 0.7453125 0.8953703703703704 0.09270833333333334 0.09074074074074075
2 0.9899791666666666 0.8983981481481481 0.020036458333333333 0.04813888888888889
2 0.95778125 0.8723796296296296 0.08444270833333332 0.05854629629629629
2 0.9225104166666667 0.8704259259259258 0.054890625 0.054648148148148154
2 0.9133645833333334 0.8632685185185186 0.049765625 0.045537037037037036
2 0.680265625 0.8658703703703704 0.012442708333333333 0.04813888888888889
2 0.5108385416666666 0.852212962962963 0.013171875 0.04424074074074074
2 0.60753125 0.8696851851851852 0.011411458333333334 0.04733333333333333
2 0.5975989583333334 0.8625462962962962 0.027046875 0.040574074074074075
2 0.6916354166666667 0.8512777777777778 0.028317708333333334 0.040574074074074075
1 0.7049479166666667 0.8125833333333333 0.03888020833333334 0.03230555555555555
1 0.6170416666666667 0.8110740740740741 0.044796875 0.05184259259259259
2 0.5601979166666666 0.8246018518518519 0.022401041666666666 0.020287037037037037
1 0.5113854166666667 0.8148333333333333 0.024510416666666666 0.0623611111111111
1 0.533359375 0.7983055555555555 0.015213541666666667 0.026296296296296293
2 0.711921875 0.8756944444444444 0.031697916666666666 0.04282407407407408
