2 0.5079947916666667 0.8286296296296296 0.07758333333333334 0.11967592592592592
1 0.6051458333333334 0.8038055555555556 0.016744791666666665 0.04526851851851852
2 0.5369791666666667 0.7766203703703703 0.009223958333333334 0.015722222222222224
2 0.5599427083333333 0.7755925925925926 0.010718749999999999 0.02014814814814815
2 0.6339322916666668 0.8200462962962963 0.017671875 0.04605555555555556
2 0.6545364583333334 0.817037037037037 0.023276041666666667 0.06499074074074074
2 0.7056718750000001 0.8371296296296297 0.0458125 0.06835185185185184
2 0.8360520833333334 0.8658981481481481 0.038546875 0.11992592592592594
2 0.8301510416666668 0.8435462962962963 0.09772916666666666 0.10226851851851852
2 0.921640625 0.8516018518518519 0.07905208333333333 0.06437962962962963
