1 0.14615625000000002 0.9339259259259259 0.29231250000000003 0.122
1 0.43685416666666665 0.8242777777777778 0.007765625 0.020444444444444442
2 0.4409895833333334 0.83875 0.006182291666666667 0.021175925925925928
2 0.456234375 0.8261666666666666 0.010442708333333333 0.018435185185185186
2 0.46425520833333334 0.8269444444444445 0.005427083333333333 0.020444444444444442
1 0.478140625 0.8146203703703704 0.017416666666666667 0.029648148148148153
2 0.593390625 0.8648148148148148 0.028151041666666664 0.04939814814814815
1 0.6384947916666667 0.8627314814814815 0.025895833333333333 0.07196296296296296
1 0.6951510416666667 0.8695648148148148 0.08557291666666668 0.09096296296296295
2 0.8993645833333334 0.9042962962962963 0.07002083333333334 0.14275925925925925
