2 0.37618229166666667 0.8329166666666666 0.010890625 0.036194444444444446
2 0.42340625000000004 0.8085555555555556 0.007354166666666666 0.019064814814814816
2 0.4306041666666667 0.8082777777777779 0.006432291666666667 0.018518518518518517
2 0.447765625 0.8055555555555556 0.013171875 0.02287962962962963
2 0.4361197916666667 0.8063703703703704 0.0095 0.02014814814814815
1 0.5114895833333333 0.8273425925925926 0.024203125 0.050111111111111106
2 0.49816145833333336 0.8251666666666666 0.012255208333333333 0.03376851851851852
2 0.489890625 0.8254351851851852 0.009802083333333333 0.03975925925925926
2 0.4871302083333333 0.8218981481481481 0.012869791666666667 0.02940740740740741
1 0.483609375 0.8180833333333333 0.013171875 0.03486111111111111
1 0.466296875 0.7873055555555555 0.019609375 0.045203703703703704
2 0.4551145833333334 0.7677037037037037 0.008270833333333333 0.016888888888888887
2 0.4480677083333333 0.7598055555555556 0.0076614583333333335 0.017425925925925925
2 0.4417916666666667 0.7726018518518518 0.007963541666666666 0.012527777777777777
2 0.42754166666666665 0.7905740740740741 0.0125625 0.022333333333333334
1 0.4249375 0.79875 0.01103125 0.02014814814814815
2 0.38465104166666664 0.8031018518518519 0.03155729166666667 0.029953703703703705
1 0.453890625 0.7505462962962963 0.015010416666666667 0.018518518518518517
1 0.5128697916666667 0.7802314814814815 0.015932291666666668 0.05937037037037037
1 0.5364583333333334 0.7886666666666666 0.044119791666666665 0.07843518518518518
1 0.57965625 0.8221666666666667 0.05024479166666666 0.10185185185185185
2 0.5381458333333333 0.82625 0.013171875 0.03159259259259259
1 0.5804218750000001 0.7578981481481482 0.049328124999999994 0.03213888888888889
2 0.6861197916666666 0.8493981481481482 0.08547916666666668 0.08442592592592593
2 0.7913593750000001 0.8630185185185185 0.09804166666666667 0.09096296296296295
2 0.913296875 0.857574074074074 0.17340625 0.16176851851851853
1 0.16197916666666667 0.9180555555555555 0.32395833333333335 0.16018518518518518
