1 0.16442708333333333 0.9335648148148148 0.32884895833333333 0.12974074074074074
1 0.43727604166666667 0.8218611111111112 0.008067708333333333 0.022462962962962966
2 0.44867708333333334 0.8217592592592593 0.005385416666666667 0.020388888888888887
2 0.44318749999999996 0.8304259259259259 0.004166666666666667 0.015324074074074075
2 0.45746875000000004 0.8233796296296296 0.011380208333333334 0.01713888888888889
2 0.5332916666666666 0.9321481481481482 0.19969270833333336 0.13570370370370372
2 0.6095624999999999 0.8620833333333333 0.03796354166666667 0.04947222222222222
1 0.477984375 0.8130277777777778 0.015677083333333335 0.03407407407407407
2 0.4697135416666667 0.7875092592592593 0.0074062500000000005 0.012444444444444444
1 0.6592135416666667 0.8630925925925926 0.044223958333333334 0.07846296296296296
1 0.7729010416666667 0.8739629629629629 0.12480208333333334 0.10571296296296297
