1 0.16939583333333333 0.9374259259259259 0.338796875 0.12515740740740738
2 0.43178645833333335 0.9251666666666666 0.09805208333333333 0.14528703703703702
1 0.44725000000000004 0.8285370370370371 0.008927083333333334 0.021203703703703704
2 0.45548958333333334 0.83525 0.005630208333333333 0.015583333333333331
2 0.46686979166666664 0.8300925925925926 0.010880208333333334 0.01809259259259259
1 0.4872239583333334 0.8138055555555556 0.017197916666666667 0.024685185185185185
1 0.5093645833333333 0.7839907407407408 0.013078125 0.026583333333333334
2 0.6262500000000001 0.8689907407407408 0.046859375 0.05341666666666667
1 0.7025260416666667 0.8677685185185186 0.049052083333333336 0.08612037037037037
1 0.7982552083333334 0.8334074074074075 0.12814583333333332 0.114
1 0.90778125 0.8876944444444445 0.18146875 0.12949074074074074
