1 0.17601041666666667 0.9334444444444444 0.283890625 0.1331111111111111
1 0.43953125 0.8603611111111111 0.024046875000000002 0.05106481481481481
2 0.5540885416666667 0.9042962962962963 0.08483333333333333 0.11043518518518518
2 0.691359375 0.8858888888888888 0.08149479166666666 0.07837962962962963
2 0.8179427083333334 0.8977685185185186 0.107546875 0.10212962962962963
2 0.9271718750000001 0.8959814814814815 0.14565625000000001 0.15319444444444444
2 0.515265625 0.8159074074074074 0.011203125000000001 0.018805555555555555
2 0.4086979166666667 0.8471574074074074 0.03702604166666667 0.023787037037037037
1 0.6010104166666667 0.8652685185185185 0.05968229166666667 0.0710925925925926
1 0.56275 0.8262685185185186 0.051484375 0.09152777777777778
1 0.47272916666666664 0.8276481481481481 0.01934375 0.03328703703703704
1 0.492078125 0.8226574074074074 0.01996875 0.03883333333333333
1 0.48708333333333337 0.7910370370370371 0.012479166666666668 0.023296296296296298
1 0.5234375 0.7988055555555555 0.009046875000000001 0.022185185185185186
