1 0.4269947916666667 0.8737222222222222 0.032130208333333334 0.0653888888888889
1 0.5267708333333333 0.8673333333333334 0.022828124999999998 0.04660185185185185
2 0.8725937500000001 0.9424907407407407 0.06341666666666666 0.10071296296296296
2 0.9253072916666666 0.9067962962962963 0.14938541666666666 0.15107407407407408
2 0.8072760416666667 0.9019074074074074 0.10527083333333334 0.0977037037037037
2 0.6688229166666667 0.8898796296296296 0.07609895833333334 0.07666666666666666
1 0.16889583333333333 0.9419351851851852 0.27268749999999997 0.11612962962962962
1 0.5929322916666667 0.8718425925925927 0.05030729166666667 0.05862037037037037
1 0.5536145833333334 0.8305092592592593 0.05030729166666667 0.07816666666666666
1 0.48259375000000004 0.8293796296296296 0.024098958333333333 0.0428425925925926
2 0.44602083333333337 0.862074074074074 0.032130208333333334 0.04660185185185185
2 0.3969791666666667 0.8507962962962963 0.036359375 0.031564814814814816
1 0.4741354166666667 0.7966851851851852 0.011416666666666667 0.022546296296296297
2 0.5037291666666667 0.8143518518518519 0.00803125 0.021796296296296296
