2 0.415625 0.8256203703703703 0.006942708333333334 0.02160185185185185
2 0.407640625 0.8280833333333334 0.008333333333333333 0.02160185185185185
1 0.40850520833333337 0.8203703703703704 0.010765625000000001 0.018518518518518517
1 0.5368072916666667 0.8530833333333334 0.010416666666666666 0.05062037037037037
1 0.46857812499999996 0.8339537037037037 0.018401041666666666 0.040740740740740744
1 0.15320833333333334 0.9321018518518518 0.30503125 0.13580555555555554
2 0.16718229166666668 0.849574074074074 0.05069270833333333 0.05062037037037037
2 0.23367708333333334 0.8285925925925925 0.042015625 0.04691666666666667
2 0.2697864583333333 0.8498888888888889 0.028817708333333334 0.04012037037037037
2 0.3621510416666667 0.8444444444444444 0.008333333333333333 0.04321296296296297
2 0.5203125 0.8503055555555556 0.010067708333333333 0.03395370370370371
2 0.6696197916666667 0.8787037037037037 0.085765625 0.07715740740740741
2 0.8578125 0.9064814814814814 0.14479166666666668 0.11789814814814814
2 0.4331614583333333 0.8240740740740741 0.032984374999999996 0.022222222222222223
2 0.4125 0.8083333333333333 0.015276041666666665 0.022842592592592595
2 0.381421875 0.8257685185185185 0.022916666666666665 0.020370370370370372
2 0.482640625 0.817287037037037 0.015973958333333333 0.023453703703703702
2 0.48767187500000003 0.8185185185185185 0.012848958333333334 0.02962962962962963
2 0.431078125 0.8052499999999999 0.017015625 0.016666666666666666
2 0.42899479166666665 0.7790092592592593 0.009375 0.011111111111111112
2 0.4510416666666667 0.7734537037037037 0.006942708333333334 0.008638888888888889
2 0.403296875 0.8114166666666667 0.006598958333333333 0.016666666666666666
1 0.4371510416666667 0.7728425925925926 0.013890625 0.018518518518518517
1 0.474828125 0.7787037037037037 0.019098958333333336 0.03765740740740741
1 0.49635416666666665 0.8021574074074075 0.014932291666666668 0.05740740740740741
1 0.5225677083333333 0.8185185185185185 0.04444270833333333 0.08395370370370371
1 0.5628489583333334 0.7839537037037037 0.051390625 0.03456481481481481
1 0.564234375 0.8391944444444445 0.04444270833333333 0.09321296296296297
2 0.4913177083333334 0.8524722222222222 0.030557291666666667 0.045675925925925925
1 0.45 0.7993796296296297 0.015276041666666665 0.027157407407407404
