1 0.15755208333333334 0.9120370370370371 0.3151041666666667 0.17592592592592593
1 0.5006510416666666 0.8518518518518519 0.024739583333333332 0.06018518518518518
2 0.9016927083333334 0.8807870370370371 0.18880208333333334 0.1550925925925926
2 0.7799479166666666 0.8796296296296297 0.12239583333333333 0.11574074074074074
2 0.666015625 0.8773148148148148 0.08723958333333333 0.08333333333333333
1 0.5709635416666666 0.8391203703703703 0.05859375 0.10416666666666667
1 0.5286458333333334 0.8194444444444444 0.041666666666666664 0.06944444444444445
1 0.568359375 0.7835648148148148 0.055989583333333336 0.04398148148148148
1 0.50390625 0.8084537037037037 0.026041666666666668 0.052083333333333336
2 0.48665625 0.7951388888888888 0.014973958333333334 0.023148148148148147
2 0.5302708333333334 0.8535925925925926 0.021484375 0.04513888888888889
2 0.4850260416666667 0.8501203703703704 0.013020833333333334 0.03356481481481482
2 0.4215520833333333 0.8547407407407407 0.020182291666666668 0.03587962962962963
2 0.39551041666666664 0.8541666666666666 0.021484375 0.041666666666666664
2 0.41634375 0.8159722222222222 0.014973958333333334 0.020833333333333332
2 0.435875 0.8327592592592593 0.029296875 0.02662037037037037
2 0.4420572916666667 0.7991851851851852 0.014322916666666666 0.028935185185185185
2 0.48144791666666664 0.85475 0.012369791666666666 0.03356481481481482
