1 0.15104166666666666 0.9131944444444444 0.3020833333333333 0.1736111111111111
2 0.431640625 0.8680555555555556 0.06901041666666667 0.09722222222222222
2 0.6529947916666666 0.8726851851851852 0.08984375 0.0787037037037037
2 0.7708333333333334 0.8831018518518519 0.10416666666666667 0.11342592592592593
2 0.9029947916666666 0.8796296296296297 0.19140625 0.1712962962962963
1 0.5638020833333334 0.8402777777777778 0.0625 0.1111111111111111
1 0.4955364583333333 0.8485462962962963 0.026786458333333332 0.05687962962962963
2 0.3783489583333333 0.8578055555555555 0.011161458333333334 0.02512962962962963
1 0.4017864583333333 0.8425925925925926 0.023807291666666668 0.039685185185185184
1 0.5669635416666666 0.7843888888888889 0.061010416666666664 0.04762037037037037
1 0.525671875 0.8035740740740741 0.046875 0.059527777777777784
1 0.49628125 0.8022499999999999 0.025296875 0.06481481481481481
1 0.45238020833333337 0.8009259259259259 0.023807291666666668 0.03836111111111111
2 0.5238072916666667 0.8465648148148148 0.022322916666666668 0.04762037037037037
2 0.4832604166666667 0.8458981481481482 0.015625 0.054231481481481485
2 0.48214062500000004 0.7883611111111111 0.01190625 0.021166666666666667
2 0.43824479166666663 0.8264166666666667 0.037203125000000004 0.03571296296296296
