2 0.423828125 0.8368055555555556 0.053385416666666664 0.09953703703703703
1 0.19010416666666666 0.9108796296296297 0.3177083333333333 0.17824074074074073
1 0.5540364583333334 0.8240740740740741 0.045572916666666664 0.07407407407407407
2 0.21354166666666666 0.8148148148148148 0.057291666666666664 0.06481481481481481
2 0.2708333333333333 0.8148148148148148 0.041666666666666664 0.06944444444444445
2 0.3111979166666667 0.8206018518518519 0.036458333333333336 0.05787037037037037
2 0.5227499999999999 0.7848425925925926 0.026317708333333335 0.03752777777777778
2 0.5091822916666666 0.7994629629629629 0.020557291666666665 0.04044444444444444
2 0.5703125 0.8140833333333334 0.010140624999999999 0.046296296296296294
1 0.5770260416666667 0.8121388888888889 0.012609375 0.060916666666666675
1 0.5326197916666666 0.7502407407407408 0.05372916666666667 0.030703703703703702
1 0.6047135416666667 0.7465925925925926 0.053182291666666666 0.030212962962962966
1 0.5626354166666666 0.777537037037037 0.04522916666666667 0.07650925925925925
1 0.5355000000000001 0.7738796296296296 0.020557291666666665 0.07407407407407407
1 0.49259895833333334 0.7670555555555555 0.019187500000000003 0.026314814814814815
2 0.48451041666666667 0.7906944444444445 0.020010416666666666 0.026805555555555555
2 0.444625 0.777537037037037 0.009317708333333334 0.01900925925925926
2 0.41502083333333334 0.7989722222222222 0.041666666666666664 0.027777777777777776
2 0.46916145833333334 0.7473240740740741 0.007947916666666667 0.013157407407407408
1 0.47642708333333333 0.7400092592592593 0.018640625 0.018027777777777778
