2 0.41946875 0.8333333333333334 0.006411458333333333 0.019944444444444445
2 0.37620312499999997 0.8522037037037037 0.008010416666666667 0.03489814814814814
2 0.17147395833333334 0.8571944444444445 0.056088541666666665 0.05626851851851852
2 0.23638020833333334 0.835111111111111 0.041666666666666664 0.040601851851851854
2 0.27283854166666666 0.8504259259259259 0.021635416666666667 0.029916666666666668
2 0.40224479166666666 0.8340462962962962 0.025640624999999997 0.01566666666666667
2 0.5528854166666667 0.875 0.051281249999999994 0.06481481481481481
2 0.6736770833333333 0.8857685185185186 0.083734375 0.07494444444444444
2 0.44310937499999997 0.8272777777777778 0.043270833333333335 0.03489814814814814
2 0.43389583333333337 0.7884629629629629 0.007213541666666667 0.009972222222222223
2 0.41626562500000003 0.8151666666666667 0.01121875 0.01923148148148148
2 0.48838020833333334 0.8265648148148149 0.017630208333333335 0.01923148148148148
1 0.44170833333333337 0.7788425925925926 0.014822916666666667 0.01923148148148148
1 0.4557291666666667 0.8048425925925926 0.01321875 0.02137037037037037
1 0.48096875 0.7920185185185186 0.019630208333333333 0.04273148148148148
1 0.5016041666666667 0.8197962962962962 0.016026041666666668 0.06695370370370371
1 0.5272447916666666 0.8290555555555555 0.04486979166666667 0.08547222222222223
1 0.5707135416666667 0.8472222222222222 0.038864583333333334 0.09757407407407406
1 0.5695104166666667 0.7913148148148148 0.05648958333333333 0.03275925925925926
2 0.4557291666666667 0.7827592592592593 0.0060104166666666665 0.008546296296296297
1 0.4737604166666667 0.8454444444444444 0.015625 0.0441574074074074
1 0.15277604166666667 0.9212962962962963 0.30323958333333334 0.1574074074074074
