1 0.5072916666666667 0.8277777777777777 0.022916666666666665 0.04814814814814815
2 0.49375 0.8310185185185185 0.014583333333333334 0.03796296296296296
2 0.4861979166666667 0.8287037037037037 0.011979166666666667 0.03888888888888889
2 0.48098958333333336 0.825462962962963 0.013020833333333334 0.03611111111111111
1 0.47734375 0.8189814814814815 0.015104166666666667 0.03425925925925926
2 0.6752604166666667 0.8546296296296296 0.09010416666666667 0.08888888888888889
2 0.4127604166666667 0.8074074074074075 0.04635416666666667 0.03518518518518519
2 0.43671875 0.774537037037037 0.0078125 0.012037037037037037
2 0.45221354166666666 0.7664351851851852 0.011197916666666667 0.014351851851851852
2 0.4440104166666667 0.7650462962962963 0.005729166666666666 0.010648148148148148
2 0.430078125 0.787962962962963 0.01015625 0.018518518518518517
2 0.49296875 0.774537037037037 0.011458333333333333 0.017592592592592594
1 0.48984375 0.7460648148148148 0.013020833333333334 0.03009259259259259
1 0.508203125 0.7821759259259259 0.020052083333333335 0.06435185185185185
1 0.5317708333333333 0.7935277777777777 0.042708333333333334 0.08242592592592592
1 0.5720052083333333 0.819925925925926 0.04973958333333333 0.09722222222222222
1 0.5692708333333333 0.7625185185185185 0.0515625 0.03333333333333333
1 0.4610677083333333 0.7900648148148148 0.01953125 0.0412037037037037
1 0.45 0.7532592592592593 0.016145833333333335 0.01574074074074074
2 0.43723958333333335 0.7636759259259259 0.007291666666666667 0.009722222222222222
2 0.9088541666666666 0.8638888888888889 0.16979166666666667 0.15
2 0.7804166666666668 0.8703703703703703 0.096875 0.1037037037037037
1 0.16130208333333332 0.9203703703703704 0.32260416666666664 0.15925925925925927
2 0.44090625 0.7962962962962963 0.01803125 0.037037037037037035
