1 0.15950520833333334 0.9039351851851852 0.3190104166666667 0.19212962962962962
1 0.505859375 0.8194444444444444 0.024739583333333332 0.05092592592592592
2 0.8958333333333334 0.9247685185185185 0.20833333333333334 0.15046296296296297
2 0.9088541666666666 0.8310185185185185 0.18229166666666666 0.1527777777777778
2 0.7805989583333334 0.8564814814814815 0.10807291666666667 0.10185185185185185
2 0.6764322916666666 0.8483796296296297 0.08463541666666667 0.0763888888888889
1 0.576171875 0.8113425925925926 0.057291666666666664 0.10416666666666667
2 0.42505729166666667 0.8068425925925926 0.006942708333333334 0.019037037037037036
2 0.4169583333333333 0.8065833333333333 0.005208333333333333 0.019546296296296294
1 0.4184010416666667 0.7986111111111112 0.011572916666666665 0.019037037037037036
2 0.4947916666666667 0.8238148148148149 0.01678125 0.03651851851851852
2 0.486109375 0.8240740740740741 0.0133125 0.03498148148148148
2 0.4809010416666667 0.8217592592592593 0.009838541666666667 0.033435185185185186
1 0.47670833333333335 0.8150740740740741 0.012442708333333333 0.03549074074074074
1 0.48813541666666665 0.7430555555555556 0.012729166666666668 0.02725925925925926
2 0.4522552083333334 0.7651759259259259 0.005786458333333333 0.013888888888888888
2 0.4526927083333333 0.759 0.011864583333333335 0.018000000000000002
2 0.436921875 0.7698055555555555 0.008104166666666668 0.00874074074074074
2 0.4466145833333333 0.7973240740740741 0.04253645833333333 0.029833333333333333
2 0.49623958333333335 0.7957777777777778 0.008682291666666668 0.023666666666666666
1 0.510125 0.7777777777777778 0.026619791666666667 0.05658333333333333
1 0.5322604166666667 0.7849814814814815 0.04542708333333333 0.08127777777777778
1 0.5729166666666666 0.7551481481481481 0.05150520833333334 0.038064814814814815
2 0.49385937500000004 0.7698425925925926 0.010786458333333334 0.021166666666666667
