2 0.4362291666666666 0.8724259259259259 0.024026041666666668 0.042712962962962966
2 0.3846875 0.8584166666666667 0.036171875 0.027555555555555555
2 0.6274062499999999 0.8972314814814815 0.070015625 0.06843518518518518
2 0.7227395833333333 0.9087129629629629 0.08809895833333334 0.08588888888888889
2 0.8061875000000001 0.9089444444444444 0.13615104166666667 0.12400925925925926
2 0.9249010416666666 0.9314444444444445 0.14881250000000001 0.1295185185185185
1 0.4680520833333333 0.838 0.020411458333333334 0.035444444444444445
1 0.5365260416666667 0.8436944444444445 0.040109375 0.08397222222222223
1 0.5806718750000001 0.88125 0.05815104166666667 0.06877777777777778
1 0.14769270833333334 0.9458518518518518 0.275796875 0.1082962962962963
1 0.512140625 0.8742129629629629 0.022911458333333336 0.050666666666666665
