1 0.14989583333333334 0.9524814814814816 0.27464062499999997 0.09502777777777778
1 0.514578125 0.8839537037037036 0.025151041666666665 0.054546296296296294
2 0.3862760416666667 0.8693518518518518 0.034203125 0.02823148148148148
2 0.446625 0.8680555555555556 0.021500000000000002 0.02736111111111111
2 0.47068750000000004 0.8608888888888889 0.020765625 0.024324074074074074
2 0.6324270833333333 0.9063703703703704 0.07083333333333333 0.0719537037037037
2 0.7460729166666666 0.9414259259259259 0.21249479166666668 0.11714814814814814
2 0.8441458333333334 0.9241296296296296 0.14867187499999998 0.15174074074074073
2 0.8839583333333334 0.870537037037037 0.22741145833333334 0.2365648148148148
2 0.6935052083333333 0.8455092592592592 0.18023958333333334 0.14644444444444443
1 0.5409791666666667 0.8549166666666667 0.04538020833333333 0.09402777777777778
1 0.5843281250000001 0.891361111111111 0.05383333333333333 0.06342592592592593
1 0.42789062499999997 0.8611296296296296 0.017901041666666666 0.031824074074074074
