1 0.16271354166666668 0.9518703703703704 0.2698177083333333 0.09626851851851852
1 0.5261666666666667 0.87825 0.025197916666666667 0.04788888888888889
2 0.44969791666666664 0.8720648148148149 0.019984375 0.035527777777777776
2 0.4633802083333334 0.8581666666666667 0.027375 0.027805555555555556
2 0.39820833333333333 0.8639537037037037 0.0360625 0.023944444444444445
2 0.6426093749999999 0.8991018518518519 0.06778124999999999 0.07106481481481482
2 0.7394999999999999 0.9095277777777777 0.092109375 0.08883333333333333
2 0.8214010416666666 0.9103055555555556 0.13946874999999997 0.1274537037037037
2 0.9470885416666667 0.9334722222222221 0.10582291666666667 0.1274537037037037
1 0.48338020833333334 0.8415277777777778 0.020729166666666667 0.03562962962962963
1 0.5504114583333333 0.84675 0.039390625 0.09275
1 0.5941197916666667 0.888824074074074 0.055630208333333334 0.05650925925925926
