1 0.13057812500000002 0.9466203703703704 0.25430729166666666 0.10676851851851853
1 0.3823177083333333 0.8966851851851851 0.014526041666666666 0.03873148148148148
1 0.394140625 0.8915555555555555 0.008380208333333333 0.027148148148148147
1 0.41090104166666663 0.8968518518518519 0.01359375 0.03177777777777778
1 0.42784895833333336 0.9052962962962964 0.019182291666666667 0.04402777777777778
2 0.7962343749999999 0.9366388888888889 0.13263020833333333 0.1089537037037037
2 0.694703125 0.9126481481481481 0.099703125 0.11138888888888888
2 0.633875 0.9093981481481481 0.06494270833333333 0.07073148148148148
2 0.5847135416666667 0.903712962962963 0.04710416666666666 0.05772222222222222
2 0.42933333333333334 0.862287037037037 0.017343749999999998 0.02335185185185185
2 0.3616770833333333 0.8671944444444445 0.034421875000000005 0.021953703703703704
