1 0.150359375 0.930324074074074 0.27101562500000004 0.1393425925925926
2 0.5238437499999999 0.9474907407407407 0.17003645833333333 0.10502777777777779
1 0.70090625 0.8013981481481481 0.17439583333333333 0.15541666666666668
1 0.551453125 0.8441759259259259 0.04061979166666666 0.05887037037037037
1 0.5834635416666667 0.7947222222222222 0.08697916666666666 0.145212962962963
2 0.9631510416666667 0.8116018518518519 0.073703125 0.07692592592592593
2 0.9481510416666666 0.805324074074074 0.09404166666666666 0.07535185185185185
2 0.9128333333333334 0.7994351851851852 0.08697916666666666 0.08555555555555557
2 0.88325 0.8049259259259259 0.08521354166666667 0.08084259259259259
2 0.847046875 0.8065 0.07373437499999999 0.06200925925925926
2 0.4408958333333333 0.8121574074074074 0.024276041666666668 0.02776851851851852
2 0.4058541666666667 0.8179722222222222 0.023854166666666666 0.02288888888888889
2 0.5258697916666667 0.8226574074074074 0.024067708333333333 0.03602777777777778
