1 0.15581770833333333 0.9464351851851852 0.273515625 0.10712962962962963
1 0.5189166666666667 0.9252592592592592 0.09434895833333333 0.14949074074074073
2 0.680453125 0.9201759259259259 0.22109895833333332 0.15965740740740741
2 0.909171875 0.9235648148148149 0.17916666666666667 0.15287962962962964
2 0.42653125000000003 0.8657407407407407 0.02965625 0.023685185185185184
2 0.39121875 0.8699907407407408 0.034937499999999996 0.02501851851851852
2 0.5060833333333333 0.8181574074074074 0.007791666666666667 0.014296296296296297
1 0.46259895833333337 0.8241851851851852 0.0113125 0.025472222222222222
1 0.4765625 0.8416851851851852 0.018427083333333334 0.02935185185185185
1 0.888140625 0.8640555555555555 0.22371875000000002 0.23841666666666667
1 0.6999270833333333 0.8466574074074074 0.19969791666666667 0.1653240740740741
