1 0.12822395833333333 0.9431018518518518 0.2553802083333333 0.11378703703703703
1 0.3870677083333333 0.9269907407407407 0.06717708333333333 0.14600925925925926
2 0.543546875 0.9283888888888888 0.03571875 0.10331481481481482
2 0.4265208333333333 0.8937962962962962 0.018125 0.05497222222222222
2 0.44517708333333333 0.8843148148148148 0.018125 0.04738888888888889
2 0.7616041666666666 0.9080092592592592 0.114625 0.09477777777777778
2 0.67603125 0.8890555555555555 0.08956770833333333 0.09288888888888888
2 0.6205833333333334 0.8847870370370371 0.051182291666666664 0.07487962962962963
2 0.5808645833333334 0.8847870370370371 0.038921875 0.05781481481481481
2 0.4393125 0.8411944444444445 0.023458333333333335 0.021796296296296296
1 0.5227552083333333 0.8587222222222222 0.046385416666666665 0.06255555555555556
