0 0.7645833333333333 0.5013888888888889 0.10104166666666667 0.4009259259259259
0 0.6953125 0.4615740740740741 0.065625 0.2824074074074074
2 0.55390625 0.30416666666666664 0.0390625 0.06759259259259259
2 0.11484375 0.2513888888888889 0.0546875 0.09537037037037037
2 0.77109375 0.3351851851851852 0.0359375 0.06851851851851852
2 0.8848958333333333 0.34675925925925927 0.029166666666666667 0.05277777777777778
0 0.8854166666666666 0.4652777777777778 0.08229166666666667 0.287962962962963
3 0.7010416666666667 0.34305555555555556 0.025 0.03981481481481482
0 0.12161458333333333 0.5064814814814815 0.17552083333333332 0.6259259259259259
0 0.55625 0.4888888888888889 0.1125 0.4388888888888889
