2 0.04140625 0.23472222222222222 0.0484375 0.09166666666666666
2 0.31015625 0.2625 0.0296875 0.05462962962962963
2 0.421875 0.2550925925925926 0.0375 0.06944444444444445
3 0.5005208333333333 0.3226851851851852 0.03125 0.049074074074074076
2 0.39505208333333336 0.2574074074074074 0.0234375 0.053703703703703705
2 0.48203125 0.28935185185185186 0.028645833333333332 0.041666666666666664
0 0.40286458333333336 0.46574074074074073 0.1234375 0.4962962962962963
0 0.10911458333333333 0.5810185185185185 0.21614583333333334 0.8157407407407408
0 0.30442708333333335 0.4064814814814815 0.0796875 0.34629629629629627
2 0.09635416666666667 0.23703703703703705 0.06666666666666667 0.12037037037037036
0 0.4890625 0.43287037037037035 0.071875 0.33796296296296297
