0 0.19791666666666666 0.4310185185185185 0.11041666666666666 0.3787037037037037
0 0.7677083333333333 0.4115740740740741 0.09791666666666667 0.3824074074074074
0 0.35078125 0.4083333333333333 0.0703125 0.26666666666666666
0 0.45598958333333334 0.4115740740740741 0.08489583333333334 0.3435185185185185
3 0.77109375 0.25555555555555554 0.0328125 0.06481481481481481
2 0.6190104166666667 0.30787037037037035 0.030729166666666665 0.05648148148148148
3 0.20208333333333334 0.2773148148148148 0.029166666666666667 0.06574074074074074
2 0.6395833333333333 0.2689814814814815 0.029166666666666667 0.05277777777777778
0 0.6421875 0.3972222222222222 0.075 0.32592592592592595
2 0.3528645833333333 0.3023148148148148 0.0234375 0.04537037037037037
2 0.4484375 0.26805555555555555 0.029166666666666667 0.05277777777777778
