0 0.5916666666666667 0.4701388888888889 0.11302083333333333 0.4597222222222222
0 0.333203125 0.5393518518518519 0.18515625 0.7185185185185186
0 0.4764322916666667 0.4041666666666667 0.07734375 0.34814814814814815
0 0.16640625 0.49398148148148147 0.17291666666666666 0.5287037037037037
0 0.8305989583333333 0.4101851851851852 0.06432291666666666 0.2462962962962963
2 0.32721354166666666 0.24189814814814814 0.05911458333333333 0.11990740740740741
2 0.473046875 0.2587962962962963 0.03307291666666667 0.05555555555555555
2 0.18216145833333333 0.27199074074074076 0.048177083333333336 0.08287037037037037
2 0.5864583333333333 0.2777777777777778 0.03802083333333333 0.0712962962962963
0 0.7055989583333333 0.4074074074074074 0.05755208333333333 0.25925925925925924
2 0.82890625 0.3074074074074074 0.021875 0.03796296296296296
3 0.13984375 0.29259259259259257 0.04375 0.08518518518518518
2 0.7053385416666667 0.3002314814814815 0.022135416666666668 0.0412037037037037
