0 0.59140625 0.4652777777777778 0.0765625 0.2935185185185185
2 0.49505208333333334 0.3337962962962963 0.0265625 0.04722222222222222
2 0.5994791666666667 0.3421296296296296 0.026041666666666668 0.04351851851851852
3 0.97109375 0.3287037037037037 0.03177083333333333 0.06296296296296296
3 0.9572916666666667 0.3277777777777778 0.03854166666666667 0.06481481481481481
2 0.8890625 0.34629629629629627 0.03229166666666667 0.05
2 0.7 0.3425925925925926 0.026041666666666668 0.040740740740740744
2 0.7755208333333333 0.33564814814814814 0.0375 0.06759259259259259
0 0.6973958333333333 0.4634259259259259 0.06666666666666667 0.287962962962963
0 0.8872395833333333 0.46296296296296297 0.0765625 0.2833333333333333
0 0.7677083333333333 0.5027777777777778 0.10104166666666667 0.4
0 0.49505208333333334 0.4634259259259259 0.0765625 0.30648148148148147
0 0.95546875 0.48935185185185187 0.08802083333333334 0.39351851851851855
