2 0.0375 0.18263888888888888 0.075 0.1912037037037037
2 0.5291666666666667 0.26782407407407405 0.030208333333333334 0.05694444444444444
0 0.4063802083333333 0.3921296296296296 0.06171875 0.2175925925925926
2 0.41171875 0.3053240740740741 0.019791666666666666 0.04027777777777778
3 0.6115885416666667 0.2875 0.022135416666666668 0.046296296296296294
0 0.5013020833333334 0.45902777777777776 0.14479166666666668 0.4837962962962963
0 0.25052083333333336 0.5122685185185185 0.17083333333333334 0.6134259259259259
0 0.10286458333333333 0.5344907407407408 0.20572916666666666 0.9115740740740741
0 0.6209635416666667 0.4078703703703704 0.08046875 0.2953703703703704
2 0.23958333333333334 0.26180555555555557 0.058333333333333334 0.10046296296296296
3 0.49114583333333334 0.25601851851851853 0.03958333333333333 0.07222222222222222
