0 0.0921875 0.5685185185185185 0.16979166666666667 0.6555555555555556
0 0.33541666666666664 0.6166666666666667 0.22916666666666666 0.7462962962962963
3 0.3619791666666667 0.3111111111111111 0.06354166666666666 0.12777777777777777
2 0.4817708333333333 0.3675925925925926 0.029166666666666667 0.053703703703703705
2 0.25364583333333335 0.3333333333333333 0.029166666666666667 0.05555555555555555
2 0.09479166666666666 0.30787037037037035 0.0625 0.1175925925925926
2 0.12526041666666668 0.2916666666666667 0.04114583333333333 0.09259259259259259
0 0.24869791666666666 0.48009259259259257 0.07552083333333333 0.3527777777777778
0 0.49114583333333334 0.5078703703703704 0.09166666666666666 0.3453703703703704
3 0.3138020833333333 0.33425925925925926 0.0390625 0.07222222222222222
