2 0.96171875 0.3625 0.0234375 0.041666666666666664
2 0.4466145833333333 0.3347222222222222 0.0265625 0.05277777777777778
2 0.5411458333333333 0.3111111111111111 0.0375 0.06851851851851852
0 0.9598958333333333 0.48194444444444445 0.078125 0.28055555555555556
3 0.040364583333333336 0.35509259259259257 0.0265625 0.04722222222222222
2 0.19453125 0.22685185185185186 0.0546875 0.09074074074074075
0 0.4322916666666667 0.4625 0.09791666666666667 0.3101851851851852
0 0.54765625 0.475462962962963 0.1078125 0.4009259259259259
0 0.03984375 0.48518518518518516 0.0796875 0.3148148148148148
0 0.19765625 0.4976851851851852 0.2015625 0.6546296296296297
