2 0.7479166666666667 0.1935185185185185 0.025 0.05555555555555555
0 0.7450520833333333 0.34814814814814815 0.0984375 0.37037037037037035
0 0.56953125 0.33564814814814814 0.0890625 0.3398148148148148
2 0.5705729166666667 0.19814814814814816 0.028645833333333332 0.05185185185185185
0 0.05807291666666667 0.35185185185185186 0.11614583333333334 0.5037037037037037
0 0.43802083333333336 0.33055555555555555 0.071875 0.2537037037037037
2 0.03984375 0.1476851851851852 0.04114583333333333 0.09166666666666666
2 0.43671875 0.2273148148148148 0.0234375 0.04351851851851852
2 0.76484375 0.1935185185185185 0.0265625 0.05555555555555555
2 0.07395833333333333 0.14814814814814814 0.035416666666666666 0.07962962962962963
