0 0.4942708333333333 0.5226851851851851 0.17291666666666666 0.6824074074074075
2 0.9065104166666667 0.3648148148148148 0.03177083333333333 0.05555555555555555
0 0.9390625 0.5018518518518519 0.11354166666666667 0.3314814814814815
0 0.7291666666666666 0.5328703703703703 0.18229166666666666 0.6527777777777778
2 0.7153645833333333 0.26805555555555555 0.0578125 0.1175925925925926
0 0.6359375 0.475462962962963 0.071875 0.35833333333333334
2 0.6447916666666667 0.325 0.029166666666666667 0.05555555555555555
2 0.8239583333333333 0.3439814814814815 0.026041666666666668 0.04351851851851852
2 0.5036458333333333 0.23194444444444445 0.05625 0.08425925925925926
0 0.8265625 0.4689814814814815 0.06979166666666667 0.2972222222222222
