3 0.5125 0.41782407407407407 0.026041666666666668 0.046296296296296294
2 0.38059895833333335 0.4310185185185185 0.02734375 0.05
0 0.29830729166666664 0.6356481481481482 0.13515625 0.5259259259259259
0 0.076171875 0.5564814814814815 0.08671875 0.32222222222222224
0 0.849609375 0.6208333333333333 0.24869791666666666 0.7398148148148148
0 0.3768229166666667 0.5578703703703703 0.05416666666666667 0.3101851851851852
2 0.8471354166666667 0.32407407407407407 0.07239583333333334 0.1361111111111111
0 0.5213541666666667 0.56875 0.09895833333333333 0.3587962962962963
2 0.306640625 0.41689814814814813 0.04921875 0.07731481481481481
2 0.06263020833333334 0.42314814814814816 0.029427083333333333 0.05277777777777778
