3 0.5911458333333334 0.06620370370370371 0.01875 0.03888888888888889
3 0.28854166666666664 0.1125 0.0515625 0.08148148148148149
0 0.29296875 0.3384259259259259 0.18489583333333334 0.6157407407407407
0 0.5901041666666667 0.14814814814814814 0.06458333333333334 0.21296296296296297
0 0.71328125 0.16944444444444445 0.06302083333333333 0.22777777777777777
0 0.475 0.17592592592592593 0.06145833333333333 0.2351851851851852
2 0.2875 0.07824074074074074 0.051041666666666666 0.08981481481481482
2 0.24921875 0.09074074074074075 0.028645833333333332 0.053703703703703705
2 0.7106770833333333 0.07453703703703704 0.0203125 0.03425925925925926
2 0.47760416666666666 0.08101851851851852 0.020833333333333332 0.04351851851851852
