2 0.5213541666666667 0.20277777777777778 0.034375 0.05
0 0.5052083333333334 0.30925925925925923 0.10104166666666667 0.3351851851851852
0 0.17786458333333333 0.30648148148148147 0.0921875 0.3277777777777778
0 0.4161458333333333 0.3023148148148148 0.06354166666666666 0.23981481481481481
2 0.4859375 0.17453703703703705 0.028125 0.05277777777777778
2 0.75859375 0.18101851851851852 0.0234375 0.04351851851851852
2 0.1859375 0.17222222222222222 0.028125 0.05555555555555555
2 0.41692708333333334 0.2050925925925926 0.0234375 0.04351851851851852
2 0.50859375 0.16435185185185186 0.0234375 0.04351851851851852
0 0.753125 0.30324074074074076 0.07291666666666667 0.28055555555555556
