3 0.5119791666666667 0.41689814814814813 0.028125 0.05416666666666667
2 0.36497395833333335 0.41944444444444445 0.028385416666666666 0.05185185185185185
0 0.35651041666666666 0.5564814814814815 0.07135416666666666 0.3296296296296296
2 0.8447916666666667 0.3226851851851852 0.07239583333333334 0.13703703703703704
0 0.09791666666666667 0.549074074074074 0.06979166666666667 0.3472222222222222
0 0.16940104166666667 0.6546296296296297 0.17994791666666668 0.6185185185185185
0 0.8483072916666666 0.6196759259259259 0.24921875 0.7421296296296296
2 0.18763020833333333 0.39375 0.05182291666666667 0.08935185185185185
0 0.5140625 0.5694444444444444 0.10052083333333334 0.3675925925925926
2 0.09713541666666667 0.40532407407407406 0.03125 0.056018518518518516
