2 0.42473958333333334 0.3541666666666667 0.0234375 0.04722222222222222
3 0.29453125 0.387037037037037 0.0234375 0.05555555555555555
2 0.5684895833333333 0.3375 0.0265625 0.04722222222222222
0 0.41041666666666665 0.46944444444444444 0.11041666666666666 0.29259259259259257
0 0.28854166666666664 0.48055555555555557 0.09791666666666667 0.3333333333333333
3 0.6947916666666667 0.25601851851851853 0.051041666666666666 0.10462962962962963
0 0.09505208333333333 0.5041666666666667 0.1390625 0.4287037037037037
2 0.10833333333333334 0.33101851851851855 0.03854166666666667 0.07685185185185185
0 0.5747395833333333 0.4675925925925926 0.08802083333333334 0.32037037037037036
0 0.7127604166666667 0.5087962962962963 0.1546875 0.6305555555555555
2 0.30911458333333336 0.3435185185185185 0.025520833333333333 0.053703703703703705
