0 0.490234375 0.4773148148148148 0.12005208333333334 0.5157407407407407
0 0.6473958333333333 0.4412037037037037 0.09166666666666666 0.375
0 0.39088541666666665 0.4428240740740741 0.10364583333333334 0.3736111111111111
0 0.8305989583333333 0.40949074074074077 0.06380208333333333 0.24583333333333332
0 0.5665364583333333 0.3909722222222222 0.06015625 0.2810185185185185
2 0.22890625 0.25601851851851853 0.04375 0.07777777777777778
2 0.48658854166666665 0.26458333333333334 0.04505208333333333 0.0875
2 0.06927083333333334 0.2798611111111111 0.03177083333333333 0.0587962962962963
2 0.82890625 0.30694444444444446 0.021875 0.03796296296296296
2 0.6446614583333333 0.28564814814814815 0.03203125 0.06018518518518518
2 0.5645833333333333 0.27361111111111114 0.0265625 0.04351851851851852
2 0.408203125 0.2877314814814815 0.031510416666666666 0.056018518518518516
3 0.3815104166666667 0.30416666666666664 0.030729166666666665 0.058333333333333334
0 0.23528645833333334 0.4474537037037037 0.11692708333333333 0.46435185185185185
0 0.066796875 0.4219907407407407 0.09817708333333333 0.3476851851851852
