0 0.7640625 0.14722222222222223 0.05520833333333333 0.22962962962962963
0 0.2674479166666667 0.29398148148148145 0.11822916666666666 0.5398148148148149
0 0.6635416666666667 0.23564814814814813 0.09479166666666666 0.38981481481481484
2 0.2799479166666667 0.07222222222222222 0.0484375 0.09074074074074075
0 0.6127604166666667 0.1935185185185185 0.05364583333333333 0.3037037037037037
2 0.4544270833333333 0.0787037037037037 0.05260416666666667 0.09259259259259259
2 0.6583333333333333 0.07222222222222222 0.035416666666666666 0.05925925925925926
2 0.6213541666666667 0.06759259259259259 0.025 0.046296296296296294
2 0.7625 0.05277777777777778 0.019791666666666666 0.03518518518518519
3 0.38697916666666665 0.07175925925925926 0.07291666666666667 0.14166666666666666
2 0.7625 0.05277777777777778 0.019791666666666666 0.03518518518518519
0 0.41119791666666666 0.44907407407407407 0.25052083333333336 0.8851851851851852
