0 0.4979166666666667 0.6180555555555556 0.20416666666666666 0.6805555555555556
0 0.7166666666666667 0.49074074074074076 0.07916666666666666 0.30925925925925923
2 0.6041666666666666 0.34953703703703703 0.034375 0.06944444444444445
2 0.5494791666666666 0.36435185185185187 0.04479166666666667 0.0787037037037037
0 0.6640625 0.4925925925925926 0.05 0.3314814814814815
2 0.4434895833333333 0.3476851851851852 0.0234375 0.06759259259259259
2 0.7229166666666667 0.36527777777777776 0.026041666666666668 0.04537037037037037
0 0.6114583333333333 0.5162037037037037 0.07916666666666666 0.4046296296296296
2 0.65859375 0.3662037037037037 0.0328125 0.06018518518518518
3 0.1609375 0.3212962962962963 0.046875 0.09259259259259259
2 0.478125 0.33055555555555555 0.05625 0.1037037037037037
0 0.17421875 0.5685185185185185 0.1953125 0.6314814814814815
2 0.6973958333333333 0.3611111111111111 0.028125 0.05185185185185185
0 0.38645833333333335 0.5208333333333334 0.07916666666666666 0.425
2 0.3921875 0.34305555555555556 0.03854166666666667 0.06574074074074074
