0 0.4127604166666667 0.25972222222222224 0.0578125 0.25462962962962965
2 0.61640625 0.14953703703703702 0.0203125 0.041666666666666664
2 0.7911458333333333 0.1550925925925926 0.026041666666666668 0.04722222222222222
2 0.7184895833333333 0.14537037037037037 0.028645833333333332 0.046296296296296294
2 0.41770833333333335 0.15601851851851853 0.022916666666666665 0.04351851851851852
0 0.61484375 0.25324074074074077 0.0546875 0.24351851851851852
0 0.67734375 0.2796296296296296 0.0859375 0.3537037037037037
2 0.48984375 0.10138888888888889 0.0421875 0.08425925925925926
2 0.06354166666666666 0.13425925925925927 0.029166666666666667 0.05185185185185185
0 0.7848958333333333 0.2828703703703704 0.0625 0.3138888888888889
0 0.06692708333333333 0.2759259259259259 0.0859375 0.3351851851851852
0 0.48203125 0.3074074074074074 0.1234375 0.5018518518518519
2 0.6794270833333333 0.14351851851851852 0.0296875 0.05
2 0.6796875 0.11527777777777778 0.03125 0.03425925925925926
