0 0.6997395833333333 0.4375 0.1296875 0.4046296296296296
0 0.3453125 0.4398148148148148 0.0875 0.29074074074074074
2 0.6033854166666667 0.29212962962962963 0.0234375 0.04351851851851852
2 0.6828125 0.2777777777777778 0.035416666666666666 0.06851851851851852
0 0.5518229166666667 0.4152777777777778 0.0609375 0.30092592592592593
2 0.5546875 0.2912037037037037 0.026041666666666668 0.05092592592592592
0 0.7895833333333333 0.41805555555555557 0.07916666666666666 0.33055555555555555
0 0.15833333333333333 0.4476851851851852 0.08229166666666667 0.30648148148148147
2 0.31953125 0.32222222222222224 0.0234375 0.053703703703703705
2 0.7973958333333333 0.28194444444444444 0.029166666666666667 0.05648148148148148
2 0.15703125 0.3212962962962963 0.0265625 0.05555555555555555
0 0.6075520833333333 0.41898148148148145 0.0765625 0.3101851851851852
2 0.3416666666666667 0.3226851851851852 0.025 0.05277777777777778
