0 0.5673177083333333 0.3798611111111111 0.07890625 0.2884259259259259
2 0.7428385416666666 0.2675925925925926 0.026822916666666665 0.049074074074074076
2 0.022265625 0.2178240740740741 0.03984375 0.07731481481481481
2 0.6692708333333334 0.24861111111111112 0.033854166666666664 0.06481481481481481
0 0.7479166666666667 0.3912037037037037 0.06041666666666667 0.30185185185185187
2 0.2838541666666667 0.2738425925925926 0.0234375 0.043055555555555555
2 0.6953125 0.2513888888888889 0.028125 0.06388888888888888
3 0.571484375 0.26064814814814813 0.02109375 0.046296296296296294
0 0.036458333333333336 0.4011574074074074 0.07291666666666667 0.45046296296296295
0 0.6833333333333333 0.418287037037037 0.1078125 0.41435185185185186
