3 0.48671875 0.2199074074074074 0.0390625 0.0787037037037037
3 0.77265625 0.2564814814814815 0.025520833333333333 0.05277777777777778
0 0.15755208333333334 0.38981481481481484 0.12864583333333332 0.3537037037037037
0 0.4739583333333333 0.47453703703703703 0.21145833333333333 0.6583333333333333
0 0.6625 0.3143518518518518 0.07291666666666667 0.275
0 0.7671875 0.3421296296296296 0.07916666666666666 0.2953703703703704
2 0.1625 0.24537037037037038 0.03333333333333333 0.06111111111111111
3 0.44635416666666666 0.1935185185185185 0.05416666666666667 0.09444444444444444
2 0.67421875 0.19953703703703704 0.019270833333333334 0.03981481481481482
2 0.6583333333333333 0.19814814814814816 0.01875 0.03888888888888889
2 0.7684895833333333 0.22824074074074074 0.028645833333333332 0.04722222222222222
