2 0.4778645833333333 0.2773148148148148 0.016145833333333335 0.032407407407407406
2 0.36796875 0.262037037037037 0.043229166666666666 0.08148148148148149
3 0.5484375 0.2800925925925926 0.018229166666666668 0.03333333333333333
0 0.2916666666666667 0.40046296296296297 0.08020833333333334 0.27870370370370373
0 0.38307291666666665 0.46574074074074073 0.12760416666666666 0.49444444444444446
3 0.6302083333333334 0.29398148148148145 0.029166666666666667 0.058333333333333334
2 0.2994791666666667 0.2861111111111111 0.025 0.04814814814814815
0 0.5546875 0.35833333333333334 0.06458333333333334 0.24259259259259258
2 0.5513020833333333 0.25833333333333336 0.021354166666666667 0.040740740740740744
0 0.6356770833333333 0.41898148148148145 0.0734375 0.3398148148148148
0 0.47890625 0.35694444444444445 0.0546875 0.1935185185185185
