0 0.17864583333333334 0.4074074074074074 0.06458333333333334 0.3333333333333333
2 0.5216145833333333 0.2671296296296296 0.0296875 0.06759259259259259
3 0.25807291666666665 0.23148148148148148 0.044270833333333336 0.07037037037037037
2 0.6544270833333333 0.26435185185185184 0.022395833333333334 0.03981481481481482
0 0.40651041666666665 0.3787037037037037 0.0734375 0.25555555555555554
0 0.6596354166666667 0.3731481481481482 0.07552083333333333 0.26296296296296295
0 0.26484375 0.4652777777777778 0.15989583333333332 0.5435185185185185
0 0.5221354166666666 0.42268518518518516 0.09114583333333333 0.3861111111111111
3 0.40546875 0.3060185185185185 0.019270833333333334 0.03425925925925926
2 0.5432291666666667 0.2601851851851852 0.020833333333333332 0.046296296296296294
2 0.4080729166666667 0.2726851851851852 0.0203125 0.03981481481481482
2 0.20234375 0.27546296296296297 0.033854166666666664 0.06018518518518518
