0 0.7932291666666667 0.1736111111111111 0.07395833333333333 0.2861111111111111
2 0.5869791666666667 0.07777777777777778 0.027083333333333334 0.05648148148148148
0 0.5859375 0.19768518518518519 0.078125 0.30462962962962964
0 0.40182291666666664 0.38657407407407407 0.19114583333333332 0.7268518518518519
0 0.6755208333333333 0.17222222222222222 0.071875 0.3
3 0.38645833333333335 0.08194444444444444 0.058333333333333334 0.1175925925925926
3 0.68359375 0.050462962962962966 0.024479166666666666 0.05092592592592592
3 0.7942708333333334 0.05740740740740741 0.027083333333333334 0.05
0 0.7197916666666667 0.15046296296296297 0.03333333333333333 0.19537037037037036
2 0.7177083333333333 0.07083333333333333 0.017708333333333333 0.030555555555555555
