0 0.16666666666666666 0.46620370370370373 0.20416666666666666 0.7324074074074074
2 0.43072916666666666 0.16435185185185186 0.026041666666666668 0.0787037037037037
3 0.4044270833333333 0.16712962962962963 0.0421875 0.09351851851851851
2 0.29713541666666665 0.21851851851851853 0.0328125 0.06296296296296296
2 0.6309895833333333 0.17453703703703705 0.0328125 0.058333333333333334
2 0.1921875 0.16898148148148148 0.04479166666666667 0.08425925925925926
2 0.14583333333333334 0.15601851851851853 0.06354166666666666 0.11574074074074074
0 0.29661458333333335 0.3675925925925926 0.09114583333333333 0.3648148148148148
0 0.43072916666666666 0.39305555555555555 0.15104166666666666 0.5527777777777778
0 0.6385416666666667 0.33287037037037037 0.09479166666666666 0.3824074074074074
