0 0.17786458333333333 0.38657407407407407 0.09791666666666667 0.2212962962962963
0 0.84609375 0.39444444444444443 0.0671875 0.24814814814814815
2 0.3416666666666667 0.26342592592592595 0.028125 0.06018518518518518
2 0.64609375 0.2967592592592593 0.0234375 0.04537037037037037
2 0.18333333333333332 0.2986111111111111 0.017708333333333333 0.03796296296296296
2 0.8518229166666667 0.2875 0.016145833333333335 0.030555555555555555
2 0.8385416666666666 0.2953703703703704 0.016666666666666666 0.03518518518518519
2 0.2859375 0.3013888888888889 0.01875 0.03796296296296296
0 0.6403645833333333 0.3976851851851852 0.06197916666666667 0.2490740740740741
0 0.33697916666666666 0.3888888888888889 0.07395833333333333 0.3111111111111111
