2 0.43463541666666666 0.22685185185185186 0.03802083333333333 0.10185185185185185
2 0.13489583333333333 0.35555555555555557 0.026041666666666668 0.05555555555555555
2 0.79296875 0.3648148148148148 0.028645833333333332 0.053703703703703705
2 0.9161458333333333 0.35694444444444445 0.025 0.04351851851851852
2 0.46328125 0.22083333333333333 0.0640625 0.11388888888888889
0 0.11848958333333333 0.4837962962962963 0.09739583333333333 0.3287037037037037
0 0.9135416666666667 0.4787037037037037 0.08229166666666667 0.2851851851851852
0 0.7984375 0.4837962962962963 0.075 0.2972222222222222
3 0.11640625 0.4060185185185185 0.0234375 0.04722222222222222
0 0.44895833333333335 0.5203703703703704 0.21875 0.7129629629629629
