0 0.26927083333333335 0.5055555555555555 0.1 0.4185185185185185
2 0.35052083333333334 0.3527777777777778 0.04375 0.08148148148148149
0 0.3450520833333333 0.5300925925925926 0.0828125 0.4601851851851852
2 0.26536458333333335 0.3365740740740741 0.025520833333333333 0.05277777777777778
2 0.28828125 0.3296296296296296 0.0328125 0.07037037037037037
3 0.4546875 0.34305555555555556 0.04479166666666667 0.09351851851851851
2 0.04895833333333333 0.3282407407407407 0.03854166666666667 0.06759259259259259
0 0.43463541666666666 0.5731481481481482 0.1546875 0.5555555555555556
0 0.0546875 0.5125 0.109375 0.44351851851851853
3 0.41770833333333335 0.3648148148148148 0.034375 0.07592592592592592
