3 0.42578125 0.21064814814814814 0.04010416666666667 0.0787037037037037
3 0.7223958333333333 0.1986111111111111 0.022916666666666665 0.04351851851851852
3 0.74296875 0.2101851851851852 0.021354166666666667 0.037037037037037035
0 0.41067708333333336 0.3962962962962963 0.11510416666666666 0.4740740740740741
2 0.54765625 0.20694444444444443 0.0296875 0.05462962962962963
2 0.57265625 0.2037037037037037 0.030729166666666665 0.06111111111111111
3 0.63203125 0.21203703703703702 0.0421875 0.07777777777777778
0 0.7372395833333333 0.3347222222222222 0.09010416666666667 0.30648148148148147
0 0.559375 0.3680555555555556 0.08333333333333333 0.38981481481481484
0 0.65078125 0.43796296296296294 0.13802083333333334 0.5444444444444444
