0 0.328125 0.4532407407407407 0.26145833333333335 0.8546296296296296
0 0.4861979166666667 0.2916666666666667 0.08072916666666667 0.2953703703703704
2 0.48515625 0.1763888888888889 0.0296875 0.05648148148148148
3 0.6609375 0.18796296296296297 0.022916666666666665 0.04259259259259259
2 0.3450520833333333 0.1310185185185185 0.06979166666666667 0.1537037037037037
2 0.7463541666666667 0.16342592592592592 0.019791666666666666 0.041666666666666664
0 0.7463541666666667 0.2625 0.06354166666666666 0.24351851851851852
2 0.8278645833333333 0.14814814814814814 0.024479166666666666 0.04259259259259259
0 0.8286458333333333 0.26990740740740743 0.07708333333333334 0.2898148148148148
3 0.2643229166666667 0.11157407407407408 0.11822916666666666 0.14537037037037037
0 0.6606770833333333 0.274537037037037 0.06614583333333333 0.21944444444444444
