0 0.5942708333333333 0.5726851851851852 0.08229166666666667 0.33055555555555555
2 0.43359375 0.42592592592592593 0.0359375 0.06851851851851852
3 0.4705729166666667 0.4425925925925926 0.03802083333333333 0.06851851851851852
2 0.059895833333333336 0.38657407407407407 0.051041666666666666 0.09351851851851851
0 0.3567708333333333 0.6574074074074074 0.1875 0.6648148148148149
2 0.5166666666666667 0.4305555555555556 0.03125 0.05555555555555555
0 0.07083333333333333 0.6305555555555555 0.14166666666666666 0.5888888888888889
2 0.2234375 0.3819444444444444 0.057291666666666664 0.09351851851851851
0 0.2203125 0.6398148148148148 0.1375 0.6166666666666667
2 0.33645833333333336 0.38657407407407407 0.06354166666666666 0.11018518518518519
0 0.4817708333333333 0.6541666666666667 0.13541666666666666 0.5101851851851852
2 0.5989583333333334 0.4444444444444444 0.034375 0.05555555555555555
