2 0.2677083333333333 0.31319444444444444 0.019791666666666666 0.02962962962962963
0 0.043229166666666666 0.41875 0.08645833333333333 0.37083333333333335
3 0.5877604166666667 0.2590277777777778 0.03697916666666667 0.06712962962962964
0 0.829296875 0.4125 0.06432291666666666 0.24166666666666667
2 0.03177083333333333 0.2657407407407407 0.030729166666666665 0.06111111111111111
0 0.39114583333333336 0.3921296296296296 0.05260416666666667 0.19537037037037036
2 0.82734375 0.31157407407407406 0.01875 0.03148148148148148
0 0.584375 0.4476851851851852 0.11197916666666667 0.45185185185185184
0 0.2635416666666667 0.4078703703703704 0.08489583333333334 0.21898148148148147
3 0.39231770833333335 0.31157407407407406 0.015885416666666666 0.03333333333333333
