2 0.1203125 0.14027777777777778 0.026041666666666668 0.04722222222222222
0 0.12213541666666666 0.27314814814814814 0.0859375 0.31851851851851853
0 0.3453125 0.26851851851851855 0.075 0.29259259259259257
0 0.4354166666666667 0.26666666666666666 0.078125 0.3037037037037037
0 0.6171875 0.28425925925925927 0.096875 0.412962962962963
0 0.7122395833333334 0.26851851851851855 0.0765625 0.31296296296296294
2 0.7158854166666667 0.15601851851851853 0.028645833333333332 0.05277777777777778
2 0.3515625 0.15324074074074073 0.028125 0.05277777777777778
2 0.5591145833333333 0.14212962962962963 0.0234375 0.04537037037037037
0 0.5549479166666667 0.25601851851851853 0.059895833333333336 0.28055555555555556
0 0.7971354166666667 0.26990740740740743 0.0484375 0.2675925925925926
0 0.83671875 0.2777777777777778 0.0546875 0.28888888888888886
2 0.8390625 0.15787037037037038 0.026041666666666668 0.04722222222222222
2 0.8046875 0.15925925925925927 0.022916666666666665 0.040740740740740744
2 0.6200520833333333 0.11851851851851852 0.0359375 0.07592592592592592
2 0.43411458333333336 0.1425925925925926 0.028645833333333332 0.05740740740740741
