0 0.3263020833333333 0.2986111111111111 0.1171875 0.48055555555555557
0 0.5216145833333333 0.25787037037037036 0.05364583333333333 0.25462962962962965
2 0.5236979166666667 0.15648148148148147 0.0203125 0.044444444444444446
0 0.62109375 0.3194444444444444 0.10677083333333333 0.45555555555555555
0 0.7052083333333333 0.2800925925925926 0.06979166666666667 0.3194444444444444
2 0.33229166666666665 0.1050925925925926 0.051041666666666666 0.08796296296296297
0 0.4315104166666667 0.3384259259259259 0.16302083333333334 0.6472222222222223
2 0.7072916666666667 0.14629629629629629 0.029166666666666667 0.053703703703703705
2 0.6239583333333333 0.13240740740740742 0.041666666666666664 0.07777777777777778
2 0.41015625 0.10324074074074074 0.0484375 0.09537037037037037
2 0.44453125 0.06388888888888888 0.0421875 0.08333333333333333
