0 0.27421875 0.4648148148148148 0.1859375 0.6592592592592592
0 0.44765625 0.3685185185185185 0.10677083333333333 0.38333333333333336
0 0.5427083333333333 0.31851851851851853 0.07395833333333333 0.2796296296296296
2 0.28854166666666664 0.1865740740740741 0.057291666666666664 0.09351851851851851
3 0.74765625 0.20601851851851852 0.044270833333333336 0.09351851851851851
2 0.5369791666666667 0.2023148148148148 0.025 0.04537037037037037
3 0.44427083333333334 0.21296296296296297 0.034375 0.06296296296296296
2 0.6684895833333333 0.21666666666666667 0.027604166666666666 0.05
2 0.8158854166666667 0.20324074074074075 0.0234375 0.04537037037037037
0 0.7278645833333334 0.4263888888888889 0.22291666666666668 0.5388888888888889
