2 0.57734375 0.4361111111111111 0.0359375 0.05740740740740741
0 0.49973958333333335 0.5981481481481481 0.0890625 0.4185185185185185
2 0.33645833333333336 0.4064814814814815 0.04479166666666667 0.08148148148148149
2 0.4856770833333333 0.425 0.0359375 0.06666666666666667
3 0.4197916666666667 0.4425925925925926 0.04791666666666667 0.08333333333333333
0 0.08151041666666667 0.6430555555555556 0.16302083333333334 0.6916666666666667
0 0.5760416666666667 0.5833333333333334 0.0875 0.37222222222222223
0 0.24348958333333334 0.6305555555555555 0.23802083333333332 0.7166666666666667
0 0.42421875 0.6907407407407408 0.1703125 0.5851851851851851
2 0.215625 0.3458333333333333 0.084375 0.14351851851851852
2 0.07864583333333333 0.36157407407407405 0.06979166666666667 0.1175925925925926
