2 0.7239583333333334 0.06712962962962964 0.023958333333333335 0.04351851851851852
2 0.3580729166666667 0.07037037037037037 0.09010416666666667 0.1388888888888889
0 0.06328125 0.42685185185185187 0.1265625 0.7759259259259259
3 0.63515625 0.06342592592592593 0.04114583333333333 0.0824074074074074
2 0.55 0.06944444444444445 0.027083333333333334 0.05185185185185185
2 0.7471354166666667 0.06759259259259259 0.0203125 0.03518518518518519
0 0.7299479166666667 0.18981481481481483 0.0765625 0.29259259259259257
0 0.5466145833333333 0.20046296296296295 0.0765625 0.3175925925925926
0 0.6361979166666667 0.26666666666666666 0.1328125 0.4925925925925926
0 0.32760416666666664 0.4449074074074074 0.26875 0.8898148148148148
2 0.6080729166666666 0.07314814814814814 0.021354166666666667 0.053703703703703705
