0 0.48880208333333336 0.6106481481481482 0.1796875 0.6638888888888889
2 0.6731770833333334 0.36018518518518516 0.0296875 0.06481481481481481
2 0.6059895833333333 0.3638888888888889 0.03802083333333333 0.07037037037037037
2 0.7072916666666667 0.36064814814814816 0.029166666666666667 0.05462962962962963
2 0.5177083333333333 0.31805555555555554 0.035416666666666666 0.06574074074074074
0 0.29010416666666666 0.5861111111111111 0.3260416666666667 0.8018518518518518
2 0.17916666666666667 0.3194444444444444 0.051041666666666666 0.08888888888888889
0 0.6984375 0.5097222222222222 0.109375 0.3675925925925926
0 0.16171875 0.5546296296296296 0.0859375 0.5703703703703704
2 0.4828125 0.3587962962962963 0.06041666666666667 0.10092592592592593
2 0.26223958333333336 0.2708333333333333 0.0890625 0.1675925925925926
0 0.6091145833333333 0.5189814814814815 0.0765625 0.39351851851851855
