2 0.26276041666666666 0.21064814814814814 0.050520833333333334 0.09351851851851851
0 0.609375 0.3435185185185185 0.103125 0.42592592592592593
0 0.27630208333333334 0.38564814814814813 0.1796875 0.6583333333333333
0 0.8984375 0.41759259259259257 0.184375 0.6462962962962963
2 0.6067708333333334 0.1675925925925926 0.03854166666666667 0.07037037037037037
2 0.91171875 0.15092592592592594 0.05677083333333333 0.10925925925925926
2 0.2682291666666667 0.10740740740740741 0.06041666666666667 0.0962962962962963
2 0.19348958333333333 0.1597222222222222 0.0328125 0.075
0 0.4934895833333333 0.29398148148148145 0.059895833333333336 0.225
0 0.18645833333333334 0.3111111111111111 0.09479166666666666 0.38333333333333336
2 0.4947916666666667 0.20601851851851852 0.019791666666666666 0.041666666666666664
