0 0.08671875 0.4708333333333333 0.1734375 0.6509259259259259
0 0.6786458333333333 0.4289351851851852 0.08854166666666667 0.3486111111111111
0 0.32578125 0.575925925925926 0.20572916666666666 0.7814814814814814
0 0.5453125 0.4097222222222222 0.06614583333333333 0.28703703703703703
2 0.07643229166666667 0.20046296296296295 0.06171875 0.10277777777777777
2 0.31588541666666664 0.2537037037037037 0.0671875 0.1287037037037037
0 0.830859375 0.40949074074074077 0.06328125 0.24583333333333332
2 0.6759114583333333 0.2847222222222222 0.029427083333333333 0.05555555555555555
2 0.5479166666666667 0.29050925925925924 0.024479166666666666 0.04583333333333333
2 0.8296875 0.3071759259259259 0.022395833333333334 0.038425925925925926
0 0.60546875 0.39652777777777776 0.05625 0.2375
2 0.6041666666666666 0.2967592592592593 0.021875 0.037037037037037035
