0 0.26197916666666665 0.3990740740740741 0.10104166666666667 0.3685185185185185
3 0.56875 0.2972222222222222 0.019791666666666666 0.05
0 0.5653645833333333 0.4236111111111111 0.07135416666666666 0.3138888888888889
3 0.253125 0.24861111111111112 0.029166666666666667 0.06388888888888888
2 0.39479166666666665 0.2763888888888889 0.029166666666666667 0.05277777777777778
2 0.06979166666666667 0.22685185185185186 0.035416666666666666 0.07592592592592592
0 0.39453125 0.40185185185185185 0.0734375 0.3074074074074074
2 0.2755208333333333 0.24351851851851852 0.029166666666666667 0.05555555555555555
0 0.0796875 0.48055555555555557 0.159375 0.6685185185185185
2 0.1015625 0.2300925925925926 0.03854166666666667 0.06944444444444445
2 0.03229166666666667 0.19537037037037036 0.053125 0.09259259259259259
