0 0.190625 0.31666666666666665 0.12083333333333333 0.5925925925925926
0 0.3494791666666667 0.49398148148148147 0.290625 0.9787037037037037
0 0.6494791666666667 0.24166666666666667 0.09791666666666667 0.4111111111111111
0 0.75625 0.15092592592592594 0.057291666666666664 0.2388888888888889
0 0.584375 0.20324074074074075 0.06354166666666666 0.325
2 0.41901041666666666 0.07407407407407407 0.0546875 0.09814814814814815
2 0.21536458333333333 0.07407407407407407 0.05364583333333333 0.1
2 0.5934895833333333 0.06666666666666667 0.027604166666666666 0.04814814814814815
2 0.6427083333333333 0.07222222222222222 0.0375 0.06296296296296296
0 0.43802083333333336 0.29907407407407405 0.134375 0.5481481481481482
2 0.753125 0.05185185185185185 0.019791666666666666 0.037037037037037035
3 0.3138020833333333 0.07083333333333333 0.07864583333333333 0.14166666666666666
