0 0.5365885416666667 0.4111111111111111 0.07838541666666667 0.29074074074074074
0 0.8299479166666667 0.40949074074074077 0.06041666666666667 0.24583333333333332
0 0.40598958333333335 0.4337962962962963 0.09270833333333334 0.3824074074074074
0 0.61171875 0.3958333333333333 0.06458333333333334 0.25555555555555554
2 0.8282552083333333 0.3071759259259259 0.022135416666666668 0.038425925925925926
2 0.937890625 0.28449074074074077 0.02734375 0.05324074074074074
2 0.38919270833333336 0.27291666666666664 0.02734375 0.055092592592592596
2 0.41263020833333336 0.2810185185185185 0.02890625 0.05648148148148148
2 0.6140625 0.2877314814814815 0.020833333333333332 0.038425925925925926
2 0.6100260416666666 0.3013888888888889 0.020052083333333335 0.037037037037037035
2 0.5399739583333333 0.2916666666666667 0.026302083333333334 0.04814814814814815
2 0.5395833333333333 0.3013888888888889 0.027083333333333334 0.04537037037037037
