2 0.117578125 0.29560185185185184 0.026822916666666665 0.05138888888888889
0 0.3723958333333333 0.39351851851851855 0.06197916666666667 0.23333333333333334
2 0.5588541666666667 0.28217592592592594 0.029166666666666667 0.04675925925925926
2 0.287890625 0.2861111111111111 0.02578125 0.053703703703703705
2 0.30221354166666664 0.27824074074074073 0.01796875 0.04814814814814815
0 0.28541666666666665 0.40300925925925923 0.08229166666666667 0.29583333333333334
2 0.37356770833333336 0.29907407407407405 0.023697916666666666 0.040740740740740744
0 0.50078125 0.4013888888888889 0.0609375 0.27314814814814814
3 0.5032552083333334 0.2902777777777778 0.02421875 0.044444444444444446
0 0.5701822916666667 0.4074074074074074 0.08098958333333334 0.30185185185185187
0 0.11484375 0.418287037037037 0.0953125 0.3013888888888889
