2 0.5934895833333333 0.3106481481481482 0.0234375 0.040740740740740744
2 0.011067708333333334 0.1675925925925926 0.022135416666666668 0.17962962962962964
0 0.6986979166666667 0.41458333333333336 0.0734375 0.29212962962962963
0 0.5200520833333333 0.41087962962962965 0.06875 0.31712962962962965
0 0.44440104166666666 0.4340277777777778 0.09765625 0.3921296296296296
0 0.08567708333333333 0.5328703703703703 0.17135416666666667 0.9185185185185185
0 0.5912760416666667 0.40532407407407406 0.054947916666666666 0.23287037037037037
2 0.5194010416666667 0.27800925925925923 0.02734375 0.04861111111111111
2 0.7026041666666667 0.29259259259259257 0.025520833333333333 0.04537037037037037
3 0.4518229166666667 0.26689814814814816 0.028645833333333332 0.05416666666666667
