0 0.61484375 0.4013888888888889 0.14739583333333334 0.48055555555555557
3 0.7885416666666667 0.2523148148148148 0.021875 0.041666666666666664
3 0.40911458333333334 0.20416666666666666 0.03125 0.08518518518518518
2 0.78125 0.22361111111111112 0.022916666666666665 0.032407407407407406
0 0.4080729166666667 0.37546296296296294 0.1171875 0.42962962962962964
0 0.26484375 0.49537037037037035 0.2359375 0.7240740740740741
2 0.20234375 0.19814814814814816 0.0640625 0.10555555555555556
2 0.26510416666666664 0.19722222222222222 0.06145833333333333 0.12037037037037036
0 0.7794270833333333 0.32592592592592595 0.0703125 0.2611111111111111
3 0.5875 0.19814814814814816 0.03854166666666667 0.06481481481481481
3 0.6182291666666667 0.21064814814814814 0.027083333333333334 0.058333333333333334
