2 0.5390625 0.26157407407407407 0.025 0.049074074074074076
2 0.6877604166666667 0.2657407407407407 0.025520833333333333 0.044444444444444446
3 0.57734375 0.2722222222222222 0.0296875 0.05185185185185185
0 0.44921875 0.3597222222222222 0.059895833333333336 0.21574074074074073
2 0.4479166666666667 0.2722222222222222 0.01875 0.03888888888888889
3 0.3575520833333333 0.2523148148148148 0.04635416666666667 0.09907407407407408
0 0.5885416666666666 0.4115740740740741 0.07083333333333333 0.3416666666666667
0 0.5341145833333333 0.38472222222222224 0.0609375 0.29907407407407405
0 0.68359375 0.38472222222222224 0.07552083333333333 0.2898148148148148
0 0.37265625 0.49074074074074076 0.14947916666666666 0.5833333333333334
