0 0.4055989583333333 0.3951388888888889 0.06328125 0.22361111111111112
0 0.23203125 0.4050925925925926 0.0921875 0.3148148148148148
2 0.11380208333333333 0.22777777777777777 0.0546875 0.10925925925925926
0 0.28684895833333335 0.3909722222222222 0.05078125 0.2300925925925926
2 0.2869791666666667 0.2988425925925926 0.01875 0.0412037037037037
2 0.405078125 0.30416666666666664 0.019010416666666665 0.03981481481481482
2 0.243359375 0.2759259259259259 0.027864583333333335 0.05185185185185185
2 0.7143229166666667 0.2974537037037037 0.0265625 0.04953703703703704
0 0.12018229166666666 0.48935185185185187 0.17734375 0.6444444444444445
0 0.7154947916666666 0.41689814814814813 0.07682291666666667 0.29212962962962963
