2 0.14609375 0.08981481481481482 0.04114583333333333 0.07222222222222222
3 0.8341145833333333 0.12916666666666668 0.024479166666666666 0.04351851851851852
0 0.24791666666666667 0.23703703703703705 0.09583333333333334 0.26851851851851855
2 0.4231770833333333 0.062037037037037036 0.04114583333333333 0.07407407407407407
0 0.42942708333333335 0.26064814814814813 0.13177083333333334 0.47685185185185186
0 0.5903645833333333 0.2361111111111111 0.0984375 0.37592592592592594
0 0.13619791666666667 0.2587962962962963 0.14947916666666666 0.41759259259259257
0 0.7096354166666666 0.2263888888888889 0.0703125 0.32314814814814813
0 0.8333333333333334 0.23981481481481481 0.065625 0.2740740740740741
2 0.7072916666666667 0.09259259259259259 0.029166666666666667 0.053703703703703705
2 0.24791666666666667 0.12777777777777777 0.023958333333333335 0.046296296296296294
2 0.5908854166666667 0.08009259259259259 0.0328125 0.06018518518518518
