0 0.8013020833333333 0.34305555555555556 0.1640625 0.675
0 0.5848958333333333 0.32083333333333336 0.165625 0.5675925925925925
0 0.7020833333333333 0.2351851851851852 0.071875 0.29814814814814816
3 0.7744791666666667 0.06898148148148148 0.05520833333333333 0.11574074074074074
2 0.70234375 0.1087962962962963 0.0265625 0.04537037037037037
3 0.5536458333333333 0.0837962962962963 0.04895833333333333 0.09907407407407408
3 0.5901041666666667 0.09305555555555556 0.03854166666666667 0.08611111111111111
2 0.2708333333333333 0.10787037037037037 0.03229166666666667 0.06018518518518518
0 0.2513020833333333 0.24537037037037038 0.12135416666666667 0.3388888888888889
3 0.8122395833333333 0.10416666666666667 0.03802083333333333 0.0787037037037037
