2 0.15911458333333334 0.26458333333333334 0.028125 0.06157407407407407
2 0.5157552083333333 0.2326388888888889 0.04296875 0.10694444444444444
2 0.31588541666666664 0.3050925925925926 0.019791666666666666 0.03796296296296296
0 0.31875 0.394212962962963 0.0453125 0.22175925925925927
2 0.5419270833333333 0.24004629629629629 0.042708333333333334 0.10138888888888889
2 0.26419270833333336 0.2599537037037037 0.03463541666666667 0.06712962962962964
0 0.273828125 0.42685185185185187 0.12578125 0.4046296296296296
0 0.5279947916666666 0.4976851851851852 0.15755208333333334 0.6472222222222223
0 0.13489583333333333 0.41967592592592595 0.12395833333333334 0.3680555555555556
2 0.13489583333333333 0.2747685185185185 0.030208333333333334 0.06157407407407407
