2 0.18541666666666667 0.287962962962963 0.029166666666666667 0.05925925925925926
3 0.4869791666666667 0.26481481481481484 0.035416666666666666 0.05925925925925926
0 0.1828125 0.43194444444444446 0.10104166666666667 0.35462962962962963
0 0.4921875 0.43703703703703706 0.10104166666666667 0.4074074074074074
0 0.08125 0.5625 0.1625 0.8675925925925926
2 0.6505208333333333 0.2791666666666667 0.028125 0.05277777777777778
0 0.6515625 0.4074074074074074 0.08229166666666667 0.31296296296296294
2 0.03671875 0.21388888888888888 0.0734375 0.15925925925925927
0 0.42604166666666665 0.4009259259259259 0.059375 0.27037037037037037
2 0.4315104166666667 0.29444444444444445 0.025520833333333333 0.05555555555555555
