0 0.15807291666666667 0.5395833333333333 0.0953125 0.2773148148148148
2 0.5609375 0.4340277777777778 0.023958333333333335 0.043055555555555555
2 0.14791666666666667 0.42615740740740743 0.024479166666666666 0.04953703703703704
2 0.35390625 0.4377314814814815 0.025 0.052314814814814814
3 0.6986979166666667 0.4497685185185185 0.021875 0.03935185185185185
0 0.5541666666666667 0.5550925925925926 0.06979166666666667 0.28888888888888886
0 0.450390625 0.5777777777777777 0.09817708333333333 0.4074074074074074
0 0.6944010416666667 0.5664351851851852 0.07317708333333334 0.2773148148148148
0 0.3483072916666667 0.5493055555555556 0.07890625 0.2791666666666667
2 0.4518229166666667 0.41064814814814815 0.033854166666666664 0.06944444444444445
