0 0.7296875 0.23657407407407408 0.08125 0.33055555555555555
2 0.4921875 0.07407407407407407 0.034375 0.05740740740740741
2 0.7166666666666667 0.09953703703703703 0.029166666666666667 0.05277777777777778
2 0.39348958333333334 0.04212962962962963 0.0546875 0.08425925925925926
0 0.3971354166666667 0.29907407407407405 0.14322916666666666 0.5888888888888889
0 0.4986979166666667 0.23796296296296296 0.1046875 0.3925925925925926
2 0.5981770833333333 0.12222222222222222 0.021354166666666667 0.040740740740740744
0 0.20677083333333332 0.24722222222222223 0.15729166666666666 0.42407407407407405
0 0.6669270833333333 0.2796296296296296 0.10572916666666667 0.42407407407407405
0 0.5953125 0.21805555555555556 0.06458333333333334 0.23425925925925925
3 0.665625 0.11157407407407408 0.03697916666666667 0.06759259259259259
2 0.22708333333333333 0.06666666666666667 0.0515625 0.06481481481481481
