2 0.011848958333333333 0.41203703703703703 0.023697916666666666 0.0712962962962963
0 0.13203125 0.5655092592592592 0.109375 0.3560185185185185
0 0.5174479166666667 0.6159722222222223 0.1078125 0.425462962962963
0 0.3651041666666667 0.5636574074074074 0.10052083333333334 0.3587962962962963
0 0.8658854166666666 0.6233796296296297 0.246875 0.7319444444444444
0 0.027213541666666667 0.580324074074074 0.054427083333333334 0.41435185185185186
2 0.870703125 0.3333333333333333 0.07369791666666667 0.1388888888888889
2 0.5255208333333333 0.43796296296296294 0.0359375 0.06111111111111111
2 0.3723958333333333 0.4219907407407407 0.03229166666666667 0.07083333333333333
2 0.13567708333333334 0.4215277777777778 0.03229166666666667 0.06342592592592593
