2 0.6229166666666667 0.33101851851851855 0.034375 0.04537037037037037
2 0.3450520833333333 0.3939814814814815 0.0203125 0.04351851851851852
0 0.6151041666666667 0.49537037037037035 0.11666666666666667 0.37222222222222223
0 0.27005208333333336 0.5069444444444444 0.1453125 0.4861111111111111
3 0.60234375 0.35648148148148145 0.028645833333333332 0.05555555555555555
2 0.7458333333333333 0.35833333333333334 0.0375 0.06296296296296296
0 0.7489583333333333 0.524074074074074 0.10416666666666667 0.3962962962962963
0 0.35078125 0.49583333333333335 0.0484375 0.25277777777777777
2 0.23020833333333332 0.3 0.041666666666666664 0.07037037037037037
2 0.2703125 0.3226851851851852 0.04375 0.0824074074074074
