2 0.8268229166666666 0.2986111111111111 0.019270833333333334 0.03796296296296296
2 0.2328125 0.3037037037037037 0.019791666666666666 0.03888888888888889
2 0.8421875 0.2953703703703704 0.015625 0.03518518518518519
3 0.04505208333333333 0.22407407407407406 0.071875 0.12685185185185185
0 0.09557291666666666 0.48518518518518516 0.19114583333333332 0.6611111111111111
0 0.57421875 0.40694444444444444 0.07760416666666667 0.3435185185185185
0 0.44114583333333335 0.38657407407407407 0.053125 0.18981481481481483
2 0.57421875 0.26157407407407407 0.028645833333333332 0.049074074074074076
2 0.09765625 0.22361111111111112 0.0578125 0.09537037037037037
2 0.44140625 0.3087962962962963 0.016145833333333335 0.032407407407407406
0 0.6515625 0.39444444444444443 0.057291666666666664 0.23148148148148148
0 0.8390625 0.3976851851851852 0.07291666666666667 0.24351851851851852
