0 0.5622395833333333 0.5884259259259259 0.10052083333333334 0.4009259259259259
2 0.13645833333333332 0.3699074074074074 0.04479166666666667 0.08055555555555556
2 0.4161458333333333 0.40370370370370373 0.040625 0.07592592592592592
2 0.5638020833333334 0.4203703703703704 0.0328125 0.06296296296296296
2 0.3609375 0.4273148148148148 0.03125 0.06574074074074074
2 0.47109375 0.4305555555555556 0.0265625 0.05185185185185185
0 0.4158854166666667 0.6023148148148149 0.11614583333333334 0.4898148148148148
2 0.17109375 0.39444444444444443 0.03177083333333333 0.05555555555555555
0 0.3541666666666667 0.5768518518518518 0.06666666666666667 0.3907407407407407
0 0.47942708333333334 0.5726851851851852 0.0671875 0.3398148148148148
2 0.3828125 0.42314814814814816 0.022916666666666665 0.05555555555555555
0 0.18515625 0.5685185185185185 0.0765625 0.4166666666666667
0 0.10963541666666667 0.6314814814814815 0.2171875 0.7148148148148148
2 0.08098958333333334 0.34305555555555556 0.07239583333333334 0.125
