2 0.6455729166666667 0.2300925925925926 0.034895833333333334 0.049074074074074076
2 0.52109375 0.1935185185185185 0.0265625 0.06111111111111111
2 0.5377604166666666 0.19490740740740742 0.024479166666666666 0.058333333333333334
3 0.6546875 0.274537037037037 0.035416666666666666 0.06759259259259259
2 0.34348958333333335 0.21666666666666667 0.030729166666666665 0.06111111111111111
2 0.1859375 0.23287037037037037 0.029166666666666667 0.05462962962962963
0 0.5309895833333333 0.36666666666666664 0.1015625 0.412962962962963
0 0.34036458333333336 0.34953703703703703 0.09635416666666667 0.33240740740740743
0 0.6481770833333333 0.4236111111111111 0.1296875 0.4527777777777778
0 0.18619791666666666 0.37175925925925923 0.10052083333333334 0.33796296296296297
