0 0.9440104166666666 0.49444444444444446 0.0890625 0.34074074074074073
0 0.6552083333333333 0.49212962962962964 0.11041666666666666 0.4527777777777778
0 0.2721354166666667 0.48703703703703705 0.1046875 0.3333333333333333
2 0.6776041666666667 0.2962962962962963 0.035416666666666666 0.05555555555555555
0 0.76171875 0.5115740740740741 0.13489583333333333 0.5342592592592592
2 0.9466145833333334 0.35509259259259257 0.0328125 0.05462962962962963
2 0.82578125 0.34305555555555556 0.0234375 0.04351851851851852
2 0.27734375 0.3537037037037037 0.0265625 0.05555555555555555
0 0.83125 0.46944444444444444 0.06875 0.3
2 0.7484375 0.29259259259259257 0.04791666666666667 0.09259259259259259
