2 0.4661458333333333 0.24444444444444444 0.03125 0.03518518518518519
2 0.2635416666666667 0.25324074074074077 0.026041666666666668 0.04722222222222222
0 0.6723958333333333 0.42824074074074076 0.08229166666666667 0.33240740740740743
0 0.4591145833333333 0.46620370370370373 0.1734375 0.4935185185185185
2 0.67421875 0.29074074074074074 0.0296875 0.05555555555555555
3 0.43411458333333336 0.2625 0.0390625 0.075
0 0.26276041666666666 0.3819444444444444 0.0734375 0.3101851851851852
2 0.0484375 0.12314814814814815 0.0875 0.14444444444444443
0 0.1078125 0.524537037037037 0.2125 0.9435185185185185
2 0.19296875 0.24537037037037038 0.0296875 0.05555555555555555
3 0.46536458333333336 0.2800925925925926 0.034895833333333334 0.0712962962962963
0 0.19661458333333334 0.3925925925925926 0.09427083333333333 0.35185185185185186
