2 0.3497395833333333 0.29074074074074074 0.019270833333333334 0.03888888888888889
0 0.5388020833333333 0.5643518518518519 0.2203125 0.8527777777777777
3 0.5416666666666666 0.3347222222222222 0.05625 0.13425925925925927
0 0.16666666666666666 0.5175925925925926 0.328125 0.9481481481481482
2 0.56796875 0.2125 0.0703125 0.14166666666666666
3 0.13567708333333334 0.125 0.07864583333333333 0.14629629629629629
3 0.4421875 0.2351851851851852 0.03229166666666667 0.06296296296296296
0 0.34817708333333336 0.3837962962962963 0.059895833333333336 0.22685185185185186
0 0.4434895833333333 0.3958333333333333 0.0890625 0.39537037037037037
2 0.20234375 0.19722222222222222 0.07239583333333334 0.11851851851851852
