0 0.33541666666666664 0.3972222222222222 0.084375 0.3314814814814815
0 0.10416666666666667 0.37916666666666665 0.07916666666666666 0.3472222222222222
0 0.6020833333333333 0.4537037037037037 0.10104166666666667 0.3851851851851852
2 0.5942708333333333 0.2916666666666667 0.035416666666666666 0.05555555555555555
2 0.18828125 0.24074074074074073 0.0390625 0.06851851851851852
2 0.4609375 0.28055555555555556 0.035416666666666666 0.06296296296296296
0 0.19010416666666666 0.40555555555555556 0.11041666666666666 0.412962962962963
0 0.4544270833333333 0.44305555555555554 0.0953125 0.39351851851851855
2 0.33697916666666666 0.2564814814814815 0.026041666666666668 0.05
2 0.11171875 0.2351851851851852 0.0328125 0.05555555555555555
