0 0.35911458333333335 0.5634259259259259 0.11927083333333334 0.5101851851851852
0 0.26197916666666665 0.5087962962962963 0.10104166666666667 0.425
2 0.5729166666666666 0.38333333333333336 0.021875 0.040740740740740744
0 0.565625 0.49212962962962964 0.06354166666666666 0.2564814814814815
2 0.3541666666666667 0.3537037037037037 0.046875 0.08888888888888889
0 0.4984375 0.49953703703703706 0.06979166666666667 0.30462962962962964
0 0.04765625 0.5310185185185186 0.0953125 0.5657407407407408
2 0.51171875 0.37546296296296294 0.022395833333333334 0.04351851851851852
2 0.49192708333333335 0.37175925925925923 0.0203125 0.04351851851851852
2 0.26927083333333335 0.337037037037037 0.03854166666666667 0.07222222222222222
2 0.0234375 0.29305555555555557 0.046875 0.08796296296296297
