2 0.33203125 0.21712962962962962 0.030729166666666665 0.06018518518518518
2 0.5205729166666667 0.21388888888888888 0.0234375 0.05
3 0.7979166666666667 0.21342592592592594 0.021875 0.03796296296296296
2 0.7981770833333334 0.21296296296296297 0.021354166666666667 0.03888888888888889
2 0.7859375 0.2111111111111111 0.015625 0.03518518518518519
3 0.42578125 0.21944444444444444 0.0234375 0.046296296296296294
2 0.44192708333333336 0.22083333333333333 0.019270833333333334 0.044444444444444446
0 0.3268229166666667 0.35138888888888886 0.0890625 0.33240740740740743
0 0.7916666666666666 0.3212962962962963 0.08020833333333334 0.2611111111111111
0 0.42578125 0.32546296296296295 0.06822916666666666 0.2601851851851852
0 0.5190104166666667 0.3282407407407407 0.08385416666666666 0.2824074074074074
