0 0.8311197916666667 0.4101851851851852 0.06276041666666667 0.24537037037037038
0 0.25442708333333336 0.5574074074074075 0.2546875 0.8675925925925926
0 0.5372395833333333 0.45925925925925926 0.10572916666666667 0.4305555555555556
0 0.654296875 0.4078703703703704 0.06067708333333333 0.27314814814814814
2 0.23177083333333334 0.20208333333333334 0.0828125 0.15046296296296297
0 0.48333333333333334 0.4076388888888889 0.06145833333333333 0.3087962962962963
2 0.2994791666666667 0.23819444444444443 0.053125 0.09212962962962963
0 0.06536458333333334 0.40300925925925923 0.09583333333333334 0.2875
2 0.535546875 0.28078703703703706 0.037760416666666664 0.06805555555555555
2 0.174609375 0.25046296296296294 0.03203125 0.06759259259259259
2 0.488671875 0.2775462962962963 0.026302083333333334 0.04398148148148148
2 0.6546875 0.29583333333333334 0.023958333333333335 0.04537037037037037
2 0.07135416666666666 0.2835648148148148 0.0234375 0.04675925925925926
2 0.8290364583333333 0.3071759259259259 0.022135416666666668 0.038425925925925926
