2 0.7947916666666667 0.33564814814814814 0.025 0.04351851851851852
0 0.95703125 0.4810185185185185 0.0828125 0.36574074074074076
2 0.9666666666666667 0.32916666666666666 0.03229166666666667 0.05648148148148148
2 0.63046875 0.3074074074074074 0.0421875 0.07777777777777778
0 0.7846354166666667 0.45555555555555555 0.0546875 0.3
0 0.6260416666666667 0.5018518518518519 0.11041666666666666 0.4722222222222222
2 0.22552083333333334 0.15416666666666667 0.10104166666666667 0.18055555555555555
0 0.8380208333333333 0.4935185185185185 0.125 0.45
2 0.8385416666666666 0.3060185185185185 0.0375 0.06759259259259259
0 0.2604166666666667 0.5226851851851851 0.37916666666666665 0.9305555555555556
