0 0.34270833333333334 0.49212962962962964 0.09479166666666666 0.3472222222222222
2 0.5341145833333333 0.38055555555555554 0.019270833333333334 0.03333333333333333
2 0.3614583333333333 0.34305555555555556 0.026041666666666668 0.05648148148148148
2 0.3385416666666667 0.350462962962963 0.026041666666666668 0.04351851851851852
3 0.5010416666666667 0.3680555555555556 0.0375 0.07685185185185185
3 0.46822916666666664 0.38333333333333336 0.034375 0.05925925925925926
2 0.08098958333333334 0.2810185185185185 0.0609375 0.10833333333333334
0 0.19973958333333333 0.4925925925925926 0.0859375 0.34444444444444444
0 0.08177083333333333 0.5712962962962963 0.16354166666666667 0.6888888888888889
2 0.20078125 0.3490740740740741 0.0296875 0.053703703703703705
