0 0.8286458333333333 0.41180555555555554 0.057291666666666664 0.2412037037037037
0 0.08776041666666666 0.4164351851851852 0.0875 0.2986111111111111
2 0.45234375 0.2759259259259259 0.022916666666666665 0.04722222222222222
2 0.2890625 0.28587962962962965 0.020833333333333332 0.04212962962962963
2 0.35546875 0.28055555555555556 0.022395833333333334 0.046296296296296294
2 0.42356770833333335 0.2828703703703704 0.026302083333333334 0.05648148148148148
0 0.42486979166666666 0.4039351851851852 0.08463541666666667 0.3060185185185185
2 0.234375 0.26990740740740743 0.030208333333333334 0.06388888888888888
0 0.28815104166666666 0.3921296296296296 0.055989583333333336 0.2601851851851852
0 0.35546875 0.3925925925925926 0.06770833333333333 0.27314814814814814
0 0.23177083333333334 0.4164351851851852 0.09635416666666667 0.3625
3 0.092578125 0.29282407407407407 0.023697916666666666 0.047685185185185185
0 0.46145833333333336 0.38587962962962963 0.05416666666666667 0.27546296296296297
2 0.8311197916666667 0.3108796296296296 0.020572916666666666 0.033796296296296297
