0 0.7731770833333333 0.5282407407407408 0.1015625 0.3675925925925926
0 0.47604166666666664 0.5180555555555556 0.0875 0.35462962962962963
0 0.34765625 0.6101851851851852 0.1703125 0.6444444444444445
2 0.3299479166666667 0.3425925925925926 0.05364583333333333 0.0962962962962963
0 0.15416666666666667 0.5305555555555556 0.078125 0.2759259259259259
2 0.2703125 0.36666666666666664 0.0375 0.06481481481481481
2 0.7635416666666667 0.375 0.034375 0.05555555555555555
2 0.47239583333333335 0.3685185185185185 0.029166666666666667 0.05
2 0.15598958333333332 0.4185185185185185 0.0234375 0.046296296296296294
0 0.25885416666666666 0.5546296296296296 0.08229166666666667 0.45740740740740743
