0 0.6111979166666667 0.36666666666666664 0.10052083333333334 0.38333333333333336
3 0.30364583333333334 0.2074074074074074 0.025 0.053703703703703705
0 0.75703125 0.3578703703703704 0.0890625 0.3398148148148148
2 0.52578125 0.19953703703703704 0.03177083333333333 0.05462962962962963
2 0.7515625 0.2175925925925926 0.029166666666666667 0.05555555555555555
2 0.6041666666666666 0.2074074074074074 0.03333333333333333 0.05925925925925926
2 0.029166666666666667 0.25555555555555554 0.058333333333333334 0.13518518518518519
0 0.2942708333333333 0.33425925925925926 0.08125 0.3111111111111111
0 0.0875 0.5851851851851851 0.175 0.8037037037037037
0 0.5247395833333334 0.3453703703703704 0.0859375 0.35185185185185186
