2 0.42213541666666665 0.3263888888888889 0.03802083333333333 0.058333333333333334
2 0.7203125 0.3541666666666667 0.028125 0.05462962962962963
2 0.38177083333333334 0.30462962962962964 0.035416666666666666 0.06851851851851852
2 0.08098958333333334 0.18981481481481483 0.07239583333333334 0.1388888888888889
0 0.6200520833333333 0.4625 0.0859375 0.28425925925925927
0 0.3921875 0.48935185185185187 0.16979166666666667 0.4398148148148148
0 0.7114583333333333 0.47638888888888886 0.07604166666666666 0.30277777777777776
3 0.6419270833333334 0.34444444444444444 0.0171875 0.044444444444444446
2 0.1921875 0.25972222222222224 0.046875 0.08055555555555556
2 0.1453125 0.21805555555555556 0.05 0.08425925925925926
2 0.62421875 0.3476851851851852 0.0234375 0.05462962962962963
0 0.11276041666666667 0.5171296296296296 0.22552083333333334 0.7953703703703704
