0 0.10598958333333333 0.49953703703703706 0.16614583333333333 0.6435185185185185
2 0.5091145833333334 0.23796296296296296 0.04739583333333333 0.08333333333333333
2 0.36302083333333335 0.2916666666666667 0.026041666666666668 0.053703703703703705
2 0.26223958333333336 0.2662037037037037 0.050520833333333334 0.08425925925925926
0 0.36223958333333334 0.4078703703703704 0.0734375 0.2953703703703704
3 0.08932291666666667 0.2300925925925926 0.05364583333333333 0.09351851851851851
2 0.49609375 0.29953703703703705 0.044270833333333336 0.0824074074074074
0 0.2677083333333333 0.4810185185185185 0.14166666666666666 0.5268518518518519
0 0.5067708333333333 0.4675925925925926 0.14166666666666666 0.5555555555555556
2 0.28098958333333335 0.2574074074074074 0.03177083333333333 0.07592592592592592
