0 0.5466145833333333 0.49537037037037035 0.0609375 0.2722222222222222
2 0.53984375 0.3787037037037037 0.022395833333333334 0.040740740740740744
2 0.15390625 0.28379629629629627 0.0765625 0.12685185185185185
2 0.40520833333333334 0.3819444444444444 0.026041666666666668 0.04537037037037037
2 0.7635416666666667 0.37592592592592594 0.034375 0.05555555555555555
0 0.15729166666666666 0.6023148148148149 0.2791666666666667 0.7787037037037037
2 0.48020833333333335 0.36944444444444446 0.035416666666666666 0.06296296296296296
0 0.40598958333333335 0.5175925925925926 0.07552083333333333 0.32037037037037036
0 0.4864583333333333 0.5486111111111112 0.10416666666666667 0.4287037037037037
0 0.77265625 0.5282407407407408 0.1015625 0.3675925925925926
2 0.023958333333333335 0.4185185185185185 0.029166666666666667 0.05555555555555555
0 0.029947916666666668 0.5532407407407407 0.059895833333333336 0.33055555555555555
