2 0.7075520833333333 0.4233796296296296 0.021354166666666667 0.038425925925925926
2 0.26901041666666664 0.37800925925925927 0.035416666666666666 0.07546296296296297
0 0.2618489583333333 0.5305555555555556 0.09921875 0.38333333333333336
0 0.707421875 0.5349537037037037 0.06380208333333333 0.26435185185185184
0 0.19791666666666666 0.5162037037037037 0.07916666666666666 0.325
2 0.212109375 0.4085648148148148 0.029947916666666668 0.05648148148148148
2 0.21471354166666667 0.3710648148148148 0.029166666666666667 0.031018518518518518
0 0.343359375 0.5259259259259259 0.05078125 0.23055555555555557
2 0.34661458333333334 0.4321759259259259 0.018489583333333334 0.043055555555555555
0 0.51171875 0.5148148148148148 0.06432291666666666 0.22824074074074074
2 0.5158854166666667 0.42268518518518516 0.020572916666666666 0.041666666666666664
