2 0.4125 0.2518518518518518 0.029166666666666667 0.053703703703703705
0 0.11041666666666666 0.5893518518518519 0.22083333333333333 0.812037037037037
0 0.6036458333333333 0.4393518518518518 0.109375 0.4212962962962963
0 0.3692708333333333 0.45231481481481484 0.13541666666666666 0.5157407407407407
0 0.22291666666666668 0.4078703703703704 0.090625 0.30462962962962964
3 0.07526041666666666 0.25 0.06927083333333334 0.12407407407407407
0 0.42604166666666665 0.3837962962962963 0.07291666666666667 0.325
2 0.3645833333333333 0.2361111111111111 0.040625 0.07777777777777778
2 0.2296875 0.2847222222222222 0.026041666666666668 0.05462962962962963
3 0.5981770833333333 0.29074074074074074 0.034895833333333334 0.05925925925925926
2 0.6020833333333333 0.2518518518518518 0.03229166666666667 0.044444444444444446
