2 0.4197916666666667 0.2814814814814815 0.04479166666666667 0.08333333333333333
2 0.86328125 0.35648148148148145 0.022395833333333334 0.03518518518518519
0 0.8635416666666667 0.47175925925925927 0.07291666666666667 0.2657407407407407
0 0.43125 0.4888888888888889 0.140625 0.5055555555555555
0 0.04114583333333333 0.48564814814814816 0.08229166666666667 0.31574074074074077
0 0.9596354166666666 0.48009259259259257 0.0765625 0.28425925925925927
3 0.04479166666666667 0.3560185185185185 0.026041666666666668 0.05092592592592592
2 0.9630208333333333 0.3625 0.022916666666666665 0.04351851851851852
0 0.61953125 0.449537037037037 0.0859375 0.2564814814814815
2 0.6322916666666667 0.3439814814814815 0.021875 0.04351851851851852
