0 0.7591145833333334 0.23425925925925925 0.08385416666666666 0.3314814814814815
0 0.45625 0.34814814814814815 0.22083333333333333 0.6962962962962963
0 0.0765625 0.27037037037037037 0.153125 0.4444444444444444
0 0.5549479166666667 0.23703703703703705 0.0828125 0.3537037037037037
2 0.75234375 0.0962962962962963 0.0296875 0.05555555555555555
2 0.5518229166666667 0.09027777777777778 0.027604166666666666 0.058333333333333334
3 0.4669270833333333 0.050462962962962966 0.05677083333333333 0.10092592592592593
2 0.07682291666666667 0.09444444444444444 0.049479166666666664 0.07592592592592592
2 0.37734375 0.09861111111111111 0.027604166666666666 0.05277777777777778
2 0.3580729166666667 0.1050925925925926 0.021354166666666667 0.05555555555555555
