2 0.16901041666666666 0.35324074074074074 0.033854166666666664 0.06018518518518518
2 0.47578125 0.33287037037037037 0.03697916666666667 0.04537037037037037
0 0.31692708333333336 0.4935185185185185 0.0859375 0.4148148148148148
2 0.3859375 0.35509259259259257 0.029166666666666667 0.058333333333333334
2 0.30885416666666665 0.3236111111111111 0.03854166666666667 0.0712962962962963
3 0.23255208333333333 0.30277777777777776 0.0546875 0.09444444444444444
0 0.48020833333333335 0.5101851851851852 0.09479166666666666 0.42777777777777776
0 0.3953125 0.4935185185185185 0.08229166666666667 0.3388888888888889
0 0.24114583333333334 0.5930555555555556 0.19791666666666666 0.675
2 0.47421875 0.3611111111111111 0.04114583333333333 0.05555555555555555
0 0.5606770833333333 0.49722222222222223 0.0703125 0.3148148148148148
2 0.5575520833333333 0.37037037037037035 0.025520833333333333 0.05740740740740741
