2 0.40989583333333335 0.08935185185185185 0.034375 0.058333333333333334
3 0.5796875 0.09537037037037037 0.040625 0.07592592592592592
0 0.05234375 0.26064814814814813 0.1046875 0.4546296296296296
2 0.6018229166666667 0.08055555555555556 0.028645833333333332 0.05740740740740741
2 0.03333333333333333 0.08055555555555556 0.042708333333333334 0.07222222222222222
2 0.30234375 0.04722222222222222 0.0421875 0.07407407407407407
0 0.31614583333333335 0.2569444444444444 0.12916666666666668 0.5064814814814815
0 0.5950520833333334 0.29768518518518516 0.14739583333333334 0.49722222222222223
0 0.40208333333333335 0.22824074074074074 0.0875 0.3398148148148148
0 0.22760416666666666 0.3611111111111111 0.225 0.7222222222222222
