2 0.219140625 0.27152777777777776 0.030989583333333334 0.05694444444444444
3 0.42877604166666666 0.29768518518518516 0.032552083333333336 0.06388888888888888
0 0.4295572916666667 0.449537037037037 0.11953125 0.40925925925925927
0 0.5920572916666667 0.4150462962962963 0.08307291666666666 0.3263888888888889
0 0.13333333333333333 0.4666666666666667 0.1734375 0.6129629629629629
0 0.227734375 0.4113425925925926 0.08463541666666667 0.3421296296296296
2 0.5920572916666667 0.28055555555555556 0.029947916666666668 0.053703703703703705
2 0.12552083333333333 0.21689814814814815 0.05911458333333333 0.1
2 0.8305989583333333 0.3074074074074074 0.021614583333333333 0.03796296296296296
2 0.424609375 0.2759259259259259 0.03567708333333333 0.05740740740740741
0 0.8348958333333333 0.40949074074074077 0.053125 0.2513888888888889
