0 0.11666666666666667 0.4837962962962963 0.12708333333333333 0.3861111111111111
0 0.5442708333333334 0.43148148148148147 0.071875 0.3277777777777778
0 0.8765625 0.3907407407407407 0.09479166666666666 0.2574074074074074
2 0.6075520833333333 0.29953703703703705 0.0328125 0.06018518518518518
0 0.6174479166666667 0.4726851851851852 0.0984375 0.4101851851851852
3 0.87265625 0.28703703703703703 0.022395833333333334 0.04259259259259259
2 0.48020833333333335 0.30324074074074076 0.021875 0.041666666666666664
3 0.5450520833333333 0.29583333333333334 0.0296875 0.05277777777777778
0 0.7651041666666667 0.38796296296296295 0.053125 0.22777777777777777
3 0.12083333333333333 0.325 0.03333333333333333 0.06481481481481481
2 0.7640625 0.29212962962962963 0.019791666666666666 0.03425925925925926
0 0.47708333333333336 0.40370370370370373 0.06458333333333334 0.24444444444444444
