2 0.15299479166666666 0.275 0.02578125 0.053703703703703705
2 0.48138020833333334 0.29421296296296295 0.01796875 0.034722222222222224
0 0.47552083333333334 0.39166666666666666 0.058854166666666666 0.2324074074074074
3 0.60390625 0.2851851851851852 0.025260416666666667 0.05416666666666667
0 0.5994791666666667 0.4185185185185185 0.11223958333333334 0.32314814814814813
2 0.29973958333333334 0.31504629629629627 0.0203125 0.04212962962962963
3 0.082421875 0.2902777777777778 0.023177083333333334 0.04351851851851852
0 0.15364583333333334 0.40717592592592594 0.0921875 0.3226851851851852
0 0.07552083333333333 0.412962962962963 0.08020833333333334 0.29444444444444445
0 0.30130208333333336 0.4025462962962963 0.0671875 0.22361111111111112
2 0.458203125 0.29907407407407405 0.019010416666666665 0.040740740740740744
