0 0.030338541666666666 0.5590277777777778 0.06067708333333333 0.31157407407407406
0 0.40677083333333336 0.5560185185185185 0.052083333333333336 0.2972222222222222
3 0.5151041666666667 0.4199074074074074 0.025520833333333333 0.046296296296296294
2 0.40729166666666666 0.43703703703703706 0.027083333333333334 0.05092592592592592
2 0.006510416666666667 0.42962962962962964 0.013020833333333334 0.04722222222222222
0 0.5220052083333333 0.569675925925926 0.10546875 0.3578703703703704
2 0.34544270833333335 0.42569444444444443 0.047135416666666666 0.07175925925925926
2 0.84765625 0.3247685185185185 0.07239583333333334 0.13657407407407407
0 0.8498697916666667 0.6210648148148148 0.24921875 0.7393518518518518
0 0.3411458333333333 0.6229166666666667 0.11302083333333333 0.48657407407407405
