0 0.8557291666666667 0.4759259259259259 0.121875 0.26851851851851855
2 0.29973958333333334 0.38981481481481484 0.022395833333333334 0.05
2 0.234375 0.40879629629629627 0.020833333333333332 0.041666666666666664
2 0.7533854166666667 0.37453703703703706 0.0328125 0.05648148148148148
0 0.51484375 0.5032407407407408 0.07239583333333334 0.3138888888888889
0 0.29739583333333336 0.5018518518518519 0.075 0.2777777777777778
0 0.7609375 0.524537037037037 0.10104166666666667 0.36574074074074076
2 0.5109375 0.3712962962962963 0.028125 0.05
0 0.22916666666666666 0.4935185185185185 0.06979166666666667 0.21851851851851853
3 0.8471354166666667 0.3675925925925926 0.027604166666666666 0.053703703703703705
