0 0.61328125 0.4842592592592593 0.11302083333333333 0.40370370370370373
0 0.3536458333333333 0.5546296296296296 0.20416666666666666 0.7388888888888889
3 0.7765625 0.3537037037037037 0.029166666666666667 0.053703703703703705
0 0.78203125 0.48148148148148145 0.0765625 0.31666666666666665
3 0.609375 0.31805555555555554 0.034375 0.06388888888888888
2 0.03125 0.32731481481481484 0.04375 0.08055555555555556
2 0.9838541666666667 0.3425925925925926 0.029166666666666667 0.053703703703703705
2 0.359375 0.2550925925925926 0.06770833333333333 0.1398148148148148
2 0.47265625 0.2833333333333333 0.0515625 0.08888888888888889
0 0.4822916666666667 0.5060185185185185 0.13854166666666667 0.5435185185185185
0 0.9572916666666667 0.4981481481481482 0.08333333333333333 0.37037037037037035
0 0.049479166666666664 0.5185185185185185 0.09895833333333333 0.48148148148148145
