2 0.4434895833333333 0.38101851851851853 0.0234375 0.04351851851851852
0 0.13463541666666667 0.5518518518518518 0.14427083333333332 0.5037037037037037
3 0.13645833333333332 0.32546296296296295 0.03229166666666667 0.06018518518518518
3 0.8010416666666667 0.43194444444444446 0.046875 0.09351851851851851
3 0.12916666666666668 0.36203703703703705 0.03854166666666667 0.07592592592592592
0 0.5388020833333333 0.5263888888888889 0.0734375 0.33240740740740743
0 0.31484375 0.48657407407407405 0.07239583333333334 0.2916666666666667
2 0.31484375 0.3680555555555556 0.0265625 0.05092592592592592
0 0.44427083333333334 0.49398148148148147 0.06666666666666667 0.275
3 0.8265625 0.3458333333333333 0.03854166666666667 0.08055555555555556
2 0.5385416666666667 0.38657407407407407 0.029166666666666667 0.05277777777777778
0 0.8067708333333333 0.5412037037037037 0.21875 0.47685185185185186
