2 0.6604166666666667 0.34814814814814815 0.029166666666666667 0.05740740740740741
0 0.3046875 0.5305555555555556 0.346875 0.9166666666666666
2 0.5927083333333333 0.33564814814814814 0.026041666666666668 0.05462962962962963
0 0.6528645833333333 0.4824074074074074 0.0734375 0.3333333333333333
0 0.5796875 0.4648148148148148 0.09479166666666666 0.31296296296296294
2 0.31223958333333335 0.16527777777777777 0.1046875 0.1935185185185185
2 0.5729166666666666 0.3439814814814815 0.019791666666666666 0.04351851851851852
2 0.7231770833333333 0.3574074074074074 0.0203125 0.040740740740740744
2 0.9635416666666666 0.4060185185185185 0.035416666666666666 0.05277777777777778
0 0.7197916666666667 0.45787037037037037 0.0625 0.24351851851851852
0 0.9692708333333333 0.5680555555555555 0.06041666666666667 0.39537037037037037
