2 0.5403645833333334 0.41805555555555557 0.0171875 0.03981481481481482
2 0.47682291666666665 0.40555555555555556 0.0359375 0.07777777777777778
0 0.13515625 0.5990740740740741 0.2671875 0.7814814814814814
2 0.1234375 0.2898148148148148 0.09375 0.1574074074074074
0 0.4734375 0.5879629629629629 0.11354166666666667 0.45555555555555555
0 0.5625 0.5888888888888889 0.084375 0.3962962962962963
0 0.26145833333333335 0.5805555555555556 0.10416666666666667 0.4537037037037037
0 0.02265625 0.575 0.0453125 0.5555555555555556
0 0.017708333333333333 0.6106481481481482 0.035416666666666666 0.4935185185185185
0 0.011458333333333333 0.6175925925925926 0.022916666666666665 0.4703703703703704
2 0.3614583333333333 0.41898148148148145 0.029166666666666667 0.04722222222222222
0 0.3645833333333333 0.5555555555555556 0.06979166666666667 0.32592592592592595
2 0.24036458333333333 0.3925925925925926 0.04114583333333333 0.07222222222222222
2 0.27786458333333336 0.3925925925925926 0.0328125 0.05925925925925926
2 0.5635416666666667 0.4203703703703704 0.029166666666666667 0.053703703703703705
