2 0.015625 0.08101851851851852 0.03125 0.06759259259259259
0 0.5096354166666667 0.33240740740740743 0.20885416666666667 0.6555555555555556
0 0.7958333333333333 0.2273148148148148 0.075 0.30648148148148147
0 0.6125 0.22870370370370371 0.078125 0.31666666666666665
0 0.3 0.24027777777777778 0.12604166666666666 0.3472222222222222
3 0.51953125 0.05416666666666667 0.05260416666666667 0.09537037037037037
2 0.7893229166666667 0.10046296296296296 0.025520833333333333 0.05092592592592592
0 0.03359375 0.2791666666666667 0.0671875 0.47314814814814815
2 0.6098958333333333 0.09722222222222222 0.027083333333333334 0.053703703703703705
2 0.2989583333333333 0.1 0.029166666666666667 0.05555555555555555
2 0.32421875 0.09398148148148149 0.0265625 0.05277777777777778
