0 0.3528645833333333 0.4527777777777778 0.08489583333333334 0.4203703703703704
0 0.14244791666666667 0.5199074074074074 0.28489583333333335 0.9472222222222222
0 0.64375 0.5625 0.225 0.8064814814814815
2 0.14895833333333333 0.13287037037037036 0.09166666666666666 0.16944444444444445
0 0.9114583333333334 0.5175925925925926 0.07916666666666666 0.34444444444444444
2 0.6302083333333334 0.22314814814814815 0.06666666666666667 0.13148148148148148
2 0.42161458333333335 0.29398148148148145 0.0390625 0.08425925925925926
0 0.4140625 0.487962962962963 0.1125 0.4759259259259259
2 0.9177083333333333 0.37407407407407406 0.029166666666666667 0.053703703703703705
2 0.3809895833333333 0.2828703703703704 0.0328125 0.075
