3 0.39739583333333334 0.2914351851851852 0.029166666666666667 0.0587962962962963
0 0.5889322916666667 0.41597222222222224 0.09348958333333333 0.3523148148148148
0 0.4197916666666667 0.4375 0.11041666666666666 0.3907407407407407
0 0.8309895833333333 0.4085648148148148 0.059895833333333336 0.24675925925925926
0 0.7490885416666667 0.40300925925925923 0.09661458333333334 0.2912037037037037
0 0.05546875 0.5300925925925926 0.1109375 0.7305555555555555
2 0.42434895833333336 0.275 0.03567708333333333 0.06574074074074074
2 0.8287760416666666 0.30625 0.02265625 0.03935185185185185
2 0.753515625 0.28171296296296294 0.025260416666666667 0.04583333333333333
2 0.5791666666666667 0.29189814814814813 0.0265625 0.04953703703703704
2 0.58828125 0.2638888888888889 0.028645833333333332 0.046296296296296294
2 0.024479166666666666 0.25625 0.04895833333333333 0.11342592592592593
