2 0.3614583333333333 0.0625 0.03802083333333333 0.05555555555555555
3 0.36171875 0.11435185185185186 0.040625 0.09907407407407408
0 0.20598958333333334 0.22685185185185186 0.11822916666666666 0.3351851851851852
0 0.58125 0.15138888888888888 0.06875 0.22314814814814815
3 0.5807291666666666 0.0625 0.01875 0.04351851851851852
0 0.7216145833333333 0.16296296296296298 0.0609375 0.21851851851851853
0 0.4473958333333333 0.18101851851851852 0.06875 0.2490740740740741
2 0.4546875 0.08009259259259259 0.021875 0.04537037037037037
2 0.20338541666666668 0.08888888888888889 0.030729166666666665 0.05555555555555555
2 0.7192708333333333 0.07268518518518519 0.019791666666666666 0.032407407407407406
0 0.36432291666666666 0.29907407407407405 0.15677083333333333 0.5425925925925926
