0 0.83125 0.4099537037037037 0.06510416666666667 0.24583333333333332
0 0.43606770833333336 0.5592592592592592 0.20338541666666668 0.7388888888888889
0 0.19544270833333333 0.46111111111111114 0.14453125 0.5083333333333333
2 0.19205729166666666 0.24814814814814815 0.04453125 0.07685185185185185
2 0.43111979166666664 0.2490740740740741 0.061197916666666664 0.11203703703703703
2 0.068359375 0.28703703703703703 0.029427083333333333 0.06018518518518518
0 0.26484375 0.40370370370370373 0.06875 0.32592592592592595
0 0.05611979166666667 0.41759259259259257 0.09921875 0.32314814814814813
2 0.47122395833333336 0.25763888888888886 0.028385416666666666 0.0625
2 0.27239583333333334 0.26643518518518516 0.025520833333333333 0.050462962962962966
2 0.8294270833333334 0.3074074074074074 0.022395833333333334 0.03888888888888889
2 0.24934895833333334 0.28032407407407406 0.026302083333333334 0.050462962962962966
2 0.489453125 0.2574074074074074 0.01953125 0.058333333333333334
