0 0.07044270833333334 0.42685185185185187 0.12838541666666667 0.35833333333333334
0 0.9751302083333333 0.41388888888888886 0.04869791666666667 0.22037037037037038
2 0.264453125 0.31851851851851853 0.018489583333333334 0.03796296296296296
2 0.09518229166666667 0.28217592592592594 0.02421875 0.05416666666666667
2 0.071484375 0.2810185185185185 0.029427083333333333 0.06574074074074074
2 0.31796875 0.28726851851851853 0.024479166666666666 0.05138888888888889
0 0.316796875 0.3990740740740741 0.07526041666666666 0.27870370370370373
0 0.454296875 0.4587962962962963 0.11015625 0.412962962962963
2 0.9825520833333333 0.32523148148148145 0.021875 0.03657407407407407
0 0.25221354166666665 0.40162037037037035 0.06848958333333334 0.20879629629629629
2 0.865234375 0.30324074074074076 0.017447916666666667 0.032407407407407406
2 0.44635416666666666 0.2886574074074074 0.033854166666666664 0.06342592592592593
