2 0.7059895833333333 0.25416666666666665 0.021354166666666667 0.030555555555555555
0 0.7104166666666667 0.3685185185185185 0.065625 0.2611111111111111
0 0.5296875 0.41064814814814815 0.08854166666666667 0.3768518518518518
0 0.30859375 0.42777777777777776 0.11510416666666666 0.44074074074074077
0 0.36692708333333335 0.3731481481481482 0.06197916666666667 0.24814814814814815
0 0.24036458333333333 0.41574074074074074 0.06302083333333333 0.37962962962962965
2 0.2950520833333333 0.24444444444444444 0.0359375 0.06481481481481481
2 0.3658854166666667 0.275 0.024479166666666666 0.04814814814814815
2 0.25442708333333336 0.262037037037037 0.0359375 0.05925925925925926
2 0.6049479166666667 0.24537037037037038 0.0265625 0.05
0 0.61015625 0.37222222222222223 0.07239583333333334 0.3074074074074074
3 0.7104166666666667 0.2777777777777778 0.021875 0.03611111111111111
3 0.5231770833333333 0.25555555555555554 0.029166666666666667 0.05555555555555555
