0 0.83984375 0.3990740740740741 0.0734375 0.24259259259259258
2 0.8270833333333333 0.300462962962963 0.017708333333333333 0.037037037037037035
2 0.840625 0.29814814814814816 0.017708333333333333 0.037037037037037035
0 0.4825520833333333 0.4111111111111111 0.10260416666666666 0.3611111111111111
0 0.29322916666666665 0.3925925925925926 0.06875 0.24259259259259258
2 0.29348958333333336 0.29444444444444445 0.021354166666666667 0.044444444444444446
2 0.48854166666666665 0.26435185185185184 0.025 0.05277777777777778
2 0.23255208333333333 0.30462962962962964 0.019270833333333334 0.03888888888888889
3 0.46432291666666664 0.26851851851851855 0.03802083333333333 0.07777777777777778
2 0.6802083333333333 0.28379629629629627 0.020833333333333332 0.03425925925925926
0 0.6776041666666667 0.38657407407407407 0.04895833333333333 0.23981481481481481
0 0.22135416666666666 0.3912037037037037 0.078125 0.2175925925925926
