0 0.10911458333333333 0.6217592592592592 0.2171875 0.7305555555555555
0 0.3885416666666667 0.6222222222222222 0.13541666666666666 0.5814814814814815
2 0.065625 0.33240740740740743 0.08125 0.15185185185185185
0 0.5109375 0.575462962962963 0.078125 0.3675925925925926
2 0.17291666666666666 0.4101851851851852 0.051041666666666666 0.09444444444444444
2 0.38255208333333335 0.3921296296296296 0.0515625 0.09351851851851851
0 0.30104166666666665 0.6069444444444444 0.08229166666666667 0.487962962962963
2 0.50546875 0.42314814814814816 0.0296875 0.05555555555555555
0 0.19791666666666666 0.6439814814814815 0.10625 0.5805555555555556
2 0.3098958333333333 0.41435185185185186 0.040625 0.06944444444444445
3 0.3671875 0.4685185185185185 0.053125 0.07962962962962963
