2 0.21510416666666668 0.2263888888888889 0.07708333333333334 0.13425925925925927
2 0.37786458333333334 0.23148148148148148 0.024479166666666666 0.04814814814814815
2 0.44635416666666666 0.23148148148148148 0.022916666666666665 0.040740740740740744
2 0.5411458333333333 0.19907407407407407 0.023958333333333335 0.046296296296296294
2 0.45026041666666666 0.21712962962962962 0.0234375 0.04351851851851852
0 0.5190104166666667 0.40185185185185185 0.11302083333333333 0.45185185185185184
0 0.22395833333333334 0.5569444444444445 0.2520833333333333 0.8009259259259259
0 0.37604166666666666 0.34675925925925927 0.07916666666666666 0.2824074074074074
0 0.44505208333333335 0.31666666666666665 0.06302083333333333 0.2388888888888889
2 0.515625 0.2152777777777778 0.0375 0.06759259259259259
