0 0.8303385416666667 0.4099537037037037 0.06380208333333333 0.24583333333333332
0 0.5459635416666667 0.39467592592592593 0.06588541666666667 0.29398148148148145
0 0.092578125 0.41898148148148145 0.07421875 0.3333333333333333
2 0.457421875 0.25810185185185186 0.04921875 0.09398148148148149
0 0.3470052083333333 0.45393518518518516 0.11692708333333333 0.4041666666666667
2 0.362890625 0.2877314814814815 0.03463541666666667 0.06712962962962964
2 0.164453125 0.2518518518518518 0.04505208333333333 0.08425925925925926
2 0.82890625 0.30694444444444446 0.021875 0.03796296296296296
0 0.45989583333333334 0.4875 0.13385416666666666 0.5601851851851852
2 0.6338541666666667 0.2863425925925926 0.033854166666666664 0.06435185185185185
2 0.10455729166666666 0.2826388888888889 0.02734375 0.05324074074074074
3 0.33372395833333335 0.2988425925925926 0.03046875 0.059722222222222225
2 0.5447916666666667 0.27152777777777776 0.027604166666666666 0.04583333333333333
0 0.63671875 0.4474537037037037 0.0953125 0.3921296296296296
0 0.173828125 0.45925925925925926 0.12994791666666666 0.5055555555555555
