0 0.9645833333333333 0.33101851851851855 0.06979166666666667 0.4546296296296296
0 0.2643229166666667 0.32407407407407407 0.1109375 0.3388888888888889
0 0.79375 0.2791666666666667 0.06145833333333333 0.22870370370370371
0 0.5822916666666667 0.28055555555555556 0.06145833333333333 0.23703703703703705
0 0.7223958333333333 0.27037037037037037 0.057291666666666664 0.2111111111111111
3 0.2671875 0.18796296296296297 0.027083333333333334 0.05925925925925926
2 0.7223958333333333 0.18518518518518517 0.017708333333333333 0.037037037037037035
2 0.7911458333333333 0.18425925925925926 0.020833333333333332 0.037037037037037035
2 0.5864583333333333 0.18518518518518517 0.020833333333333332 0.046296296296296294
2 0.9856770833333334 0.14212962962962963 0.027604166666666666 0.06759259259259259
3 0.2869791666666667 0.18333333333333332 0.024479166666666666 0.05740740740740741
