2 0.4109375 0.3277777777777778 0.029166666666666667 0.05925925925925926
0 0.030208333333333334 0.475 0.06041666666666667 0.34074074074074073
2 0.5747395833333333 0.3287037037037037 0.022395833333333334 0.05555555555555555
2 0.5497395833333333 0.32175925925925924 0.0328125 0.06388888888888888
2 0.14973958333333334 0.32083333333333336 0.03802083333333333 0.0787037037037037
2 0.7671875 0.32731481481481484 0.028125 0.04537037037037037
0 0.13932291666666666 0.49166666666666664 0.12552083333333333 0.4185185185185185
0 0.40182291666666664 0.45601851851851855 0.08489583333333334 0.325
0 0.5484375 0.48703703703703705 0.11666666666666667 0.3962962962962963
0 0.7611979166666667 0.46064814814814814 0.08489583333333334 0.3175925925925926
