0 0.5399739583333333 0.5587962962962963 0.07213541666666666 0.26990740740740743
2 0.5451822916666667 0.4534722222222222 0.02265625 0.052314814814814814
0 0.35546875 0.6488425925925926 0.1484375 0.5699074074074074
0 0.069921875 0.5967592592592592 0.13984375 0.5157407407407407
0 0.861328125 0.6252314814814814 0.24921875 0.7291666666666666
0 0.18671875 0.5787037037037037 0.08854166666666667 0.32407407407407407
0 0.26067708333333334 0.5638888888888889 0.07552083333333333 0.30092592592592593
2 0.8736979166666666 0.3363425925925926 0.071875 0.1412037037037037
2 0.08229166666666667 0.38680555555555557 0.044270833333333336 0.09027777777777778
2 0.3611979166666667 0.4083333333333333 0.04791666666666667 0.07962962962962963
2 0.2643229166666667 0.44212962962962965 0.025520833333333333 0.05462962962962963
2 0.19388020833333333 0.44583333333333336 0.026822916666666665 0.05185185185185185
