2 0.015625 0.2074074074074074 0.03125 0.17407407407407408
2 0.665625 0.1986111111111111 0.01875 0.03796296296296296
3 0.5268229166666667 0.21574074074074073 0.0359375 0.07592592592592592
0 0.39791666666666664 0.3680555555555556 0.08645833333333333 0.3824074074074074
3 0.4005208333333333 0.21574074074074073 0.029166666666666667 0.06481481481481481
0 0.5213541666666667 0.4527777777777778 0.18645833333333334 0.6
0 0.6697916666666667 0.3111111111111111 0.06979166666666667 0.26666666666666666
0 0.08880208333333334 0.5555555555555556 0.17760416666666667 0.8814814814814815
3 0.49140625 0.1962962962962963 0.04739583333333333 0.08333333333333333
0 0.76953125 0.3277777777777778 0.07447916666666667 0.3055555555555556
2 0.11145833333333334 0.24722222222222223 0.03854166666666667 0.06666666666666667
2 0.6799479166666667 0.20092592592592592 0.019270833333333334 0.03888888888888889
3 0.7739583333333333 0.2361111111111111 0.026041666666666668 0.05555555555555555
