2 0.4940104166666667 0.22870370370370371 0.022395833333333334 0.04259259259259259
2 0.3372395833333333 0.22824074074074074 0.0234375 0.04351851851851852
0 0.4921875 0.33101851851851855 0.06666666666666667 0.25462962962962965
0 0.17473958333333334 0.46805555555555556 0.20989583333333334 0.8379629629629629
0 0.5635416666666667 0.3300925925925926 0.07916666666666666 0.3453703703703704
2 0.15859375 0.11712962962962963 0.06927083333333334 0.12685185185185185
2 0.5572916666666666 0.18472222222222223 0.029166666666666667 0.05462962962962963
0 0.04296875 0.37824074074074077 0.0859375 0.325
0 0.3385416666666667 0.3435185185185185 0.07291666666666667 0.2777777777777778
2 0.05026041666666667 0.24259259259259258 0.0328125 0.05555555555555555
