3 0.4393229166666667 0.262037037037037 0.04895833333333333 0.1
2 0.7502604166666667 0.22175925925925927 0.024479166666666666 0.04537037037037037
2 0.7044270833333334 0.225 0.0265625 0.05
2 0.41328125 0.23333333333333334 0.05572916666666667 0.10925925925925926
2 0.9052083333333333 0.20972222222222223 0.023958333333333335 0.04351851851851852
2 0.3182291666666667 0.2125 0.030208333333333334 0.06018518518518518
0 0.04401041666666667 0.4134259259259259 0.08802083333333334 0.4583333333333333
0 0.7572916666666667 0.3287037037037037 0.05625 0.2611111111111111
0 0.31223958333333335 0.3638888888888889 0.10052083333333334 0.3685185185185185
0 0.4200520833333333 0.47129629629629627 0.1578125 0.5944444444444444
0 0.9049479166666666 0.33611111111111114 0.07864583333333333 0.3
0 0.7 0.35555555555555557 0.07395833333333333 0.31296296296296294
2 0.01015625 0.22777777777777777 0.0203125 0.07592592592592592
