0 0.04479166666666667 0.43680555555555556 0.08958333333333333 0.4134259259259259
2 0.019401041666666667 0.2655092592592593 0.03515625 0.07083333333333333
3 0.26927083333333335 0.24513888888888888 0.040625 0.07731481481481481
0 0.42604166666666665 0.43472222222222223 0.09479166666666666 0.4046296296296296
0 0.2598958333333333 0.47800925925925924 0.15364583333333334 0.5523148148148148
0 0.6932291666666667 0.4222222222222222 0.0765625 0.325
0 0.5126302083333333 0.41875 0.06796875 0.28564814814814815
2 0.6916666666666667 0.2865740740740741 0.027604166666666666 0.05
2 0.42682291666666666 0.26481481481481484 0.034895833333333334 0.06111111111111111
2 0.516015625 0.30069444444444443 0.02578125 0.04675925925925926
