2 0.31015625 0.3824074074074074 0.0640625 0.11666666666666667
2 0.4734375 0.4185185185185185 0.035416666666666666 0.06666666666666667
0 0.19270833333333334 0.6435185185185185 0.12291666666666666 0.5888888888888889
3 0.2947916666666667 0.46620370370370373 0.06354166666666666 0.10092592592592593
0 0.09635416666666667 0.6717592592592593 0.16666666666666666 0.6509259259259259
2 0.55 0.4351851851851852 0.03125 0.053703703703703705
2 0.08333333333333333 0.40370370370370373 0.06354166666666666 0.11851851851851852
2 0.17786458333333333 0.4060185185185185 0.0546875 0.10277777777777777
0 0.3171875 0.6472222222222223 0.165625 0.6777777777777778
0 0.55703125 0.5800925925925926 0.0765625 0.3416666666666667
0 0.4783854166666667 0.5921296296296297 0.0921875 0.4212962962962963
