2 0.7731770833333333 0.33611111111111114 0.0359375 0.06851851851851852
0 0.50390625 0.46296296296296297 0.0734375 0.29444444444444445
0 0.7671875 0.5018518518518519 0.10104166666666667 0.4
2 0.5046875 0.33796296296296297 0.025 0.046296296296296294
2 0.8877604166666667 0.34629629629629627 0.0328125 0.05
0 0.96015625 0.48935185185185187 0.0765625 0.36944444444444446
3 0.96328125 0.3388888888888889 0.03177083333333333 0.05925925925925926
3 0.6984375 0.3416666666666667 0.026041666666666668 0.040740740740740744
2 0.6 0.3421296296296296 0.026041666666666668 0.04351851851851852
0 0.6947916666666667 0.46064814814814814 0.06666666666666667 0.287962962962963
0 0.5924479166666666 0.4652777777777778 0.07864583333333333 0.2916666666666667
0 0.8885416666666667 0.4638888888888889 0.07604166666666666 0.2833333333333333
