0 0.24348958333333334 0.47453703703703703 0.146875 0.524074074074074
0 0.47044270833333335 0.42569444444444443 0.09348958333333333 0.3337962962962963
0 0.5927083333333333 0.40578703703703706 0.07864583333333333 0.300462962962963
2 0.258984375 0.2689814814814815 0.04244791666666667 0.07962962962962963
2 0.22799479166666667 0.2569444444444444 0.03828125 0.07592592592592592
0 0.8390625 0.4085648148148148 0.171875 0.2902777777777778
3 0.46536458333333336 0.29375 0.027604166666666666 0.050462962962962966
2 0.589453125 0.29606481481481484 0.023177083333333334 0.04490740740740741
2 0.8342447916666667 0.29074074074074074 0.02734375 0.05
2 0.598828125 0.2759259259259259 0.023177083333333334 0.03981481481481482
2 0.47421875 0.2826388888888889 0.026041666666666668 0.052314814814814814
