3 0.07161458333333333 0.2111111111111111 0.0765625 0.15555555555555556
2 0.8846354166666667 0.34675925925925927 0.03177083333333333 0.05277777777777778
0 0.16119791666666666 0.5634259259259259 0.3223958333333333 0.8472222222222222
0 0.7645833333333333 0.5013888888888889 0.10104166666666667 0.4009259259259259
3 0.703125 0.3449074074074074 0.026041666666666668 0.03981481481481482
0 0.5671875 0.48009259259259257 0.103125 0.39537037037037037
0 0.6947916666666667 0.4615740740740741 0.06666666666666667 0.28425925925925927
0 0.88515625 0.4652777777777778 0.0828125 0.287962962962963
0 0.25807291666666665 0.5064814814814815 0.12239583333333333 0.5296296296296297
2 0.771875 0.33611111111111114 0.035416666666666666 0.06851851851851852
2 0.24401041666666667 0.2847222222222222 0.04114583333333333 0.08055555555555556
3 0.14713541666666666 0.22685185185185186 0.06927083333333334 0.12222222222222222
2 0.56953125 0.31342592592592594 0.0359375 0.058333333333333334
