0 0.376171875 0.45046296296296295 0.12526041666666668 0.43425925925925923
0 0.5842447916666667 0.4300925925925926 0.10546875 0.3925925925925926
0 0.8294270833333334 0.40879629629629627 0.06041666666666667 0.24722222222222223
0 0.7143229166666667 0.4023148148148148 0.09583333333333334 0.29907407407407405
2 0.37890625 0.27291666666666664 0.040625 0.0763888888888889
2 0.82890625 0.30671296296296297 0.022916666666666665 0.04027777777777778
2 0.71328125 0.2773148148148148 0.025520833333333333 0.046296296296296294
2 0.5690104166666666 0.28680555555555554 0.028125 0.05694444444444444
2 0.5817708333333333 0.25810185185185186 0.03125 0.05138888888888889
3 0.34544270833333335 0.2900462962962963 0.03411458333333333 0.06712962962962964
