0 0.42630208333333336 0.3421296296296296 0.0765625 0.2935185185185185
0 0.3033854166666667 0.350462962962963 0.1015625 0.4009259259259259
2 0.059895833333333336 0.18055555555555555 0.035416666666666666 0.06851851851851852
2 0.6505208333333333 0.19537037037037036 0.0375 0.06851851851851852
2 0.4270833333333333 0.2212962962962963 0.026041666666666668 0.053703703703703705
2 0.31171875 0.18564814814814815 0.0328125 0.06759259259259259
2 0.7065104166666667 0.18564814814814815 0.03177083333333333 0.05648148148148148
0 0.05677083333333333 0.3560185185185185 0.11354166666666667 0.42685185185185187
0 0.6484375 0.37592592592592594 0.096875 0.4351851851851852
0 0.7083333333333334 0.3425925925925926 0.08229166666666667 0.37777777777777777
