3 0.16901041666666666 0.16712962962962963 0.0953125 0.18055555555555555
0 0.1875 0.5268518518518519 0.30625 0.9277777777777778
0 0.5122395833333333 0.42268518518518516 0.0921875 0.4064814814814815
0 0.5953125 0.4041666666666667 0.07916666666666666 0.3175925925925926
2 0.5067708333333333 0.25555555555555554 0.035416666666666666 0.06851851851851852
0 0.3841145833333333 0.40555555555555556 0.0578125 0.21481481481481482
2 0.5854166666666667 0.2689814814814815 0.026041666666666668 0.04537037037037037
2 0.21979166666666666 0.24027777777777778 0.035416666666666666 0.06018518518518518
2 0.38203125 0.3175925925925926 0.0171875 0.03333333333333333
2 0.59609375 0.29259259259259257 0.0203125 0.046296296296296294
