2 0.5783854166666667 0.25833333333333336 0.0203125 0.03518518518518519
2 0.6963541666666667 0.27175925925925926 0.025 0.044444444444444446
3 0.5671875 0.2898148148148148 0.023958333333333335 0.04722222222222222
0 0.3359375 0.4726851851851852 0.15104166666666666 0.5101851851851852
0 0.6893229166666667 0.4 0.08489583333333334 0.3111111111111111
0 0.5755208333333334 0.38333333333333336 0.08125 0.2851851851851852
0 0.043229166666666666 0.4638888888888889 0.08645833333333333 0.4388888888888889
2 0.01953125 0.2847222222222222 0.0390625 0.07314814814814814
2 0.328125 0.25787037037037036 0.04375 0.0712962962962963
3 0.32265625 0.29768518518518516 0.034895833333333334 0.058333333333333334
