0 0.06614583333333333 0.5657407407407408 0.13229166666666667 0.6555555555555556
2 0.2869791666666667 0.34305555555555556 0.035416666666666666 0.06759259259259259
2 0.03984375 0.2949074074074074 0.0546875 0.10648148148148148
0 0.46927083333333336 0.5064814814814815 0.06979166666666667 0.3388888888888889
2 0.35260416666666666 0.32037037037037036 0.051041666666666666 0.10185185185185185
0 0.5427083333333333 0.5310185185185186 0.10104166666666667 0.38981481481481484
0 0.35859375 0.5541666666666667 0.13177083333333334 0.5805555555555556
0 0.2747395833333333 0.5208333333333334 0.0859375 0.44351851851851853
2 0.53515625 0.36898148148148147 0.0328125 0.06388888888888888
2 0.47291666666666665 0.36712962962962964 0.028125 0.05092592592592592
