2 0.30807291666666664 0.274537037037037 0.024479166666666666 0.049074074074074076
2 0.16197916666666667 0.28425925925925927 0.08645833333333333 0.12407407407407407
0 0.05 0.4425925925925926 0.1 0.4203703703703704
0 0.5013020833333334 0.3592592592592593 0.058854166666666666 0.23703703703703705
0 0.17135416666666667 0.6041666666666666 0.31145833333333334 0.7712962962962963
0 0.5966145833333333 0.3875 0.06822916666666666 0.29907407407407405
0 0.43697916666666664 0.4064814814814815 0.10729166666666666 0.3907407407407407
2 0.4973958333333333 0.2625 0.021875 0.041666666666666664
2 0.5984375 0.2657407407407407 0.023958333333333335 0.05185185185185185
3 0.4395833333333333 0.2412037037037037 0.030208333333333334 0.049074074074074076
2 0.0375 0.2759259259259259 0.051041666666666666 0.07777777777777778
0 0.30807291666666664 0.39861111111111114 0.08802083333333334 0.30277777777777776
3 0.3046875 0.30925925925925923 0.021875 0.03888888888888889
2 0.6830729166666667 0.26342592592592595 0.021354166666666667 0.03796296296296296
0 0.6893229166666667 0.35833333333333334 0.06197916666666667 0.22962962962962963
