0 0.375 0.5618055555555556 0.08072916666666667 0.37453703703703706
0 0.7138020833333333 0.5891203703703703 0.08229166666666667 0.3236111111111111
0 0.5018229166666667 0.5678240740740741 0.09895833333333333 0.37175925925925923
0 0.8450520833333334 0.6180555555555556 0.24791666666666667 0.7453703703703703
2 0.8416666666666667 0.31828703703703703 0.07135416666666666 0.13472222222222222
2 0.3859375 0.40555555555555556 0.03177083333333333 0.05648148148148148
2 0.7178385416666667 0.4576388888888889 0.026302083333333334 0.05416666666666667
2 0.43111979166666664 0.4449074074074074 0.024739583333333332 0.046296296296296294
3 0.4984375 0.4085648148148148 0.025 0.04583333333333333
0 0.008333333333333333 0.5831018518518518 0.016666666666666666 0.4699074074074074
