2 0.7510416666666667 0.3226851851851852 0.029166666666666667 0.06388888888888888
2 0.9796875 0.38101851851851853 0.03229166666666667 0.08055555555555556
2 0.7635416666666667 0.32731481481481484 0.04479166666666667 0.06944444444444445
2 0.29739583333333336 0.2800925925925926 0.035416666666666666 0.075
0 0.43515625 0.5175925925925926 0.3265625 0.9648148148148148
2 0.7713541666666667 0.33101851851851855 0.03854166666666667 0.075
2 0.2609375 0.2861111111111111 0.03854166666666667 0.08148148148148149
0 0.7473958333333334 0.524074074074074 0.13541666666666666 0.4777777777777778
0 0.2421875 0.4791666666666667 0.13854166666666667 0.48055555555555557
2 0.4315104166666667 0.1361111111111111 0.10989583333333333 0.19444444444444445
