0 0.71171875 0.44305555555555554 0.2046875 0.6805555555555556
2 0.7057291666666666 0.16805555555555557 0.06041666666666667 0.11574074074074074
0 0.24427083333333333 0.362962962962963 0.08541666666666667 0.3055555555555556
2 0.56875 0.19537037037037036 0.034375 0.05185185185185185
2 0.4278645833333333 0.24166666666666667 0.0203125 0.04259259259259259
3 0.23776041666666667 0.24074074074074073 0.0234375 0.05185185185185185
0 0.5653645833333333 0.3680555555555556 0.10677083333333333 0.4009259259259259
3 0.24140625 0.2916666666666667 0.022395833333333334 0.040740740740740744
0 0.4270833333333333 0.33564814814814814 0.06979166666666667 0.23796296296296296
3 0.565625 0.23564814814814813 0.040625 0.06388888888888888
