2 0.6916666666666667 0.25925925925925924 0.029166666666666667 0.05185185185185185
2 0.6127604166666667 0.26805555555555555 0.0234375 0.04537037037037037
2 0.4140625 0.28703703703703703 0.029166666666666667 0.05925925925925926
0 0.6145833333333334 0.39305555555555555 0.06666666666666667 0.2935185185185185
0 0.34427083333333336 0.49444444444444446 0.17916666666666667 0.5851851851851851
3 0.3341145833333333 0.28935185185185186 0.0421875 0.08055555555555556
2 0.06458333333333334 0.3111111111111111 0.029166666666666667 0.05555555555555555
0 0.69296875 0.3925925925925926 0.08177083333333333 0.32037037037037036
2 0.34348958333333335 0.2388888888888889 0.0484375 0.06851851851851852
0 0.05286458333333333 0.4412037037037037 0.0921875 0.3194444444444444
