2 0.46588541666666666 0.07777777777777778 0.0359375 0.06851851851851852
2 0.46458333333333335 0.06666666666666667 0.03229166666666667 0.04814814814814815
3 0.46953125 0.09722222222222222 0.034895833333333334 0.06481481481481481
0 0.3875 0.19675925925925927 0.07395833333333333 0.2824074074074074
2 0.08385416666666666 0.08842592592592592 0.03854166666666667 0.06574074074074074
2 0.39375 0.08333333333333333 0.025 0.05185185185185185
2 0.7322916666666667 0.07314814814814814 0.016666666666666666 0.02962962962962963
0 0.7328125 0.15555555555555556 0.05416666666666667 0.19814814814814816
0 0.5596354166666667 0.16111111111111112 0.07135416666666666 0.23703703703703705
3 0.55703125 0.06805555555555555 0.021354166666666667 0.04537037037037037
0 0.08411458333333334 0.24953703703703703 0.1421875 0.39166666666666666
0 0.46510416666666665 0.25324074074074077 0.11875 0.4324074074074074
