2 0.290625 0.3675925925925926 0.03125 0.05555555555555555
0 0.36223958333333334 0.5467592592592593 0.1171875 0.4675925925925926
0 0.15052083333333333 0.5263888888888889 0.09479166666666666 0.3472222222222222
0 0.76796875 0.5231481481481481 0.0953125 0.3685185185185185
3 0.73046875 0.37222222222222223 0.0203125 0.05555555555555555
2 0.3528645833333333 0.35555555555555557 0.04114583333333333 0.07962962962962963
0 0.2859375 0.524074074074074 0.06979166666666667 0.37962962962962965
2 0.76171875 0.37037037037037035 0.03177083333333333 0.05925925925925926
2 0.15104166666666666 0.38425925925925924 0.029166666666666667 0.06296296296296296
0 0.4166666666666667 0.5032407407407408 0.059375 0.28425925925925927
2 0.40911458333333334 0.3819444444444444 0.0234375 0.04351851851851852
2 0.09505208333333333 0.41064814814814815 0.0203125 0.04351851851851852
0 0.08020833333333334 0.5101851851851852 0.07291666666666667 0.2518518518518518
