3 0.5296875 0.29907407407407405 0.04895833333333333 0.07592592592592592
2 0.05078125 0.1162037037037037 0.09739583333333333 0.18055555555555555
0 0.3229166666666667 0.4759259259259259 0.08229166666666667 0.29259259259259257
2 0.6981770833333333 0.30185185185185187 0.0453125 0.07777777777777778
3 0.32838541666666665 0.3592592592592593 0.025520833333333333 0.05185185185185185
2 0.9645833333333333 0.35462962962962963 0.03229166666666667 0.05925925925925926
2 0.8322916666666667 0.3486111111111111 0.025 0.04351851851851852
2 0.6578125 0.33796296296296297 0.027083333333333334 0.040740740740740744
0 0.8322916666666667 0.47314814814814815 0.075 0.29444444444444445
0 0.5270833333333333 0.49027777777777776 0.13645833333333332 0.46574074074074073
0 0.6794270833333333 0.5060185185185185 0.1421875 0.4935185185185185
0 0.1046875 0.5037037037037037 0.209375 0.9685185185185186
0 0.9604166666666667 0.49675925925925923 0.07708333333333334 0.3435185185185185
