3 0.5067708333333333 0.23055555555555557 0.03854166666666667 0.05925925925925926
3 0.2981770833333333 0.2851851851851852 0.019270833333333334 0.037037037037037035
3 0.29661458333333335 0.23796296296296296 0.022395833333333334 0.046296296296296294
0 0.5083333333333333 0.39351851851851855 0.13229166666666667 0.4648148148148148
0 0.1921875 0.375 0.090625 0.31666666666666665
0 0.2984375 0.3509259259259259 0.08125 0.2759259259259259
2 0.19791666666666666 0.24351851851851852 0.025 0.046296296296296294
2 0.84921875 0.1675925925925926 0.0515625 0.10740740740740741
2 0.5072916666666667 0.19305555555555556 0.041666666666666664 0.05648148148148148
0 0.83671875 0.4236111111111111 0.1921875 0.6305555555555555
