2 0.267578125 0.31527777777777777 0.019010416666666665 0.037037037037037035
0 0.4134114583333333 0.3912037037037037 0.04401041666666667 0.1824074074074074
2 0.587890625 0.28935185185185186 0.026302083333333334 0.04722222222222222
0 0.590625 0.41759259259259257 0.06875 0.30648148148148147
0 0.26276041666666666 0.4041666666666667 0.0890625 0.22175925925925927
3 0.4158854166666667 0.31875 0.013541666666666667 0.03194444444444444
0 0.501171875 0.47847222222222224 0.13411458333333334 0.5689814814814815
0 0.8295572916666667 0.40902777777777777 0.06380208333333333 0.24583333333333332
3 0.5033854166666667 0.24259259259259258 0.0484375 0.08888888888888889
0 0.16966145833333332 0.40069444444444446 0.08828125 0.31342592592592594
2 0.8282552083333333 0.30625 0.02109375 0.0375
2 0.17096354166666666 0.27291666666666664 0.026302083333333334 0.052314814814814814
