2 0.42213541666666665 0.25092592592592594 0.033854166666666664 0.06481481481481481
2 0.1828125 0.2796296296296296 0.029166666666666667 0.05925925925925926
3 0.6294270833333333 0.26805555555555555 0.0328125 0.06018518518518518
2 0.5223958333333333 0.27824074074074073 0.028125 0.05277777777777778
0 0.17994791666666668 0.41064814814814815 0.0984375 0.33055555555555555
0 0.4283854166666667 0.41574074074074074 0.0921875 0.4
0 0.28567708333333336 0.5319444444444444 0.16614583333333333 0.625
0 0.5239583333333333 0.4064814814814815 0.08333333333333333 0.31666666666666665
0 0.63359375 0.41435185185185186 0.1015625 0.35833333333333334
2 0.2825520833333333 0.27175925925925926 0.05260416666666667 0.09537037037037037
