2 0.21380208333333334 0.25833333333333336 0.0328125 0.06851851851851852
0 0.5984375 0.5101851851851852 0.15 0.5685185185185185
0 0.07864583333333333 0.5685185185185185 0.15729166666666666 0.8407407407407408
0 0.21067708333333332 0.4097222222222222 0.0859375 0.375
0 0.3703125 0.4425925925925926 0.1125 0.4222222222222222
2 0.036458333333333336 0.21851851851851853 0.07291666666666667 0.12962962962962962
0 0.48723958333333334 0.41805555555555557 0.09739583333333333 0.3453703703703704
2 0.6078125 0.28055555555555556 0.051041666666666666 0.0962962962962963
2 0.4953125 0.27361111111111114 0.03125 0.05277777777777778
2 0.275 0.25925925925925924 0.03125 0.05555555555555555
0 0.2760416666666667 0.3907407407407407 0.06666666666666667 0.31851851851851853
3 0.36953125 0.2662037037037037 0.0359375 0.06574074074074074
