0 0.7494791666666667 0.3921296296296296 0.06979166666666667 0.30092592592592593
0 0.09609375 0.4361111111111111 0.08489583333333334 0.3055555555555556
0 0.2838541666666667 0.5032407407407408 0.18854166666666666 0.6435185185185185
0 0.60078125 0.39305555555555555 0.0671875 0.30462962962962964
2 0.6760416666666667 0.25925925925925924 0.029166666666666667 0.053703703703703705
2 0.6934895833333333 0.25925925925925924 0.0171875 0.05185185185185185
2 0.2828125 0.23564814814814813 0.05416666666666667 0.08055555555555556
3 0.2716145833333333 0.2884259259259259 0.0421875 0.08425925925925926
0 0.41822916666666665 0.41759259259259257 0.10104166666666667 0.34074074074074073
2 0.10338541666666666 0.3125 0.028645833333333332 0.05462962962962963
0 0.6791666666666667 0.3958333333333333 0.084375 0.33425925925925926
2 0.5989583333333334 0.2671296296296296 0.026041666666666668 0.04722222222222222
2 0.746875 0.26666666666666666 0.026041666666666668 0.044444444444444446
2 0.41354166666666664 0.28379629629629627 0.034375 0.06759259259259259
