0 0.24010416666666667 0.40324074074074073 0.08125 0.287962962962963
0 0.6020833333333333 0.3574074074074074 0.0625 0.2611111111111111
2 0.39401041666666664 0.26851851851851855 0.049479166666666664 0.09259259259259259
2 0.24114583333333334 0.2861111111111111 0.022916666666666665 0.046296296296296294
2 0.5940104166666667 0.25 0.022395833333333334 0.04259259259259259
2 0.5174479166666667 0.27361111111111114 0.025520833333333333 0.04537037037037037
0 0.5552083333333333 0.38101851851851853 0.075 0.29907407407407405
3 0.5484375 0.2523148148148148 0.028125 0.05277777777777778
0 0.50859375 0.3800925925925926 0.05260416666666667 0.2712962962962963
3 0.23463541666666668 0.3300925925925926 0.021354166666666667 0.041666666666666664
0 0.41171875 0.5175925925925926 0.16197916666666667 0.5962962962962963
