0 0.11223958333333334 0.6037037037037037 0.22447916666666667 0.7796296296296297
3 0.5786458333333333 0.2712962962962963 0.034375 0.06296296296296296
2 0.42994791666666665 0.2800925925925926 0.0328125 0.06388888888888888
0 0.26197916666666665 0.39305555555555555 0.059375 0.2898148148148148
2 0.26510416666666664 0.2726851851851852 0.023958333333333335 0.04722222222222222
2 0.328125 0.2490740740740741 0.040625 0.08148148148148149
2 0.07213541666666666 0.28425925925925927 0.0796875 0.1388888888888889
0 0.33880208333333334 0.45694444444444443 0.1140625 0.5046296296296297
0 0.5934895833333333 0.43796296296296294 0.10260416666666666 0.40555555555555556
0 0.4354166666666667 0.4356481481481482 0.09791666666666667 0.38055555555555554
