0 0.62421875 0.44907407407407407 0.121875 0.4546296296296296
0 0.2635416666666667 0.4252314814814815 0.10104166666666667 0.41805555555555557
0 0.429296875 0.40625 0.09140625 0.36712962962962964
0 0.7209635416666667 0.41898148148148145 0.07630208333333334 0.3037037037037037
2 0.4239583333333333 0.2537037037037037 0.03125 0.05740740740740741
2 0.2669270833333333 0.24976851851851853 0.0359375 0.06527777777777778
0 0.8329427083333333 0.40879629629629627 0.06171875 0.24814814814814815
2 0.8397135416666667 0.30486111111111114 0.02265625 0.03657407407407407
2 0.6205729166666667 0.25949074074074074 0.04010416666666667 0.06898148148148148
2 0.71953125 0.2912037037037037 0.023958333333333335 0.04351851851851852
