0 0.26328125 0.5064814814814815 0.20364583333333333 0.6092592592592593
2 0.6833333333333333 0.27175925925925926 0.051041666666666666 0.08981481481481482
2 0.5385416666666667 0.33240740740740743 0.028125 0.046296296296296294
2 0.8296875 0.34675925925925927 0.026041666666666668 0.04351851851851852
2 0.9606770833333333 0.35185185185185186 0.0328125 0.05925925925925926
3 0.27317708333333335 0.2550925925925926 0.0640625 0.09722222222222222
0 0.9588541666666667 0.4925925925925926 0.07916666666666666 0.34629629629629627
0 0.6697916666666667 0.5157407407407407 0.153125 0.575925925925926
0 0.5421875 0.4689814814814815 0.084375 0.325
0 0.83046875 0.4722222222222222 0.07552083333333333 0.29444444444444445
