2 0.4903645833333333 0.2712962962962963 0.015104166666666667 0.03148148148148148
0 0.16979166666666667 0.4439814814814815 0.12395833333333334 0.44722222222222224
0 0.07760416666666667 0.4388888888888889 0.115625 0.4
3 0.8046875 0.2550925925925926 0.021875 0.041666666666666664
2 0.09114583333333333 0.27546296296296297 0.035416666666666666 0.06574074074074074
2 0.17473958333333334 0.26990740740740743 0.0390625 0.0824074074074074
2 0.32526041666666666 0.3111111111111111 0.059895833333333336 0.11851851851851852
0 0.48880208333333336 0.35 0.05260416666666667 0.19074074074074074
0 0.81171875 0.36064814814814816 0.0671875 0.2564814814814815
0 0.32838541666666665 0.612037037037037 0.21302083333333333 0.7407407407407407
