2 0.08229166666666667 0.3212962962962963 0.0375 0.10185185185185185
0 0.55546875 0.5046296296296297 0.0984375 0.3851851851851852
0 0.08020833333333334 0.5578703703703703 0.16041666666666668 0.5953703703703703
0 0.26223958333333336 0.5657407407407408 0.16614583333333333 0.6222222222222222
2 0.2752604166666667 0.30462962962962964 0.0609375 0.10740740740740741
0 0.4361979166666667 0.5175925925925926 0.18802083333333333 0.45740740740740743
2 0.22161458333333334 0.3375 0.0328125 0.05648148148148148
2 0.5486979166666667 0.34675925925925927 0.034895833333333334 0.06574074074074074
2 0.43411458333333336 0.32407407407407407 0.03802083333333333 0.05740740740740741
2 0.04609375 0.3199074074074074 0.0515625 0.09722222222222222
2 0.4036458333333333 0.3490740740740741 0.03125 0.05555555555555555
