2 0.3546875 0.10972222222222222 0.027083333333333334 0.049074074074074076
2 0.6197916666666666 0.08981481481481482 0.028125 0.04814814814814815
2 0.24791666666666667 0.12777777777777777 0.023958333333333335 0.046296296296296294
0 0.34713541666666664 0.2351851851851852 0.08697916666666666 0.3055555555555556
0 0.72421875 0.2689814814814815 0.08802083333333334 0.36944444444444446
0 0.6231770833333333 0.22407407407407406 0.0859375 0.31851851851851853
0 0.5140625 0.25972222222222224 0.115625 0.5027777777777778
0 0.09583333333333334 0.350462962962963 0.19166666666666668 0.700925925925926
0 0.8036458333333333 0.22870370370370371 0.071875 0.2796296296296296
3 0.7252604166666666 0.1162037037037037 0.0328125 0.058333333333333334
2 0.79453125 0.11296296296296296 0.025520833333333333 0.046296296296296294
2 0.51171875 0.05324074074074074 0.0421875 0.0824074074074074
