2 0.31302083333333336 0.1439814814814815 0.05 0.11388888888888889
2 0.08046875 0.1726851851851852 0.025520833333333333 0.05648148148148148
0 0.7138020833333333 0.3300925925925926 0.0796875 0.3453703703703704
0 0.31979166666666664 0.36666666666666664 0.15 0.5703703703703704
3 0.41640625 0.17175925925925925 0.025520833333333333 0.05462962962962963
0 0.4197916666666667 0.2986111111111111 0.07916666666666666 0.30833333333333335
2 0.71640625 0.18796296296296297 0.0296875 0.05740740740740741
0 0.08020833333333334 0.3189814814814815 0.11041666666666666 0.3638888888888889
2 0.5559895833333334 0.1865740740740741 0.0234375 0.04722222222222222
0 0.5520833333333334 0.2912037037037037 0.06979166666666667 0.25833333333333336
