2 0.6651041666666667 0.28564814814814815 0.026041666666666668 0.04537037037037037
0 0.18893229166666667 0.5321759259259259 0.24713541666666666 0.825462962962963
0 0.66171875 0.40370370370370373 0.0671875 0.2851851851851852
0 0.04700520833333333 0.4215277777777778 0.07526041666666666 0.33287037037037037
2 0.143359375 0.18472222222222223 0.07369791666666667 0.12962962962962962
2 0.18815104166666666 0.2150462962962963 0.04505208333333333 0.1050925925925926
2 0.5333333333333333 0.2564814814814815 0.041666666666666664 0.07407407407407407
2 0.06341145833333334 0.2898148148148148 0.02890625 0.06296296296296296
0 0.28020833333333334 0.40949074074074077 0.0796875 0.30972222222222223
2 0.8389322916666667 0.30462962962962964 0.02265625 0.03796296296296296
0 0.830859375 0.4081018518518518 0.06536458333333334 0.24861111111111112
2 0.28203125 0.2833333333333333 0.019270833333333334 0.04722222222222222
2 0.2649739583333333 0.28449074074074077 0.02265625 0.04953703703703704
0 0.5309895833333333 0.449537037037037 0.115625 0.46944444444444444
