0 0.96171875 0.4736111111111111 0.07552083333333333 0.38055555555555554
2 0.9622395833333334 0.325 0.0328125 0.05740740740740741
0 0.7833333333333333 0.4671296296296296 0.04479166666666667 0.30092592592592593
3 0.23098958333333333 0.34120370370370373 0.025520833333333333 0.05092592592592592
0 0.22239583333333332 0.475462962962963 0.11354166666666667 0.325
0 0.5192708333333333 0.46944444444444444 0.09479166666666666 0.35
0 0.8372395833333334 0.4986111111111111 0.1234375 0.44537037037037036
2 0.8354166666666667 0.30972222222222223 0.03854166666666667 0.06759259259259259
2 0.7981770833333334 0.33796296296296297 0.0234375 0.04259259259259259
2 0.5153645833333333 0.32546296296296295 0.03177083333333333 0.05092592592592592
