2 0.5290364583333333 0.2884259259259259 0.02109375 0.03888888888888889
3 0.322265625 0.3071759259259259 0.016927083333333332 0.03657407407407407
2 0.4485677083333333 0.29421296296296295 0.01796875 0.0375
0 0.31888020833333336 0.3912037037037037 0.06380208333333333 0.22314814814814815
2 0.009635416666666667 0.27847222222222223 0.019270833333333334 0.04861111111111111
0 0.44622395833333334 0.38634259259259257 0.054427083333333334 0.22453703703703703
3 0.18411458333333333 0.22824074074074074 0.05625 0.10740740740740741
0 0.027994791666666668 0.4222222222222222 0.055989583333333336 0.3425925925925926
0 0.15078125 0.5729166666666666 0.3015625 0.8069444444444445
0 0.523828125 0.38981481481481484 0.06380208333333333 0.2462962962962963
