0 0.35651041666666666 0.3300925925925926 0.0859375 0.30833333333333335
0 0.7635416666666667 0.3277777777777778 0.08125 0.3314814814814815
2 0.6122395833333333 0.23333333333333334 0.019270833333333334 0.03518518518518519
0 0.6135416666666667 0.31527777777777777 0.06041666666666667 0.19722222222222222
0 0.17890625 0.3282407407407407 0.1390625 0.30092592592592593
2 0.0734375 0.16666666666666666 0.035416666666666666 0.06851851851851852
2 0.3625 0.20416666666666666 0.028125 0.05277777777777778
2 0.14505208333333333 0.20555555555555555 0.0265625 0.05
2 0.7671875 0.1865740740740741 0.026041666666666668 0.04351851851851852
0 0.07760416666666667 0.3439814814814815 0.13541666666666666 0.4305555555555556
