0 0.09114583333333333 0.40046296296296297 0.15416666666666667 0.4583333333333333
3 0.31354166666666666 0.22592592592592592 0.0703125 0.14166666666666666
0 0.43984375 0.35185185185185186 0.08802083333333334 0.37037037037037035
3 0.7533854166666667 0.262037037037037 0.027083333333333334 0.06481481481481481
3 0.4309895833333333 0.20787037037037037 0.029166666666666667 0.06851851851851852
2 0.7479166666666667 0.2300925925925926 0.030208333333333334 0.05277777777777778
2 0.646875 0.19490740740740742 0.01875 0.04537037037037037
3 0.253125 0.18888888888888888 0.078125 0.12962962962962962
2 0.12421875 0.2111111111111111 0.030729166666666665 0.07592592592592592
2 0.6322916666666667 0.19490740740740742 0.023958333333333335 0.04722222222222222
2 0.09453125 0.22037037037037038 0.04114583333333333 0.08333333333333333
0 0.7502604166666667 0.36157407407407405 0.0890625 0.32685185185185184
0 0.30130208333333336 0.5578703703703703 0.2921875 0.875
0 0.6369791666666667 0.3236111111111111 0.08229166666666667 0.30833333333333335
