2 0.6502604166666667 0.20787037037037037 0.024479166666666666 0.04351851851851852
2 0.3893229166666667 0.2152777777777778 0.025520833333333333 0.049074074074074076
2 0.7078125 0.21481481481481482 0.029166666666666667 0.05740740740740741
0 0.6466145833333333 0.32037037037037036 0.06614583333333333 0.27037037037037037
0 0.7078125 0.3685185185185185 0.07604166666666666 0.37037037037037035
2 0.16666666666666666 0.19722222222222222 0.09791666666666667 0.15925925925925927
0 0.7635416666666667 0.3347222222222222 0.06041666666666667 0.3101851851851852
0 0.19453125 0.5532407407407407 0.29739583333333336 0.8731481481481481
0 0.38307291666666665 0.33240740740740743 0.0765625 0.28703703703703703
3 0.7653645833333333 0.2125 0.027604166666666666 0.05092592592592592
