2 0.56484375 0.43287037037037035 0.0359375 0.05648148148148148
2 0.4588541666666667 0.41805555555555557 0.03854166666666667 0.0712962962962963
3 0.37005208333333334 0.4310185185185185 0.0546875 0.10092592592592593
0 0.56328125 0.5972222222222222 0.0984375 0.40555555555555556
2 0.2421875 0.4060185185185185 0.057291666666666664 0.10462962962962963
2 0.08541666666666667 0.3148148148148148 0.103125 0.17777777777777778
0 0.384375 0.6842592592592592 0.178125 0.6166666666666667
0 0.12734375 0.6064814814814815 0.2546875 0.7759259259259259
0 0.2515625 0.6675925925925926 0.121875 0.6388888888888888
0 0.47317708333333336 0.6129629629629629 0.1015625 0.46296296296296297
