2 0.29973958333333334 0.08935185185185185 0.0421875 0.0712962962962963
2 0.10598958333333333 0.0712962962962963 0.0671875 0.11851851851851852
0 0.30703125 0.2935185185185185 0.1296875 0.48333333333333334
2 0.33567708333333335 0.1300925925925926 0.0296875 0.058333333333333334
2 0.76484375 0.15694444444444444 0.0234375 0.04351851851851852
0 0.7098958333333333 0.2759259259259259 0.08125 0.34629629629629627
0 0.4875 0.26805555555555555 0.084375 0.325
2 0.240625 0.1439814814814815 0.03125 0.05648148148148148
0 0.13489583333333333 0.3726851851851852 0.23541666666666666 0.7435185185185185
2 0.1453125 0.05462962962962963 0.04791666666666667 0.10925925925925926
2 0.715625 0.13148148148148148 0.029166666666666667 0.05925925925925926
2 0.48489583333333336 0.13194444444444445 0.026041666666666668 0.05277777777777778
0 0.7692708333333333 0.2671296296296296 0.05625 0.2712962962962963
