1 0.29982926829268297 0.19771428571428573 0.25582926829268293 0.15274285714285715
1 0.5050975609756098 0.6358 0.2811463414634146 0.16385714285714287
1 0.4360975609756098 0.7889142857142857 0.29541463414634145 0.1492857142857143
1 0.19202439024390244 0.6274571428571429 0.31826829268292683 0.17700000000000002
1 0.2705609756097561 0.3375714285714286 0.26646341463414636 0.14631428571428573
1 0.515 0.46691428571428567 0.279390243902439 0.16922857142857142
1 0.1522439024390244 0.8053714285714285 0.2832682926829268 0.17085714285714285
1 0.5706341463414635 0.18634285714285714 0.26195121951219513 0.1455142857142857
1 0.5205365853658537 0.33034285714285716 0.2577317073170732 0.1480857142857143
1 0.5220243902439025 0.06971428571428571 0.26378048780487806 0.11534285714285714
