1 0.8866906474820144 0.2938718662952646 0.22482014388489208 0.08217270194986072
1 0.8462230215827338 0.41991643454038996 0.21942446043165467 0.07381615598885793
1 0.015287769784172662 0.4032033426183844 0.030575539568345324 0.06685236768802229
1 0.4199640287769784 0.9387186629526463 0.27697841726618705 0.0905292479108635
1 0.7383093525179856 0.754874651810585 0.25539568345323743 0.09610027855153204
1 0.6816546762589928 0.8426183844011143 0.26618705035971224 0.08635097493036212
1 0.39928057553956836 0.7541782729805014 0.2589928057553957 0.08495821727019498
1 0.4028776978417266 0.8467966573816156 0.26258992805755393 0.0905292479108635
1 0.09352517985611511 0.14763231197771587 0.18705035971223022 0.0766016713091922
1 0.053057553956834536 0.3293871866295265 0.10611510791366907 0.08356545961002786
1 0.4847122302158273 0.6615598885793872 0.2643884892086331 0.08913649025069638
1 0.08003597122302158 0.20821727019498606 0.16007194244604317 0.06685236768802229
1 0.6205035971223022 0.11838440111420613 0.20503597122302158 0.07520891364902507
1 0.5314748201438849 0.5877437325905293 0.2446043165467626 0.0766016713091922
1 0.8830935251798561 0.22562674094707522 0.2068345323741007 0.0807799442896936
1 0.8075539568345323 0.5891364902506964 0.2392086330935252 0.07938718662952646
1 0.8174460431654677 0.6664345403899722 0.28776978417266186 0.0947075208913649
1 0.6034172661870504 0.17270194986072424 0.18884892086330934 0.06685236768802229
1 0.5557553956834532 0.4178272980501393 0.24280575539568344 0.07242339832869081
1 0.06744604316546762 0.2646239554317549 0.13489208633093525 0.07103064066852367
1 0.5953237410071942 0.23328690807799443 0.2302158273381295 0.07938718662952646
1 0.5566546762589928 0.35097493036211697 0.22302158273381295 0.08217270194986072
1 0.8866906474820144 0.17061281337047354 0.18884892086330934 0.06963788300835655
1 0.710431654676259 0.016713091922005572 0.19244604316546762 0.033426183844011144
1 0.5845323741007195 0.2931754874651811 0.21223021582733814 0.06685236768802229
1 0.7419064748201439 0.9296657381615598 0.2841726618705036 0.10584958217270195
1 0.9226618705035972 0.017409470752089137 0.15467625899280577 0.034818941504178275
1 0.7473021582733813 0.995125348189415 0.3147482014388489 0.009749303621169917
1 0.12140287769784172 0.08877437325905292 0.2158273381294964 0.07658774373259053
1 0.13483812949640286 0.03317548746518106 0.2202158273381295 0.06636490250696378
1 0.6886151079136691 0.06126740947075209 0.21714028776978417 0.06683844011142062
1 0.9159172661870504 0.05837047353760445 0.1681654676258993 0.07497214484679665
1 0.9069244604316546 0.1137325905292479 0.18615107913669066 0.08122562674094708
