1 0.8331295843520783 0.8714488636363636 0.2200488997555012 0.12357954545454546
1 0.8563569682151589 0.20951704545454544 0.16503667481662593 0.09801136363636363
1 0.8649144254278729 0.7436079545454546 0.1687041564792176 0.10369318181818182
1 0.28117359413202936 0.734375 0.2041564792176039 0.10369318181818182
1 0.8484107579462102 0.11576704545454546 0.17970660146699266 0.08664772727272728
1 0.33618581907090467 0.20738636363636365 0.17603911980440098 0.09943181818181818
1 0.050733496332518335 0.875 0.10146699266503667 0.12357954545454546
1 0.386919315403423 0.1171875 0.19070904645476772 0.09801136363636363
1 0.10757946210268948 0.20667613636363635 0.17237163814180928 0.08806818181818182
1 0.8526894865525673 0.3899147727272727 0.1784841075794621 0.10369318181818182
1 0.1198044009779951 0.3955965909090909 0.1882640586797066 0.09375
1 0.2982885085574572 0.296875 0.17970660146699266 0.08806818181818182
1 0.2952322738386308 0.5 0.18704156479217604 0.10369318181818182
1 0.28361858190709044 0.6122159090909091 0.21271393643031786 0.11079545454545454
1 0.10757946210268948 0.3018465909090909 0.17970660146699266 0.09375
1 0.8606356968215159 0.5063920454545454 0.19559902200489 0.09943181818181818
1 0.8618581907090465 0.6193181818181818 0.19926650366748166 0.11789772727272728
1 0.10024449877750612 0.5042613636363636 0.19315403422982885 0.09232954545454546
1 0.08190709046454768 0.6157670454545454 0.16381418092909536 0.10227272727272728
1 0.22555012224938875 0.8771306818181818 0.22249388753056235 0.11363636363636363
1 0.33863080684596575 0.3849431818181818 0.19315403422982885 0.11079545454545454
1 0.07334963325183375 0.7279829545454546 0.1466992665036675 0.10653409090909091
1 0.19559902200489 0.03835227272727273 0.16625916870415647 0.07670454545454546
1 0.15953545232273839 0.11221590909090909 0.18704156479217604 0.09232954545454546
1 0.38386308068459657 0.040482954545454544 0.16503667481662593 0.07954545454545454
1 0.8624694376528117 0.03480113636363636 0.17726161369193155 0.06960227272727272
