1 0.13378 0.6475375375375375 0.25115 0.1723873873873874
1 0.54826 0.3137987987987988 0.1173 0.3177927927927928
1 0.77516 0.281006006006006 0.1411 0.33058558558558554
1 0.66383 0.2842342342342343 0.13474 0.356966966966967
1 0.43374 0.30774774774774777 0.13536 0.31042042042042045
1 0.9781599999999999 0.2898948948948949 0.04367 0.26705705705705707
1 0.9192100000000001 0.8937387387387388 0.16157 0.20872372372372372
1 0.17767 0.3383933933933934 0.12794 0.3242642642642643
1 0.90027 0.2918168168168168 0.13134 0.278993993993994
1 0.81448 0.9137687687687689 0.17873 0.16858858858858858
1 0.17796 0.9068168168168169 0.17882 0.18638138138138138
1 0.02609 0.32578078078078077 0.05218 0.32037537537537536
1 0.30207999999999996 0.29477477477477476 0.13656000000000001 0.3404054054054054
1 0.34967000000000004 0.9203153153153152 0.15684 0.1593843843843844
1 0.0525 0.8993993993993994 0.105 0.2012012012012012
1 0.49 0.8753753753753754 0.212 0.24924924924924924
1 0.6635 0.8933933933933934 0.193 0.2132132132132132
