1 0.4298671875 0.13958333333333334 0.07409375 0.17379166666666665
1 0.489734375 0.3298611111111111 0.0866796875 0.19727777777777777
2 0.469640625 0.8429305555555555 0.068234375 0.09690277777777777
1 0.3451171875 0.5988055555555556 0.102515625 0.23490277777777777
2 0.49995312500000005 0.6294583333333333 0.062281249999999996 0.10319444444444444
1 0.399375 0.024944444444444446 0.058804687499999994 0.04988888888888889
1 0.4314453125 0.21061111111111108 0.0147734375 0.00938888888888889
1 0.3474453125 0.6988472222222223 0.0196953125 0.010763888888888889
1 0.4920703125 0.4090555555555555 0.0158984375 0.009819444444444445
1 0.4668046875 0.8704583333333333 0.019359375 0.01025
1 0.5000546875 0.6509027777777777 0.01803125 0.009958333333333333
1 0.40157031249999997 0.03175 0.0130625 0.007736111111111111
