1 0.3149609375 0.4366388888888889 0.056374999999999995 0.1
1 0.3509921875 0.8926250000000001 0.06448437500000001 0.20086111111111113
1 0.3734375 0.5134583333333333 0.0515625 0.11752777777777779
1 0.369390625 0.2689722222222222 0.11953125 0.06518055555555556
1 0.2268046875 0.3216527777777778 0.026039062499999998 0.08065277777777778
1 0.5911640625000001 0.17658333333333334 0.020499999999999997 0.052375
1 0.5426640625 0.091625 0.0168984375 0.04190277777777778
1 0.5987578124999999 0.22381944444444446 0.0222421875 0.06265277777777778
1 0.54140625 0.2561111111111111 0.11285156249999999 0.066875
1 0.5770390625 0.10493055555555555 0.017234375 0.04131944444444444
1 0.2487890625 0.28626388888888893 0.0449609375 0.07405555555555556
1 0.2646484375 0.38466666666666666 0.05553125 0.09087500000000001
1 0.5729453125 0.06438888888888888 0.0143984375 0.03909722222222222
1 0.582828125 0.05502777777777777 0.011859375 0.03563888888888889
1 0.187015625 0.3433888888888889 0.028273437499999998 0.04572222222222223
2 0.1568828125 0.34775 0.0290234375 0.03766666666666667
