1 0.548046875 0.5740138888888889 0.06171875 0.16030555555555556
1 0.527734375 0.425 0.04921875 0.13333333333333333
1 0.5866171875 0.7723333333333334 0.0722421875 0.21263888888888888
1 0.507671875 0.8395833333333333 0.0727890625 0.23809722222222224
2 0.39045312499999996 0.5064444444444445 0.0342890625 0.06797222222222223
1 0.511625 0.9458194444444444 0.0134609375 0.007597222222222222
1 0.63671875 0.9840277777777777 0.0671875 0.03194444444444444
1 0.3930390625 0.5264027777777778 0.0088203125 0.005083333333333334
1 0.595015625 0.8569722222222222 0.0111484375 0.006277777777777777
1 0.555515625 0.6440694444444445 0.010671875 0.008152777777777778
