1 0.6381093750000001 0.8050555555555556 0.12955729166666666 0.1595740740740741
2 0.121125 0.5199074074074074 0.028239583333333332 0.07602777777777778
2 0.37327604166666667 0.8080277777777778 0.037171875 0.07214814814814816
2 0.2639375 0.4346759259259259 0.016125 0.03812962962962963
1 0.347203125 0.2495648148148148 0.012692708333333334 0.03188888888888889
1 0.32209374999999996 0.16961111111111113 0.007619791666666667 0.020712962962962964
2 0.13949479166666665 0.7959444444444445 0.05857291666666666 0.05669444444444444
1 0.35723958333333333 0.2181759259259259 0.013244791666666667 0.03635185185185185
1 0.34644791666666663 0.1620277777777778 0.008161458333333333 0.02360185185185185
1 0.6913697916666667 0.8664444444444445 0.0069947916666666665 0.009259259259259259
1 0.44963020833333334 0.16886111111111113 0.022270833333333333 0.0247962962962963
1 0.32030729166666666 0.13652777777777778 0.00671875 0.016351851851851854
