1 0.38567708333333334 0.2011574074074074 0.070828125 0.1865740740740741
1 0.29527604166666666 0.3420462962962963 0.103546875 0.25705555555555554
2 0.30759895833333334 0.9773148148148149 0.07441145833333333 0.04537037037037037
1 0.60796875 0.4994166666666667 0.09682291666666668 0.27644444444444444
2 0.3785989583333333 0.01712962962962963 0.034468750000000006 0.03425925925925926
2 0.38898958333333333 0.09487037037037037 0.043468749999999994 0.04778703703703704
1 0.380859375 0.2791666666666667 0.013276041666666665 0.008333333333333333
1 0.6182291666666667 0.6014814814814815 0.01686979166666667 0.011111111111111112
1 0.28548958333333335 0.4498333333333333 0.015807291666666667 0.009148148148148148
2 0.39115625 0.060833333333333336 0.040140625 0.05955555555555555
1 0.3793229166666666 0.026351851851851852 0.01196875 0.00774074074074074
