1 0.1614765625 0.5748888888888889 0.14071875 0.10066666666666667
1 0.40034375000000005 0.2043888888888889 0.025031249999999998 0.057430555555555554
1 0.466578125 0.28355555555555556 0.028617187500000002 0.07722222222222222
1 0.8899609375 0.10595833333333335 0.08303906250000001 0.051180555555555556
2 0.3749921875 0.6002361111111111 0.0349609375 0.058625000000000003
2 0.8127265625 0.09672222222222222 0.02634375 0.015291666666666667
1 0.3961953125 0.11023611111111112 0.0547265625 0.05363888888888889
1 0.957796875 0.075375 0.0844140625 0.05304166666666666
1 0.9092499999999999 0.07070833333333333 0.01940625 0.02365277777777778
2 0.9501171875000001 0.012583333333333334 0.00996875 0.015611111111111112
