1 0.628515625 0.7611111111111111 0.05390625 0.15555555555555556
1 0.458015625 0.852388888888889 0.0484375 0.17011111111111113
1 0.5931171875000001 0.5335 0.024617187500000002 0.059041666666666666
1 0.48413281250000006 0.9430000000000001 0.0716484375 0.11398611111111111
1 0.423046875 0.3603888888888889 0.023453125 0.04488888888888889
1 0.47475781250000004 0.550625 0.0276484375 0.08452777777777777
1 0.46586718749999995 0.5938472222222222 0.0310859375 0.0817361111111111
1 0.45584375 0.3935 0.02634375 0.05330555555555556
1 0.47375 0.41733333333333333 0.0275078125 0.05327777777777778
1 0.4833125 0.5059305555555556 0.0220859375 0.06776388888888889
1 0.4379140625 0.3776111111111111 0.0172421875 0.04806944444444444
1 0.45864843750000006 0.6418611111111111 0.0301328125 0.08472222222222223
1 0.6382421875000001 0.8321388888888889 0.0073281250000000004 0.0053750000000000004
1 0.450953125 0.72875 0.0330859375 0.11576388888888887
1 0.48521875000000003 0.46738888888888885 0.02059375 0.05038888888888889
1 0.4866484375 0.4389305555555555 0.0190703125 0.04509722222222222
