2 0.24114583333333334 0.7907407407407407 0.203125 0.2851851851851852
2 0.4125 0.8546296296296296 0.2 0.29074074074074074
2 0.6572916666666667 0.8055555555555556 0.175 0.2962962962962963
2 0.8859375 0.9092592592592592 0.21979166666666666 0.1814814814814815
2 0.8541666666666666 0.712037037037037 0.15833333333333333 0.21666666666666667
2 0.696875 0.6296296296296297 0.12916666666666668 0.21851851851851853
2 0.46041666666666664 0.6527777777777778 0.125 0.18703703703703703
2 0.33697916666666666 0.5981481481481481 0.171875 0.2111111111111111
2 0.22916666666666666 0.8916666666666667 0.08333333333333333 0.21666666666666667
2 0.6286458333333333 0.4787037037037037 0.06354166666666666 0.1574074074074074
2 0.690625 0.45740740740740743 0.06041666666666667 0.1259259259259259
2 0.8130208333333333 0.5027777777777778 0.04895833333333333 0.18333333333333332
2 0.7859375 0.4527777777777778 0.042708333333333334 0.1537037037037037
2 0.6864583333333333 0.10648148148148148 0.0375 0.046296296296296294
2 0.5630208333333333 0.29074074074074074 0.06979166666666667 0.09259259259259259
