2 0.2859375 0.7212962962962963 0.140625 0.25
2 0.6526041666666667 0.8796296296296297 0.190625 0.24074074074074073
2 0.8296875 0.825925925925926 0.14895833333333333 0.25555555555555554
2 0.6479166666666667 0.6805555555555556 0.14791666666666667 0.20185185185185187
2 0.15625 0.31296296296296294 0.07083333333333333 0.11481481481481481
2 0.6463541666666667 0.2518518518518518 0.08229166666666667 0.07037037037037037
2 0.5598958333333334 0.22037037037037038 0.06145833333333333 0.05925925925925926
2 0.46510416666666665 0.2175925925925926 0.06770833333333333 0.06481481481481481
2 0.16927083333333334 0.18333333333333332 0.06979166666666667 0.06296296296296296
2 0.32916666666666666 0.14814814814814814 0.035416666666666666 0.05555555555555555
2 0.3703125 0.17037037037037037 0.05520833333333333 0.05185185185185185
2 0.5208333333333334 0.16944444444444445 0.03333333333333333 0.04259259259259259
2 0.4984375 0.19166666666666668 0.040625 0.046296296296296294
2 0.5526041666666667 0.6824074074074075 0.028125 0.19444444444444445
2 0.17395833333333333 0.5907407407407408 0.0625 0.18518518518518517
2 0.7338541666666667 0.6277777777777778 0.04895833333333333 0.16296296296296298
2 0.5869791666666667 0.42685185185185187 0.034375 0.13148148148148148
2 0.5140625 0.2222222222222222 0.019791666666666666 0.05555555555555555
1 0.46770833333333334 0.7537037037037037 0.1375 0.37777777777777777
1 0.42604166666666665 0.17962962962962964 0.03958333333333333 0.08148148148148149
