2 0.2864583333333333 0.7212962962962963 0.13541666666666666 0.2537037037037037
2 0.653125 0.8787037037037037 0.18958333333333333 0.24259259259259258
2 0.6463541666666667 0.6759259259259259 0.14270833333333333 0.1962962962962963
2 0.8291666666666667 0.8324074074074074 0.15833333333333333 0.2574074074074074
2 0.16666666666666666 0.1787037037037037 0.07708333333333334 0.06481481481481481
2 0.32916666666666666 0.14814814814814814 0.03958333333333333 0.05555555555555555
2 0.39166666666666666 0.17037037037037037 0.03333333333333333 0.05185185185185185
2 0.4244791666666667 0.20277777777777778 0.053125 0.06481481481481481
2 0.49114583333333334 0.2175925925925926 0.06770833333333333 0.06481481481481481
2 0.6244791666666667 0.2601851851851852 0.103125 0.07592592592592592
2 0.6411458333333333 0.22870370370370371 0.078125 0.05740740740740741
2 0.5432291666666667 0.1537037037037037 0.023958333333333335 0.040740740740740744
2 0.16979166666666667 0.5907407407407408 0.058333333333333334 0.17777777777777778
2 0.553125 0.687037037037037 0.0375 0.1925925925925926
2 0.7369791666666666 0.6361111111111111 0.042708333333333334 0.17222222222222222
2 0.703125 0.5527777777777778 0.04791666666666667 0.15
2 0.6083333333333333 0.4009259259259259 0.03333333333333333 0.12037037037037036
1 0.4666666666666667 0.7481481481481481 0.1375 0.3814814814814815
1 0.42239583333333336 0.15555555555555556 0.026041666666666668 0.05555555555555555
