2 0.2869791666666667 0.7148148148148148 0.13645833333333332 0.23703703703703705
2 0.6567708333333333 0.8787037037037037 0.19270833333333334 0.24259259259259258
2 0.8322916666666667 0.8240740740740741 0.14791666666666667 0.25555555555555554
2 0.6447916666666667 0.6703703703703704 0.14583333333333334 0.18518518518518517
2 0.16822916666666668 0.1814814814814815 0.07395833333333333 0.06296296296296296
2 0.3307291666666667 0.15092592592592594 0.03854166666666667 0.053703703703703705
2 0.40520833333333334 0.18611111111111112 0.0375 0.05
2 0.4421875 0.19722222222222222 0.057291666666666664 0.05740740740740741
2 0.47760416666666666 0.23148148148148148 0.08020833333333334 0.06666666666666667
2 0.6760416666666667 0.24444444444444444 0.03333333333333333 0.08148148148148149
2 0.5875 0.22314814814814815 0.06875 0.06111111111111111
2 0.6125 0.3351851851851852 0.125 0.11481481481481481
2 0.171875 0.5907407407407408 0.06458333333333334 0.18518518518518517
2 0.5546875 0.6833333333333333 0.036458333333333336 0.1925925925925926
2 0.7015625 0.5527777777777778 0.04479166666666667 0.1648148148148148
2 0.7395833333333334 0.6268518518518519 0.03958333333333333 0.16111111111111112
2 0.9666666666666667 0.9157407407407407 0.06666666666666667 0.14629629629629629
2 0.609375 0.40555555555555556 0.029166666666666667 0.12962962962962962
2 0.5807291666666666 0.23425925925925925 0.030208333333333334 0.06111111111111111
1 0.4432291666666667 0.14907407407407408 0.03229166666666667 0.053703703703703705
1 0.46770833333333334 0.7527777777777778 0.1375 0.37592592592592594
