2 0.2869791666666667 0.7175925925925926 0.13854166666666667 0.25
2 0.6541666666666667 0.8796296296296297 0.19166666666666668 0.24074074074074073
2 0.646875 0.6694444444444444 0.14583333333333334 0.18703703703703703
2 0.8286458333333333 0.8305555555555556 0.15520833333333334 0.26851851851851855
2 0.16927083333333334 0.1814814814814815 0.07395833333333333 0.05925925925925926
2 0.3307291666666667 0.15 0.03854166666666667 0.05555555555555555
2 0.4359375 0.20462962962962963 0.057291666666666664 0.05740740740740741
2 0.3848958333333333 0.16944444444444445 0.040625 0.05
2 0.490625 0.18333333333333332 0.03125 0.05555555555555555
2 0.53125 0.22777777777777777 0.08333333333333333 0.07407407407407407
2 0.6677083333333333 0.23796296296296296 0.052083333333333336 0.05
2 0.5369791666666667 0.15185185185185185 0.028125 0.037037037037037035
2 0.171875 0.5907407407407408 0.06458333333333334 0.18518518518518517
2 0.5557291666666667 0.6787037037037037 0.042708333333333334 0.19814814814814816
2 0.9677083333333333 0.9175925925925926 0.06458333333333334 0.1574074074074074
2 0.7359375 0.6351851851851852 0.046875 0.17777777777777778
2 0.6020833333333333 0.40555555555555556 0.029166666666666667 0.12222222222222222
2 0.46822916666666664 0.20092592592592592 0.019791666666666666 0.06481481481481481
1 0.41770833333333335 0.16574074074074074 0.029166666666666667 0.07222222222222222
1 0.46770833333333334 0.7490740740740741 0.1375 0.37592592592592594
