0 0.06015625 0.22083333333333333 0.0234375 0.06018518518518518
1 0.38177083333333334 0.40046296296296297 0.14166666666666666 0.48055555555555557
1 0.05234375 0.3800925925925926 0.1046875 0.38425925925925924
1 0.6986979166666667 0.3680555555555556 0.09114583333333333 0.3435185185185185
1 0.2484375 0.3435185185185185 0.08229166666666667 0.2814814814814815
0 0.3841145833333333 0.20324074074074075 0.0328125 0.06388888888888888
0 0.3541666666666667 0.1986111111111111 0.03854166666666667 0.07685185185185185
0 0.03671875 0.22962962962962963 0.0328125 0.07222222222222222
0 0.25 0.23935185185185184 0.021875 0.04722222222222222
0 0.26458333333333334 0.2300925925925926 0.019791666666666666 0.04722222222222222
2 0.6994791666666667 0.262037037037037 0.035416666666666666 0.06666666666666667
