1 0.35911458333333335 0.5078703703703704 0.17864583333333334 0.5824074074074074
0 0.7216145833333333 0.2828703703703704 0.04739583333333333 0.0787037037037037
0 0.05 0.3236111111111111 0.03333333333333333 0.06759259259259259
0 0.35078125 0.2569444444444444 0.0515625 0.0712962962962963
2 0.37473958333333335 0.2884259259259259 0.0453125 0.09166666666666666
1 0.98671875 0.33564814814814814 0.025520833333333333 0.05648148148148148
2 0.12760416666666666 0.34444444444444444 0.027083333333333334 0.06666666666666667
1 0.7122395833333334 0.48148148148148145 0.1390625 0.4888888888888889
1 0.05234375 0.5111111111111111 0.1046875 0.45185185185185184
1 0.128125 0.47175925925925927 0.08645833333333333 0.33425925925925926
1 0.9658854166666667 0.4842592592592593 0.06614583333333333 0.3592592592592593