0 0.16328125 0.2574074074074074 0.028645833333333332 0.05555555555555555
0 0.32786458333333335 0.27037037037037037 0.028645833333333332 0.05740740740740741
2 0.04140625 0.3263888888888889 0.030208333333333334 0.058333333333333334
0 0.28046875 0.27824074074074073 0.024479166666666666 0.05092592592592592
1 0.33098958333333334 0.39444444444444443 0.07239583333333334 0.30925925925925923
1 0.41953125 0.4439814814814815 0.11197916666666667 0.49537037037037035
1 0.0546875 0.41944444444444445 0.109375 0.37407407407407406
1 0.16067708333333333 0.39444444444444443 0.08385416666666666 0.3333333333333333
0 0.05963541666666667 0.2652777777777778 0.03177083333333333 0.06388888888888888
1 0.27447916666666666 0.3824074074074074 0.06666666666666667 0.26296296296296295
