0 0.5645833333333333 0.26157407407407407 0.029166666666666667 0.05462962962962963
1 0.13984375 0.5421296296296296 0.2328125 0.7324074074074074
0 0.415625 0.287962962962963 0.03125 0.05925925925925926
1 0.7192708333333333 0.39351851851851855 0.07604166666666666 0.31851851851851853
0 0.6419270833333334 0.25416666666666665 0.0328125 0.058333333333333334
0 0.7171875 0.26481481481481484 0.029166666666666667 0.05185185185185185
0 0.14166666666666666 0.22962962962962963 0.06354166666666666 0.10555555555555556
2 0.12161458333333333 0.2810185185185185 0.05364583333333333 0.10648148148148148
1 0.41354166666666664 0.41805555555555557 0.09166666666666666 0.3287037037037037
1 0.56875 0.3976851851851852 0.075 0.33055555555555555
1 0.6447916666666667 0.4050925925925926 0.090625 0.3675925925925926