1 0.42747395833333335 0.4173611111111111 0.08411458333333334 0.350462962962963
1 0.13606770833333334 0.5625 0.26848958333333334 0.8398148148148148
1 0.6321614583333334 0.40532407407407406 0.07213541666666666 0.274537037037037
1 0.8299479166666667 0.40902777777777777 0.06145833333333333 0.24583333333333332
1 0.551953125 0.4363425925925926 0.09765625 0.3541666666666667
1 0.2962239583333333 0.39699074074074076 0.06328125 0.2337962962962963
0 0.423828125 0.26967592592592593 0.03307291666666667 0.05138888888888889
0 0.14791666666666667 0.21412037037037038 0.0796875 0.12916666666666668
0 0.8286458333333333 0.3071759259259259 0.022395833333333334 0.03935185185185185
0 0.5526041666666667 0.2881944444444444 0.03229166666666667 0.052314814814814814
0 0.6260416666666667 0.29189814814814813 0.021354166666666667 0.03935185185185185
0 0.9868489583333333 0.28194444444444444 0.024739583333333332 0.040740740740740744
0 0.29856770833333335 0.3020833333333333 0.018489583333333334 0.04027777777777778
2 0.2984375 0.3020833333333333 0.01875 0.04027777777777778