1 0.6790364583333334 0.4027777777777778 0.08515625 0.30925925925925923
1 0.31614583333333335 0.4666666666666667 0.14427083333333332 0.49166666666666664
1 0.5640625 0.4449074074074074 0.11927083333333334 0.44907407407407407
2 0.28033854166666666 0.2847222222222222 0.039322916666666666 0.07777777777777778
0 0.319140625 0.26851851851851855 0.046614583333333334 0.09259259259259259
0 0.680078125 0.2747685185185185 0.026822916666666665 0.050462962962962966
0 0.548046875 0.2810185185185185 0.03411458333333333 0.06481481481481481
0 0.5625 0.2488425925925926 0.036458333333333336 0.06157407407407407
0 0.8283854166666667 0.30694444444444446 0.022916666666666665 0.040740740740740744
1 0.8255208333333334 0.40879629629629627 0.05625 0.24814814814814815
