1 0.35625 0.23472222222222222 0.06979166666666667 0.3212962962962963
0 0.6296875 0.07731481481481481 0.034375 0.06574074074074074
1 0.63359375 0.24027777777777778 0.0890625 0.39537037037037037
1 0.79140625 0.2523148148148148 0.0671875 0.31203703703703706
1 0.4236979166666667 0.25787037037037036 0.14322916666666666 0.49907407407407406
1 0.13932291666666666 0.2564814814814815 0.13072916666666667 0.38333333333333336
0 0.4236979166666667 0.050462962962962966 0.04010416666666667 0.0787037037037037
0 0.37526041666666665 0.1050925925925926 0.030729166666666665 0.058333333333333334
0 0.24817708333333333 0.12731481481481483 0.0234375 0.04537037037037037
1 0.7421875 0.21388888888888888 0.05625 0.24814814814814815
0 0.74453125 0.10833333333333334 0.021354166666666667 0.03888888888888889
0 0.14661458333333333 0.09768518518518518 0.0328125 0.06018518518518518
2 0.7885416666666667 0.12453703703703704 0.027083333333333334 0.04722222222222222
1 0.24765625 0.23657407407407408 0.09427083333333333 0.2675925925925926