2 0.40546875 0.28703703703703703 0.04635416666666667 0.08148148148148149
1 0.04479166666666667 0.41388888888888886 0.08958333333333333 0.35
1 0.47265625 0.4310185185185185 0.0859375 0.3731481481481482
0 0.46796875 0.2800925925925926 0.0359375 0.062037037037037036
0 0.22213541666666667 0.27361111111111114 0.10260416666666666 0.1824074074074074
1 0.40963541666666664 0.5125 0.15260416666666668 0.600925925925926
1 0.2598958333333333 0.5842592592592593 0.35520833333333335 0.8148148148148148
0 0.7486979166666666 0.26851851851851855 0.019270833333333334 0.03333333333333333
1 0.7502604166666667 0.36157407407407405 0.0515625 0.2212962962962963
0 0.3971354166666667 0.25046296296296294 0.05260416666666667 0.06759259259259259
1 0.6565104166666667 0.3486111111111111 0.04739583333333333 0.20833333333333334
0 0.6544270833333333 0.262037037037037 0.018229166666666668 0.03333333333333333
0 0.03359375 0.27175925925925926 0.0296875 0.06018518518518518