1 0.6188802083333333 0.40162037037037035 0.06692708333333333 0.26157407407407407
2 0.515234375 0.3087962962962963 0.025 0.058333333333333334
0 0.079296875 0.32685185185185184 0.034375 0.06851851851851852
0 0.5108072916666667 0.2865740740740741 0.03046875 0.03981481481481482
0 0.3338541666666667 0.25439814814814815 0.0390625 0.06342592592592593
1 0.08098958333333334 0.42916666666666664 0.1359375 0.4064814814814815
1 0.33515625 0.42986111111111114 0.11302083333333333 0.4199074074074074
1 0.5127604166666667 0.42685185185185187 0.09114583333333333 0.32592592592592595
1 0.8319010416666667 0.40925925925925927 0.05755208333333333 0.24537037037037038
0 0.09075520833333334 0.26296296296296295 0.03619791666666667 0.06759259259259259
0 0.8303385416666667 0.3076388888888889 0.022135416666666668 0.038425925925925926
0 0.6229166666666667 0.29282407407407407 0.022395833333333334 0.04212962962962963