1 0.5796875 0.5699074074074074 0.271875 0.8398148148148148
1 0.16614583333333333 0.4930555555555556 0.11041666666666666 0.3435185185185185
1 0.2830729166666667 0.48333333333333334 0.11927083333333334 0.4166666666666667
0 0.80703125 0.3212962962962963 0.0328125 0.05555555555555555
0 0.5971354166666667 0.22685185185185186 0.06614583333333333 0.11481481481481481
0 0.29453125 0.3148148148148148 0.034895833333333334 0.07222222222222222
0 0.18229166666666666 0.3537037037037037 0.026041666666666668 0.05555555555555555
0 0.41796875 0.34629629629629627 0.0265625 0.05185185185185185
0 0.5341145833333333 0.21342592592592594 0.0703125 0.12129629629629629
1 0.4080729166666667 0.4666666666666667 0.08802083333333334 0.29259259259259257
1 0.8197916666666667 0.4810185185185185 0.10416666666666667 0.3768518518518518