0 0.17161458333333332 0.2740740740740741 0.043229166666666666 0.10555555555555556
2 0.8052083333333333 0.25601851851851853 0.021875 0.041666666666666664
1 0.5169270833333334 0.3449074074074074 0.049479166666666664 0.1787037037037037
0 0.21015625 0.2740740740740741 0.028645833333333332 0.05185185185185185
0 0.5166666666666667 0.2726851851851852 0.014583333333333334 0.030555555555555555
1 0.8125 0.36064814814814816 0.06666666666666667 0.2564814814814815
1 0.3385416666666667 0.4060185185185185 0.09375 0.3435185185185185
1 0.14036458333333332 0.6078703703703704 0.28072916666666664 0.7712962962962963
0 0.071875 0.32685185185185184 0.09479166666666666 0.17962962962962964
0 0.33880208333333334 0.26666666666666666 0.028645833333333332 0.05925925925925926
2 0.13645833333333332 0.2796296296296296 0.051041666666666666 0.10925925925925926
