2 0.5145833333333333 0.3347222222222222 0.029166666666666667 0.06018518518518518
2 0.5393229166666667 0.3578703703703704 0.03177083333333333 0.06574074074074074
0 0.41041666666666665 0.3990740740740741 0.022916666666666665 0.044444444444444446
0 0.13229166666666667 0.2986111111111111 0.05416666666666667 0.09351851851851851
0 0.08463541666666667 0.27037037037037037 0.04739583333333333 0.08333333333333333
1 0.39765625 0.4949074074074074 0.08177083333333333 0.24351851851851852
1 0.5372395833333333 0.49675925925925923 0.1328125 0.4287037037037037
1 0.13802083333333334 0.5175925925925926 0.184375 0.5796296296296296
1 0.7356770833333334 0.5300925925925926 0.1203125 0.44351851851851853
0 0.7338541666666667 0.3458333333333333 0.03854166666666667 0.06944444444444445
0 0.5421875 0.31296296296296294 0.0375 0.05925925925925926