1 0.25690104166666666 0.399537037037037 0.06484375 0.21481481481481482
1 0.64375 0.45625 0.10885416666666667 0.425462962962963
1 0.4234375 0.43194444444444446 0.08854166666666667 0.36944444444444446
1 0.52890625 0.4048611111111111 0.0796875 0.2875
1 0.8307291666666666 0.4099537037037037 0.0640625 0.24583333333333332
0 0.42682291666666666 0.27824074074074073 0.03333333333333333 0.06018518518518518
0 0.6415364583333333 0.2789351851851852 0.03828125 0.06620370370370371
0 0.8296875 0.30694444444444446 0.022395833333333334 0.03796296296296296
0 0.5263020833333333 0.2865740740740741 0.025520833333333333 0.04537037037037037
0 0.257421875 0.3125 0.019791666666666666 0.034722222222222224
