1 0.55546875 0.4888888888888889 0.0734375 0.3055555555555556
2 0.45286458333333335 0.3023148148148148 0.0578125 0.14722222222222223
1 0.13333333333333333 0.5810185185185185 0.18854166666666666 0.7768518518518519
1 0.4661458333333333 0.6060185185185185 0.20729166666666668 0.775
0 0.1203125 0.26157407407407407 0.065625 0.12129629629629629
1 0.3484375 0.4981481481481482 0.09166666666666666 0.40555555555555556
1 0.2171875 0.4787037037037037 0.078125 0.35555555555555557
0 0.21041666666666667 0.33055555555555555 0.03125 0.05555555555555555
0 0.3497395833333333 0.3282407407407407 0.0328125 0.06018518518518518
0 0.5479166666666667 0.3685185185185185 0.034375 0.05925925925925926
