1 0.288671875 0.4615740740740741 0.14401041666666667 0.47962962962962963
1 0.5967447916666667 0.4027777777777778 0.07630208333333334 0.287962962962963
1 0.48606770833333335 0.4199074074074074 0.09088541666666666 0.32314814814814813
0 0.8645833333333334 0.2900462962962963 0.0265625 0.04861111111111111
1 0.8747395833333333 0.40902777777777777 0.165625 0.28379629629629627
0 0.311328125 0.27291666666666664 0.03984375 0.07268518518518519
0 0.28072916666666664 0.262037037037037 0.036458333333333336 0.07222222222222222
2 0.48515625 0.29421296296296295 0.0265625 0.04861111111111111
0 0.5928385416666667 0.2983796296296296 0.021614583333333333 0.043055555555555555
0 0.60234375 0.2773148148148148 0.022395833333333334 0.037037037037037035
0 0.8307291666666666 0.30671296296296297 0.0234375 0.03935185185185185
