1 0.5830729166666667 0.3587962962962963 0.0546875 0.22314814814814815
0 0.6815104166666667 0.26342592592592595 0.0234375 0.041666666666666664
2 0.10338541666666666 0.2912037037037037 0.030729166666666665 0.06759259259259259
0 0.29921875 0.28379629629629627 0.04114583333333333 0.06759259259259259
0 0.4484375 0.2652777777777778 0.05520833333333333 0.08796296296296297
1 0.6880208333333333 0.38287037037037036 0.065625 0.2824074074074074
1 0.090625 0.44074074074074077 0.12708333333333333 0.37407407407407406
1 0.4359375 0.4842592592592593 0.15416666666666667 0.5425925925925926
1 0.30182291666666666 0.46805555555555556 0.1296875 0.44351851851851853
0 0.3765625 0.2722222222222222 0.020833333333333332 0.044444444444444446
0 0.584375 0.2675925925925926 0.020833333333333332 0.037037037037037035