0 0.965625 0.35555555555555557 0.03229166666666667 0.05740740740740741
1 0.67421875 0.5087962962962963 0.1484375 0.5324074074074074
1 0.8325520833333333 0.4722222222222222 0.0765625 0.29444444444444445
1 0.5526041666666667 0.46944444444444444 0.08229166666666667 0.32037037037037036
1 0.41875 0.49583333333333335 0.165625 0.5231481481481481
1 0.9606770833333333 0.49722222222222223 0.0765625 0.3425925925925926
2 0.4244791666666667 0.28379629629629627 0.05520833333333333 0.08796296296296297
0 0.83203125 0.3486111111111111 0.025520833333333333 0.04351851851851852
0 0.5479166666666667 0.3351851851851852 0.029166666666666667 0.04814814814814815
0 0.6911458333333333 0.28703703703703703 0.04791666666666667 0.08148148148148149
