0 0.10963541666666667 0.15092592592592594 0.05677083333333333 0.10555555555555556
1 0.5682291666666667 0.38055555555555554 0.11666666666666667 0.5166666666666667
1 0.6794270833333333 0.3421296296296296 0.1015625 0.38425925925925924
1 0.3372395833333333 0.40046296296296297 0.1640625 0.6435185185185185
1 0.11223958333333334 0.4027777777777778 0.1703125 0.6055555555555555
0 0.21223958333333334 0.1337962962962963 0.0484375 0.08425925925925926
0 0.56875 0.16157407407407406 0.046875 0.0787037037037037
0 0.33046875 0.13194444444444445 0.0546875 0.10833333333333334
2 0.6802083333333333 0.17962962962962964 0.029166666666666667 0.05925925925925926
1 0.21848958333333332 0.36435185185185187 0.1171875 0.5453703703703704
