1 0.15729166666666666 0.5560185185185185 0.21666666666666667 0.7675925925925926
1 0.7270833333333333 0.4842592592592593 0.08541666666666667 0.34629629629629627
1 0.34661458333333334 0.48842592592592593 0.10989583333333333 0.3509259259259259
1 0.0875 0.5402777777777777 0.175 0.8712962962962963
1 0.96015625 0.49675925925925923 0.0765625 0.3731481481481482
0 0.03203125 0.20555555555555555 0.0640625 0.21666666666666667
1 0.51015625 0.49166666666666664 0.1296875 0.46296296296296297
0 0.13151041666666666 0.24027777777777778 0.0734375 0.1287037037037037
2 0.7213541666666666 0.34444444444444444 0.03229166666666667 0.06111111111111111
2 0.5088541666666667 0.29953703703703705 0.035416666666666666 0.06944444444444445
0 0.9796875 0.34074074074074073 0.035416666666666666 0.05555555555555555
0 0.3609375 0.3439814814814815 0.03125 0.058333333333333334