1 0.84296875 0.41944444444444445 0.12864583333333332 0.40555555555555556
2 0.46640625 0.2652777777777778 0.028645833333333332 0.05277777777777778
1 0.39609375 0.40555555555555556 0.0609375 0.2796296296296296
0 0.6059895833333333 0.26064814814814813 0.0328125 0.058333333333333334
0 0.2791666666666667 0.2513888888888889 0.040625 0.075
2 0.8359375 0.25601851851851853 0.035416666666666666 0.06574074074074074
0 0.5677083333333334 0.28055555555555556 0.029166666666666667 0.05185185185185185
1 0.29348958333333336 0.4449074074074074 0.1234375 0.46944444444444444
1 0.55 0.40324074074074073 0.06041666666666667 0.3194444444444444
1 0.3372395833333333 0.4263888888888889 0.0734375 0.39351851851851855
2 0.58984375 0.3060185185185185 0.0296875 0.05462962962962963
2 0.39401041666666664 0.29074074074074074 0.0203125 0.044444444444444446
0 0.3255208333333333 0.2657407407407407 0.03229166666666667 0.05555555555555555
1 0.6104166666666667 0.41388888888888886 0.08229166666666667 0.3685185185185185
1 0.46927083333333336 0.41712962962962963 0.090625 0.35833333333333334