1 0.07395833333333333 0.5060185185185185 0.14166666666666666 0.5805555555555556
1 0.21145833333333333 0.5175925925925926 0.18229166666666666 0.6888888888888889
0 0.43203125 0.2523148148148148 0.0359375 0.06944444444444445
0 0.07760416666666667 0.2671296296296296 0.051041666666666666 0.09537037037037037
1 0.5122395833333333 0.4074074074074074 0.0859375 0.3388888888888889
1 0.4466145833333333 0.44166666666666665 0.1328125 0.4537037037037037
0 0.35078125 0.29305555555555557 0.0203125 0.04351851851851852
2 0.22317708333333333 0.3023148148148148 0.0453125 0.07685185185185185
1 0.34921875 0.4 0.0640625 0.2574074074074074
0 0.5041666666666667 0.26666666666666666 0.029166666666666667 0.05
0 0.196875 0.22407407407407406 0.053125 0.10555555555555556