1 0.23802083333333332 0.5060185185185185 0.11041666666666666 0.44351851851851853
1 0.3984375 0.5175925925925926 0.10104166666666667 0.4074074074074074
1 0.046875 0.5356481481481481 0.09375 0.6305555555555555
0 0.31927083333333334 0.35648148148148145 0.026041666666666668 0.046296296296296294
1 0.1359375 0.48055555555555557 0.1 0.3648148148148148
0 0.0234375 0.26157407407407407 0.046875 0.05648148148148148
0 0.26484375 0.3375 0.0234375 0.058333333333333334
1 0.9828125 0.6333333333333333 0.03125 0.725925925925926
0 0.12421875 0.32407407407407407 0.028645833333333332 0.046296296296296294
0 0.23697916666666666 0.3296296296296296 0.03854166666666667 0.06851851851851852
0 0.14869791666666668 0.33101851851851855 0.025520833333333333 0.05092592592592592
0 0.40078125 0.34444444444444444 0.0328125 0.05555555555555555
1 0.32057291666666665 0.49166666666666664 0.0671875 0.3148148148148148