1 0.19479166666666667 0.4375 0.11666666666666667 0.35462962962962963
1 0.5950520833333334 0.38101851851851853 0.07135416666666666 0.30462962962962964
1 0.37942708333333336 0.45555555555555555 0.14114583333333333 0.48703703703703705
1 0.6614583333333334 0.41203703703703703 0.08333333333333333 0.35
0 0.19713541666666667 0.2953703703703704 0.03697916666666667 0.06851851851851852
0 0.38776041666666666 0.25925925925925924 0.0453125 0.07962962962962963
1 0.45260416666666664 0.3976851851851852 0.08333333333333333 0.3416666666666667
0 0.43984375 0.2569444444444444 0.030729166666666665 0.05277777777777778
0 0.5940104166666667 0.2518518518518518 0.024479166666666666 0.04259259259259259
2 0.6552083333333333 0.26851851851851855 0.028125 0.05185185185185185
