0 0.4549479166666667 0.42083333333333334 0.022395833333333334 0.05092592592592592
0 0.21536458333333333 0.39351851851851855 0.0265625 0.053703703703703705
0 0.6083333333333333 0.44351851851851853 0.029166666666666667 0.053703703703703705
0 0.5390625 0.42962962962962964 0.026041666666666668 0.044444444444444446
0 0.3729166666666667 0.4203703703703704 0.029166666666666667 0.053703703703703705
1 0.3653645833333333 0.5486111111111112 0.059895833333333336 0.3175925925925926
0 0.4276041666666667 0.4162037037037037 0.035416666666666666 0.06574074074074074
1 0.4231770833333333 0.5875 0.0984375 0.41759259259259257
0 0.0484375 0.3421296296296296 0.057291666666666664 0.09351851851851851
0 0.25 0.3685185185185185 0.04375 0.07962962962962963
1 0.6104166666666667 0.5930555555555556 0.08229166666666667 0.35833333333333334
1 0.06432291666666666 0.6300925925925925 0.12864583333333332 0.675
1 0.2390625 0.5930555555555556 0.14791666666666667 0.5305555555555556
1 0.5403645833333334 0.5601851851851852 0.06927083333333334 0.3148148148148148