1 0.537109375 0.45578703703703705 0.10338541666666666 0.4587962962962963
1 0.830859375 0.4097222222222222 0.06328125 0.24537037037037038
1 0.4622395833333333 0.42939814814814814 0.0765625 0.32546296296296295
1 0.025130208333333334 0.4300925925925926 0.05026041666666667 0.37592592592592594
0 0.3287760416666667 0.2662037037037037 0.03619791666666667 0.06666666666666667
0 0.5345052083333334 0.2689814814814815 0.039322916666666666 0.07685185185185185
1 0.6653645833333334 0.43148148148148147 0.08125 0.3425925925925926
0 0.6626302083333333 0.28935185185185186 0.03046875 0.05648148148148148
1 0.4080729166666667 0.3886574074074074 0.06041666666666667 0.25972222222222224
0 0.82890625 0.30694444444444446 0.021875 0.03796296296296296
0 0.41354166666666664 0.28125 0.021875 0.043055555555555555
0 0.480078125 0.29444444444444445 0.028385416666666666 0.05185185185185185
2 0.4583333333333333 0.30833333333333335 0.025520833333333333 0.05185185185185185
0 0.006640625 0.27361111111111114 0.01328125 0.05648148148148148
1 0.6015625 0.3891203703703704 0.0515625 0.2587962962962963
1 0.33294270833333334 0.43171296296296297 0.09713541666666667 0.4013888888888889
0 0.5983072916666666 0.2831018518518518 0.025260416666666667 0.04212962962962963