0 0.7684895833333333 0.25787037037037036 0.0140625 0.032407407407407406
1 0.6940104166666666 0.38564814814814813 0.07239583333333334 0.29907407407407405
1 0.2625 0.5944444444444444 0.228125 0.7888888888888889
1 0.04609375 0.4148148148148148 0.0921875 0.34629629629629627
1 0.76640625 0.35462962962962963 0.058854166666666666 0.22777777777777777
1 0.48046875 0.35462962962962963 0.0515625 0.1962962962962963
2 0.23255208333333333 0.27175925925925926 0.07135416666666666 0.13240740740740742
0 0.023177083333333334 0.275 0.033854166666666664 0.06296296296296296
0 0.6908854166666667 0.26157407407407407 0.0265625 0.04722222222222222
0 0.7557291666666667 0.2587962962962963 0.01875 0.03425925925925926
0 0.48125 0.2759259259259259 0.017708333333333333 0.03518518518518519
