0 0.6317708333333333 0.3685185185185185 0.021875 0.04259259259259259
1 0.7208333333333333 0.5217592592592593 0.10416666666666667 0.41759259259259257
1 0.6291666666666667 0.46620370370370373 0.06041666666666667 0.23981481481481481
0 0.5494791666666666 0.3587962962962963 0.026041666666666668 0.05092592592592592
0 0.26875 0.32916666666666666 0.04375 0.08055555555555556
0 0.43411458333333336 0.33287037037037037 0.03177083333333333 0.06574074074074074
0 0.7203125 0.3476851851851852 0.03854166666666667 0.06759259259259259
0 0.0859375 0.2791666666666667 0.06979166666666667 0.14351851851851852
1 0.5455729166666666 0.47962962962962963 0.07864583333333333 0.29259259259259257
1 0.09348958333333333 0.5680555555555555 0.1859375 0.7268518518518519
1 0.2630208333333333 0.525 0.15729166666666666 0.5166666666666667
1 0.42552083333333335 0.49722222222222223 0.10625 0.4