2 0.36888020833333335 0.22592592592592592 0.05390625 0.08981481481481482
0 0.3690104166666667 0.22615740740740742 0.05416666666666667 0.09027777777777778
1 0.572265625 0.4233796296296296 0.08984375 0.36435185185185187
1 0.38580729166666666 0.4671296296296296 0.15078125 0.5796296296296296
1 0.651953125 0.3958333333333333 0.05807291666666667 0.25277777777777777
0 0.112109375 0.2722222222222222 0.031510416666666666 0.06388888888888888
1 0.261328125 0.39837962962962964 0.05963541666666667 0.2125
0 0.576171875 0.27152777777777776 0.03203125 0.055092592592592596
1 0.8321614583333333 0.4085648148148148 0.062239583333333334 0.24675925925925926
0 0.6546875 0.29189814814814813 0.022916666666666665 0.0412037037037037
0 0.8372395833333334 0.30486111111111114 0.021875 0.0375