1 0.23893229166666666 0.47824074074074074 0.15546875 0.4824074074074074
1 0.38359375 0.5189814814814815 0.16302083333333334 0.6546296296296297
1 0.830859375 0.4101851851851852 0.06432291666666666 0.2462962962962963
1 0.5006510416666666 0.40069444444444446 0.07890625 0.32916666666666666
1 0.05078125 0.487962962962963 0.1015625 0.6185185185185185
0 0.37890625 0.24675925925925926 0.05364583333333333 0.1037037037037037
0 0.25234375 0.27824074074074073 0.042708333333333334 0.07962962962962963
0 0.49973958333333335 0.26319444444444445 0.03177083333333333 0.05324074074074074
0 0.6041666666666666 0.2826388888888889 0.03697916666666667 0.07175925925925926
1 0.7092447916666667 0.40625 0.053385416666666664 0.25046296296296294
0 0.8290364583333333 0.3071759259259259 0.021614583333333333 0.038425925925925926
2 0.21848958333333332 0.29467592592592595 0.03697916666666667 0.07083333333333333
0 0.7079427083333333 0.3034722222222222 0.022135416666666668 0.0412037037037037
0 0.012760416666666666 0.23587962962962963 0.025520833333333333 0.1050925925925926
1 0.6091145833333333 0.4622685185185185 0.10625 0.4337962962962963