0 0.63046875 0.29305555555555557 0.022395833333333334 0.04351851851851852
1 0.11927083333333334 0.5125 0.22083333333333333 0.7324074074074074
1 0.5703125 0.4013888888888889 0.08229166666666667 0.3490740740740741
1 0.7497395833333333 0.4212962962962963 0.15364583333333334 0.32407407407407407
1 0.6364583333333333 0.39166666666666666 0.06145833333333333 0.24259259259259258
0 0.571875 0.2523148148148148 0.028125 0.04722222222222222
0 0.74296875 0.287962962962963 0.027604166666666666 0.05
1 0.28489583333333335 0.3875 0.07083333333333333 0.2101851851851852
0 0.2864583333333333 0.30277777777777776 0.01875 0.037037037037037035
1 0.5065104166666666 0.3768518518518518 0.04635416666666667 0.17962962962962964
0 0.5065104166666666 0.30462962962962964 0.015104166666666667 0.03148148148148148
0 0.140625 0.2587962962962963 0.07083333333333333 0.14814814814814814