2 0.8002604166666667 0.29305555555555557 0.0421875 0.08055555555555556
1 0.5872395833333334 0.4703703703703704 0.08802083333333334 0.3277777777777778
1 0.69609375 0.4615740740740741 0.06614583333333333 0.28425925925925927
1 0.42161458333333335 0.4722222222222222 0.09427083333333333 0.35555555555555557
2 0.8338541666666667 0.2953703703703704 0.035416666666666666 0.07037037037037037
1 0.8286458333333333 0.5041666666666667 0.19375 0.5046296296296297
0 0.42161458333333335 0.32407407407407407 0.028645833333333332 0.05555555555555555
0 0.58984375 0.33287037037037037 0.0265625 0.04722222222222222
0 0.771875 0.33055555555555555 0.034375 0.05740740740740741
0 0.7010416666666667 0.34120370370370373 0.025 0.03981481481481482
2 0.8197916666666667 0.29398148148148145 0.06354166666666666 0.075
1 0.7481770833333333 0.48055555555555557 0.0703125 0.4388888888888889
