0 0.28854166666666664 0.3587962962962963 0.026041666666666668 0.05092592592592592
1 0.2859375 0.4976851851851852 0.07916666666666666 0.33055555555555555
0 0.19348958333333333 0.33796296296296297 0.03802083333333333 0.06851851851851852
1 0.019010416666666665 0.5152777777777777 0.03802083333333333 0.5009259259259259
0 0.01796875 0.3194444444444444 0.0359375 0.06666666666666667
1 0.9755208333333333 0.4949074074074074 0.04479166666666667 0.41388888888888886
1 0.4122395833333333 0.5486111111111112 0.1078125 0.4324074074074074
1 0.07369791666666667 0.5453703703703704 0.14739583333333334 0.5722222222222222
1 0.19166666666666668 0.5217592592592593 0.10104166666666667 0.44166666666666665
0 0.41875 0.37546296296296294 0.040625 0.075
0 0.07604166666666666 0.3060185185185185 0.051041666666666666 0.08796296296296297