0 0.06822916666666666 0.4356481481481482 0.026041666666666668 0.05277777777777778
1 0.06067708333333333 0.5560185185185185 0.0953125 0.2935185185185185
1 0.5028645833333333 0.5472222222222223 0.0859375 0.3425925925925926
1 0.2791666666666667 0.5175925925925926 0.06354166666666666 0.23333333333333334
0 0.7791666666666667 0.4134259259259259 0.035416666666666666 0.058333333333333334
2 0.5013020833333334 0.40694444444444444 0.0265625 0.05277777777777778
1 0.4583333333333333 0.5037037037037037 0.04479166666666667 0.2351851851851852
0 0.6921875 0.40046296296296297 0.026041666666666668 0.058333333333333334
1 0.6747395833333333 0.5310185185185186 0.10052083333333334 0.33240740740740743
1 0.7630208333333334 0.5421296296296296 0.09479166666666666 0.36944444444444446
2 0.46119791666666665 0.40046296296296297 0.019270833333333334 0.03425925925925926
0 0.28098958333333335 0.4236111111111111 0.0203125 0.03981481481481482