0 0.6565104166666667 0.33425925925925926 0.025520833333333333 0.053703703703703705
0 0.8557291666666667 0.35555555555555557 0.026041666666666668 0.044444444444444446
0 0.07526041666666666 0.0763888888888889 0.1453125 0.1527777777777778
1 0.1421875 0.4962962962962963 0.284375 0.9925925925925926
1 0.5856770833333333 0.49444444444444446 0.1203125 0.42592592592592593
1 0.7778645833333333 0.5175925925925926 0.10364583333333334 0.43148148148148147
0 0.3385416666666667 0.2865740740740741 0.041666666666666664 0.09351851851851851
1 0.8567708333333334 0.49074074074074076 0.06666666666666667 0.31296296296296294
1 0.32734375 0.4828703703703704 0.1453125 0.4935185185185185
1 0.6559895833333333 0.4648148148148148 0.07239583333333334 0.31666666666666665
0 0.7869791666666667 0.33287037037037037 0.035416666666666666 0.06388888888888888
0 0.5955729166666667 0.32175925925925924 0.04114583333333333 0.075