1 0.8947916666666667 0.46111111111111114 0.08541666666666667 0.34444444444444444
0 0.5973958333333333 0.35 0.029166666666666667 0.05555555555555555
0 0.9041666666666667 0.3175925925925926 0.028125 0.053703703703703705
0 0.4421875 0.34074074074074073 0.04375 0.08333333333333333
0 0.51875 0.3425925925925926 0.034375 0.06666666666666667
0 0.159375 0.31805555555555554 0.06354166666666666 0.11944444444444445
1 0.5294270833333333 0.5055555555555555 0.0765625 0.40555555555555556
1 0.6028645833333334 0.4912037037037037 0.07864583333333333 0.33796296296296297
1 0.45026041666666666 0.5509259259259259 0.12239583333333333 0.5092592592592593
1 0.17265625 0.624537037037037 0.1921875 0.7305555555555555
0 0.33541666666666664 0.2712962962962963 0.026041666666666668 0.053703703703703705