1 0.09192708333333334 0.5127314814814815 0.18385416666666668 0.5921296296296297
1 0.448046875 0.4101851851851852 0.08515625 0.3731481481481482
1 0.83046875 0.4099537037037037 0.0640625 0.24583333333333332
0 0.26510416666666664 0.2324074074074074 0.06770833333333333 0.12962962962962962
0 0.09752604166666666 0.26689814814814816 0.054947916666666666 0.09490740740740741
1 0.7016927083333333 0.4097222222222222 0.06015625 0.26944444444444443
0 0.44283854166666664 0.2537037037037037 0.03411458333333333 0.05740740740740741
0 0.5635416666666667 0.2743055555555556 0.04010416666666667 0.07268518518518519
2 0.04791666666666667 0.2912037037037037 0.049479166666666664 0.08888888888888889
0 0.8290364583333333 0.30694444444444446 0.021614583333333333 0.03796296296296296
0 0.6563802083333333 0.30671296296296297 0.01953125 0.03564814814814815
0 0.7018229166666666 0.2974537037037037 0.022395833333333334 0.043055555555555555
1 0.569140625 0.48009259259259257 0.12265625 0.4888888888888889
1 0.652734375 0.3958333333333333 0.048177083333333336 0.21666666666666667
1 0.26796875 0.562037037037037 0.21145833333333333 0.7944444444444444