1 0.6403645833333333 0.4652777777777778 0.0765625 0.30092592592592593
1 0.9466145833333334 0.4930555555555556 0.0890625 0.3435185185185185
1 0.8317708333333333 0.4791666666666667 0.071875 0.3416666666666667
0 0.7630208333333334 0.3138888888888889 0.040625 0.07777777777777778
0 0.9447916666666667 0.35 0.03229166666666667 0.05555555555555555
0 0.6546875 0.337037037037037 0.026041666666666668 0.04259259259259259
0 0.8278645833333333 0.3300925925925926 0.028645833333333332 0.04351851851851852
0 0.7046875 0.3384259259259259 0.026041666666666668 0.04722222222222222
1 0.6997395833333333 0.46944444444444444 0.059895833333333336 0.3148148148148148
1 0.7677083333333333 0.4986111111111111 0.11354166666666667 0.4564814814814815
