1 0.1875 0.525 0.33177083333333335 0.9305555555555556
1 0.5700520833333333 0.42569444444444443 0.09895833333333333 0.38564814814814813
1 0.45208333333333334 0.5060185185185185 0.17239583333333333 0.6129629629629629
1 0.667578125 0.4131944444444444 0.06171875 0.2726851851851852
0 0.45598958333333334 0.25 0.051041666666666666 0.09351851851851851
0 0.4069010416666667 0.26481481481481484 0.040364583333333336 0.07592592592592592
0 0.19049479166666666 0.16875 0.14088541666666668 0.19212962962962962
0 0.5423177083333334 0.2761574074074074 0.028385416666666666 0.047685185185185185
0 0.5782552083333333 0.2657407407407407 0.03307291666666667 0.06296296296296296
0 0.6678385416666667 0.3023148148148148 0.025260416666666667 0.04722222222222222
1 0.83125 0.4101851851851852 0.06354166666666666 0.24722222222222223
0 0.8326822916666666 0.3071759259259259 0.022135416666666668 0.038425925925925926
