1 0.41848958333333336 0.6074074074074074 0.1390625 0.6055555555555555
0 0.5677083333333334 0.412962962962963 0.026041666666666668 0.05185185185185185
1 0.5122395833333333 0.5569444444444445 0.08177083333333333 0.4101851851851852
2 0.49375 0.38287037037037036 0.025 0.05092592592592592
1 0.5708333333333333 0.5527777777777778 0.06354166666666666 0.34444444444444444
0 0.3255208333333333 0.3685185185185185 0.035416666666666666 0.06481481481481481
0 0.15104166666666666 0.3527777777777778 0.051041666666666666 0.0962962962962963
0 0.41015625 0.3560185185185185 0.0546875 0.09166666666666666
1 0.1484375 0.5925925925925926 0.14479166666666668 0.5833333333333334
2 0.5203125 0.3902777777777778 0.035416666666666666 0.06574074074074074
1 0.32005208333333335 0.5476851851851852 0.0890625 0.4287037037037037