1 0.22838541666666667 0.3921296296296296 0.08697916666666666 0.21574074074074073
1 0.8395833333333333 0.3972222222222222 0.075 0.24259259259259258
0 0.8268229166666666 0.29907407407407405 0.018229166666666668 0.03888888888888889
0 0.23125 0.3055555555555556 0.019791666666666666 0.03888888888888889
0 0.8421875 0.29583333333333334 0.016666666666666666 0.03425925925925926
2 0.48098958333333336 0.30833333333333335 0.0140625 0.027777777777777776
1 0.4778645833333333 0.3814814814814815 0.0421875 0.17777777777777778
2 0.125 0.2587962962962963 0.025520833333333333 0.04537037037037037
1 0.5739583333333333 0.41388888888888886 0.06979166666666667 0.32407407407407407
1 0.09140625 0.41805555555555557 0.12760416666666666 0.3824074074074074
0 0.57578125 0.2796296296296296 0.025520833333333333 0.05
0 0.08776041666666666 0.2638888888888889 0.030729166666666665 0.06666666666666667