0 0.8291666666666667 0.30694444444444446 0.022395833333333334 0.03796296296296296
0 0.6276041666666666 0.2875 0.027604166666666666 0.05277777777777778
0 0.3776041666666667 0.26273148148148145 0.0328125 0.055092592592592596
1 0.551953125 0.3997685185185185 0.05859375 0.25324074074074077
0 0.42109375 0.26643518518518516 0.0484375 0.09305555555555556
1 0.830859375 0.41041666666666665 0.06328125 0.24583333333333332
1 0.4178385416666667 0.5020833333333333 0.15963541666666667 0.5708333333333333
1 0.6279947916666667 0.4164351851851852 0.07265625 0.31342592592592594
1 0.08502604166666666 0.5337962962962963 0.17005208333333333 0.8018518518518518
1 0.3670572916666667 0.41875 0.06953125 0.3800925925925926
0 0.6979166666666666 0.30300925925925926 0.0203125 0.0412037037037037
1 0.6962239583333333 0.40925925925925927 0.06432291666666666 0.2574074074074074
0 0.5493489583333333 0.2951388888888889 0.02265625 0.04027777777777778
0 0.027473958333333333 0.19675925925925927 0.054947916666666666 0.12314814814814815
0 0.06263020833333334 0.21134259259259258 0.04505208333333333 0.10972222222222222