0 0.594140625 0.28958333333333336 0.02265625 0.04027777777777778
2 0.5416666666666666 0.2851851851851852 0.021354166666666667 0.04722222222222222
1 0.3768229166666667 0.47824074074074074 0.17239583333333333 0.6259259259259259
1 0.7158854166666667 0.4083333333333333 0.0703125 0.26666666666666666
1 0.5930989583333334 0.39814814814814814 0.05546875 0.262037037037037
0 0.36223958333333334 0.22291666666666668 0.057291666666666664 0.1050925925925926
1 0.4733072916666667 0.3835648148148148 0.06067708333333333 0.23657407407407408
1 0.5342447916666667 0.4111111111111111 0.07005208333333333 0.30833333333333335
0 0.7140625 0.2969907407407407 0.022395833333333334 0.0412037037037037
0 0.47513020833333336 0.28726851851851853 0.020572916666666666 0.04212962962962963
