0 0.7223958333333333 0.3143518518518518 0.041666666666666664 0.075
0 0.3255208333333333 0.18935185185185185 0.06979166666666667 0.13240740740740742
0 0.5546875 0.3347222222222222 0.029166666666666667 0.04722222222222222
0 0.9640625 0.3541666666666667 0.03333333333333333 0.06018518518518518
1 0.64765625 0.48148148148148145 0.07552083333333333 0.40925925925925927
0 0.8322916666666667 0.3490740740740741 0.026041666666666668 0.04259259259259259
2 0.17395833333333333 0.3435185185185185 0.027083333333333334 0.06111111111111111
2 0.67578125 0.3263888888888889 0.03802083333333333 0.06388888888888888
1 0.32005208333333335 0.5425925925925926 0.2078125 0.8462962962962963
1 0.9604166666666667 0.49537037037037035 0.078125 0.34444444444444444
1 0.8325520833333333 0.4740740740740741 0.07552083333333333 0.29444444444444445
1 0.16770833333333332 0.49212962962962964 0.10104166666666667 0.36018518518518516
1 0.7153645833333333 0.4986111111111111 0.10052083333333334 0.44351851851851853
1 0.55078125 0.46944444444444444 0.08489583333333334 0.31851851851851853