0 0.22838541666666667 0.1685185185185185 0.0546875 0.09444444444444444
2 0.5059895833333333 0.19953703703703704 0.0359375 0.06018518518518518
1 0.24036458333333333 0.43194444444444446 0.15677083333333333 0.6212962962962963
1 0.0875 0.48055555555555557 0.175 0.8444444444444444
0 0.0484375 0.11898148148148148 0.071875 0.12685185185185185
1 0.50703125 0.37453703703703706 0.1046875 0.41759259259259257
2 0.9861979166666667 0.21574074074074073 0.025520833333333333 0.05925925925925926
0 0.94921875 0.1935185185185185 0.0359375 0.06666666666666667
0 0.31484375 0.17962962962962964 0.04114583333333333 0.07777777777777778
1 0.33567708333333335 0.38101851851851853 0.1109375 0.487962962962963
1 0.9145833333333333 0.3611111111111111 0.16666666666666666 0.4166666666666667
