1 0.5791666666666667 0.2199074074074074 0.07395833333333333 0.28055555555555556
1 0.8736979166666666 0.2439814814814815 0.0765625 0.30277777777777776
1 0.14244791666666667 0.2574074074074074 0.1390625 0.32037037037037036
0 0.5815104166666667 0.1037037037037037 0.024479166666666666 0.05
1 0.67109375 0.2111111111111111 0.0578125 0.20555555555555555
0 0.6708333333333333 0.12824074074074074 0.01875 0.03796296296296296
0 0.15625 0.13518518518518519 0.03125 0.06296296296296296
0 0.86484375 0.11435185185185186 0.022395833333333334 0.041666666666666664
0 0.4234375 0.12453703703703704 0.021875 0.03981481481481482
0 0.8893229166666666 0.12175925925925926 0.018229166666666668 0.03611111111111111
1 0.41640625 0.22592592592592592 0.09947916666666666 0.24814814814814815