1 0.24908854166666666 0.5435185185185185 0.2955729166666667 0.8972222222222223
1 0.4998697916666667 0.4928240740740741 0.15442708333333333 0.5699074074074074
1 0.5860677083333333 0.4201388888888889 0.08307291666666666 0.36527777777777776
1 0.675390625 0.41041666666666665 0.05859375 0.2652777777777778
0 0.26080729166666666 0.18564814814814815 0.11276041666666667 0.16666666666666666
1 0.43046875 0.456712962962963 0.08385416666666666 0.46435185185185185
0 0.5893229166666667 0.26828703703703705 0.03125 0.0587962962962963
0 0.49895833333333334 0.2537037037037037 0.04479166666666667 0.07962962962962963
1 0.8307291666666666 0.40949074074074077 0.0640625 0.24675925925925926
0 0.6755208333333333 0.3023148148148148 0.0234375 0.046296296296296294
0 0.8334635416666667 0.30694444444444446 0.022135416666666668 0.03796296296296296
0 0.44752604166666665 0.2710648148148148 0.03984375 0.0763888888888889
0 0.5541666666666667 0.2793981481481482 0.028645833333333332 0.047685185185185185