1 0.5377604166666666 0.38055555555555554 0.05625 0.20925925925925926
0 0.3927083333333333 0.30324074074074076 0.023958333333333335 0.04722222222222222
1 0.6549479166666666 0.4412037037037037 0.08072916666666667 0.3435185185185185
1 0.39140625 0.42083333333333334 0.0796875 0.287962962962963
1 0.8739583333333333 0.38981481481481484 0.08333333333333333 0.25925925925925924
2 0.8630208333333333 0.28564814814814815 0.022916666666666665 0.04351851851851852
0 0.6450520833333333 0.2967592592592593 0.028645833333333332 0.049074074074074076
1 0.5984375 0.40370370370370373 0.05520833333333333 0.26851851851851855
2 0.6046875 0.2898148148148148 0.026041666666666668 0.046296296296296294
0 0.5395833333333333 0.29907407407407405 0.016666666666666666 0.03518518518518519
