0 0.3162760416666667 0.19768518518518519 0.09453125 0.15555555555555556
1 0.68203125 0.41180555555555554 0.05677083333333333 0.24953703703703703
0 0.5677083333333334 0.2828703703703704 0.025 0.04722222222222222
0 0.8348958333333333 0.30671296296296297 0.021875 0.038425925925925926
1 0.8303385416666667 0.40949074074074077 0.06380208333333333 0.24675925925925926
0 0.540234375 0.2587962962962963 0.04140625 0.07314814814814814
0 0.5990885416666667 0.2726851851851852 0.029427083333333333 0.05648148148148148
1 0.4705729166666667 0.44814814814814813 0.08020833333333334 0.42685185185185187
1 0.5438802083333333 0.48217592592592595 0.14088541666666668 0.5291666666666667
1 0.60234375 0.4115740740740741 0.06770833333333333 0.34444444444444444
0 0.484375 0.2740740740740741 0.0375 0.07037037037037037
1 0.300390625 0.5523148148148148 0.26328125 0.8768518518518519