1 0.4703125 0.4671296296296296 0.084375 0.325
2 0.9375 0.3148148148148148 0.028125 0.06481481481481481
0 0.46796875 0.33055555555555555 0.0265625 0.05185185185185185
2 0.9153645833333334 0.3148148148148148 0.034895833333333334 0.06666666666666667
0 0.5953125 0.3388888888888889 0.026041666666666668 0.044444444444444446
2 0.6994791666666667 0.3416666666666667 0.026041666666666668 0.040740740740740744
0 0.7731770833333333 0.33611111111111114 0.0359375 0.06851851851851852
1 0.9309895833333334 0.4925925925925926 0.1328125 0.42962962962962964
1 0.7682291666666666 0.5009259259259259 0.10104166666666667 0.4
1 0.5901041666666667 0.4675925925925926 0.07916666666666666 0.3055555555555556
1 0.6958333333333333 0.4601851851851852 0.06666666666666667 0.28888888888888886