1 0.260546875 0.4023148148148148 0.06067708333333333 0.2152777777777778
1 0.42083333333333334 0.40300925925925923 0.08802083333333334 0.3263888888888889
1 0.3248697916666667 0.39328703703703705 0.07317708333333334 0.26342592592592595
1 0.597265625 0.41412037037037036 0.11692708333333333 0.3958333333333333
1 0.15247395833333333 0.40532407407407406 0.08776041666666666 0.2912037037037037
1 0.83125 0.40902777777777777 0.06041666666666667 0.24583333333333332
0 0.42135416666666664 0.26782407407407405 0.028125 0.05138888888888889
0 0.3223958333333333 0.2881944444444444 0.0265625 0.05138888888888889
0 0.83671875 0.30625 0.021875 0.0375
0 0.1625 0.2851851851851852 0.024479166666666666 0.04814814814814815
0 0.2604166666666667 0.31504629629629627 0.019010416666666665 0.038425925925925926
0 0.60390625 0.24814814814814815 0.03333333333333333 0.058333333333333334