0 0.051041666666666666 0.2462962962962963 0.030208333333333334 0.05740740740740741
1 0.43072916666666666 0.45925925925925926 0.10625 0.40925925925925927
1 0.21588541666666666 0.44305555555555554 0.11614583333333334 0.4398148148148148
1 0.05130208333333333 0.38287037037037036 0.07864583333333333 0.33425925925925926
1 0.35546875 0.4041666666666667 0.06927083333333334 0.30462962962962964
1 0.13671875 0.399537037037037 0.0859375 0.3972222222222222
0 0.15625 0.23657407407407408 0.035416666666666666 0.05648148148148148
0 0.3609375 0.27824074074074073 0.028125 0.05092592592592592
2 0.43359375 0.287962962962963 0.030729166666666665 0.053703703703703705
0 0.2046875 0.25555555555555554 0.036458333333333336 0.046296296296296294
2 0.21041666666666667 0.29212962962962963 0.034895833333333334 0.06574074074074074