1 0.09088541666666666 0.5972222222222222 0.1796875 0.7185185185185186
0 0.32057291666666665 0.33425925925925926 0.0421875 0.07592592592592592
1 0.6473958333333333 0.5009259259259259 0.06041666666666667 0.3574074074074074
0 0.5760416666666667 0.34305555555555556 0.0375 0.0787037037037037
0 0.5255208333333333 0.3574074074074074 0.051041666666666666 0.08333333333333333
1 0.31484375 0.5319444444444444 0.0890625 0.475
1 0.43203125 0.6212962962962963 0.2265625 0.7351851851851852
1 0.7122395833333334 0.49953703703703706 0.0859375 0.33055555555555555
0 0.4158854166666667 0.31574074074074077 0.06927083333333334 0.12037037037037036
2 0.06041666666666667 0.31157407407407406 0.05625 0.10648148148148148
0 0.6864583333333333 0.36574074074074076 0.029166666666666667 0.05555555555555555
1 0.5447916666666667 0.5689814814814815 0.125 0.5564814814814815
0 0.6403645833333333 0.36064814814814816 0.03177083333333333 0.06388888888888888
0 0.7166666666666667 0.36712962962962964 0.028125 0.04722222222222222
1 0.5903645833333333 0.5194444444444445 0.07864583333333333 0.4444444444444444