0 0.5703125 0.07592592592592592 0.017708333333333333 0.03333333333333333
0 0.2520833333333333 0.05740740740740741 0.041666666666666664 0.06851851851851852
2 0.6526041666666667 0.07777777777777778 0.023958333333333335 0.046296296296296294
1 0.5684895833333333 0.1439814814814815 0.04739583333333333 0.18055555555555555
0 0.5075520833333333 0.08148148148148149 0.0171875 0.03518518518518519
0 0.23541666666666666 0.09814814814814815 0.051041666666666666 0.09074074074074075
0 0.4153645833333333 0.050462962962962966 0.0359375 0.06574074074074074
1 0.5033854166666667 0.16018518518518518 0.05364583333333333 0.1962962962962963
1 0.6578125 0.20833333333333334 0.08229166666666667 0.3111111111111111
1 0.25078125 0.2898148148148148 0.1578125 0.5203703703703704
1 0.41484375 0.22962962962962963 0.10885416666666667 0.42592592592592593