1 0.4884114583333333 0.4203703703703704 0.06484375 0.31203703703703706
1 0.6717447916666667 0.42777777777777776 0.07682291666666667 0.33055555555555555
1 0.3751302083333333 0.42685185185185187 0.08723958333333333 0.3712962962962963
1 0.5545572916666667 0.4486111111111111 0.09765625 0.43333333333333335
1 0.8309895833333333 0.4097222222222222 0.0625 0.24537037037037038
0 0.36875 0.27291666666666664 0.03229166666666667 0.060648148148148145
0 0.553125 0.2726851851851852 0.03802083333333333 0.0712962962962963
1 0.298046875 0.39351851851851855 0.06692708333333333 0.23796296296296296
0 0.2989583333333333 0.29560185185185184 0.018229166666666668 0.0375
0 0.8286458333333333 0.3074074074074074 0.021875 0.03796296296296296
0 0.6692708333333334 0.2912037037037037 0.028645833333333332 0.05462962962962963
0 0.508984375 0.2953703703703704 0.026302083333333334 0.04722222222222222