2 0.6552083333333333 0.26666666666666666 0.020833333333333332 0.040740740740740744
1 0.2674479166666667 0.4009259259259259 0.09739583333333333 0.3148148148148148
1 0.596875 0.3921296296296296 0.071875 0.32685185185185184
1 0.6609375 0.36712962962962964 0.058333333333333334 0.2490740740740741
1 0.734375 0.3574074074074074 0.06145833333333333 0.22777777777777777
1 0.5442708333333334 0.3662037037037037 0.051041666666666666 0.24722222222222223
0 0.27239583333333334 0.27314814814814814 0.026041666666666668 0.053703703703703705
2 0.5919270833333333 0.25972222222222224 0.0296875 0.058333333333333334
0 0.5455729166666666 0.2652777777777778 0.024479166666666666 0.04351851851851852
0 0.74296875 0.26435185185185184 0.0171875 0.03425925925925926
0 0.7294270833333333 0.262037037037037 0.0171875 0.03518518518518519
