0 0.04583333333333333 0.09398148148148149 0.036458333333333336 0.06944444444444445
1 0.04869791666666667 0.26481481481481484 0.09739583333333333 0.4222222222222222
1 0.3033854166666667 0.24212962962962964 0.11302083333333333 0.3527777777777778
1 0.49192708333333335 0.2490740740740741 0.12447916666666667 0.45185185185185184
1 0.6638020833333333 0.23564814814814813 0.0828125 0.3675925925925926
2 0.8059895833333334 0.12546296296296297 0.025520833333333333 0.04722222222222222
0 0.30833333333333335 0.09814814814814815 0.03333333333333333 0.06111111111111111
1 0.17473958333333334 0.3101851851851852 0.2171875 0.6203703703703703
1 0.8075520833333333 0.24722222222222223 0.06510416666666667 0.3
0 0.6596354166666667 0.08287037037037037 0.03177083333333333 0.06018518518518518
0 0.49453125 0.0625 0.036458333333333336 0.07037037037037037