0 0.5591145833333333 0.1865740740740741 0.0328125 0.05648148148148148
0 0.9372395833333333 0.16574074074074074 0.0515625 0.11296296296296296
2 0.34010416666666665 0.18472222222222223 0.04479166666666667 0.08055555555555556
1 0.34661458333333334 0.41944444444444445 0.1421875 0.5592592592592592
1 0.7408854166666666 0.4111111111111111 0.1609375 0.6333333333333333
1 0.5669270833333333 0.34444444444444444 0.0921875 0.37777777777777777
2 0.2203125 0.2263888888888889 0.026041666666666668 0.058333333333333334
1 0.22161458333333334 0.3800925925925926 0.1078125 0.3712962962962963
0 0.7640625 0.14166666666666666 0.057291666666666664 0.0962962962962963
1 0.9252604166666667 0.4078703703703704 0.14427083333333332 0.6083333333333333
