1 0.3390625 0.43657407407407406 0.11770833333333333 0.46574074074074073
0 0.21979166666666666 0.2300925925925926 0.059375 0.11018518518518519
0 0.32890625 0.24259259259259258 0.03802083333333333 0.06851851851851852
0 0.45546875 0.2791666666666667 0.0234375 0.04537037037037037
0 0.6450520833333333 0.2722222222222222 0.033854166666666664 0.06666666666666667
0 0.15546875 0.28379629629629627 0.022395833333333334 0.04722222222222222
0 0.278125 0.2657407407407407 0.027083333333333334 0.05185185185185185
1 0.14192708333333334 0.3958333333333333 0.07239583333333334 0.28055555555555556
1 0.6497395833333334 0.4476851851851852 0.10364583333333334 0.425
1 0.23255208333333333 0.49583333333333335 0.16614583333333333 0.6509259259259259
1 0.4505208333333333 0.3787037037037037 0.06875 0.2462962962962963