1 0.082421875 0.5648148148148148 0.16484375 0.862037037037037
1 0.262890625 0.3976851851851852 0.05963541666666667 0.21574074074074073
0 0.2638020833333333 0.3087962962962963 0.017708333333333333 0.03518518518518519
0 0.5606770833333333 0.2877314814814815 0.025 0.04027777777777778
0 0.6817708333333333 0.30069444444444443 0.021354166666666667 0.04212962962962963
1 0.45651041666666664 0.4810185185185185 0.165625 0.5916666666666667
0 0.8290364583333333 0.3074074074074074 0.022135416666666668 0.03796296296296296
0 0.45533854166666665 0.2386574074074074 0.053385416666666664 0.09675925925925925
0 0.6057291666666667 0.2884259259259259 0.030208333333333334 0.05555555555555555
1 0.5533854166666666 0.39375 0.05520833333333333 0.25787037037037036
1 0.608203125 0.43333333333333335 0.07942708333333333 0.34629629629629627
1 0.6795572916666667 0.4 0.05755208333333333 0.24351851851851852
1 0.8311197916666667 0.4097222222222222 0.06328125 0.24537037037037038
