0 0.1671875 0.24768518518518517 0.03854166666666667 0.0787037037037037
0 0.371875 0.26157407407407407 0.030208333333333334 0.058333333333333334
0 0.6161458333333333 0.25046296296296294 0.021875 0.041666666666666664
0 0.4158854166666667 0.27037037037037037 0.018229166666666668 0.037037037037037035
0 0.39791666666666664 0.2708333333333333 0.017708333333333333 0.03981481481481482
1 0.146875 0.43148148148148147 0.10625 0.45
0 0.22864583333333333 0.2912037037037037 0.07083333333333333 0.11203703703703703
1 0.23020833333333332 0.5615740740740741 0.21770833333333334 0.6787037037037037
1 0.61875 0.36157407407407405 0.0625 0.2657407407407407
1 0.36666666666666664 0.4111111111111111 0.09583333333333334 0.362962962962963
2 0.5356770833333333 0.3074074074074074 0.05 0.1
1 0.534375 0.5023148148148148 0.1625 0.5435185185185185