2 0.4713541666666667 0.29583333333333334 0.024479166666666666 0.05925925925925926
0 0.48671875 0.274537037037037 0.0296875 0.058333333333333334
0 0.6572916666666667 0.2740740740740741 0.030208333333333334 0.05185185185185185
0 0.5536458333333333 0.2574074074074074 0.020833333333333332 0.040740740740740744
1 0.10625 0.5930555555555556 0.2125 0.799074074074074
1 0.6471354166666666 0.42777777777777776 0.10052083333333334 0.36666666666666664
1 0.48411458333333335 0.4152777777777778 0.09322916666666667 0.3435185185185185
1 0.26848958333333334 0.40925925925925927 0.0859375 0.3055555555555556
1 0.55703125 0.3662037037037037 0.06614583333333333 0.2601851851851852
0 0.059895833333333336 0.26064814814814813 0.07604166666666666 0.12685185185185185
0 0.271875 0.2833333333333333 0.027083333333333334 0.05
2 0.034375 0.3226851851851852 0.05416666666666667 0.09537037037037037
