1 0.7114583333333333 0.3597222222222222 0.05625 0.23981481481481481
0 0.04140625 0.23796296296296296 0.0828125 0.16111111111111112
0 0.3807291666666667 0.2462962962962963 0.030208333333333334 0.053703703703703705
0 0.24244791666666668 0.27685185185185185 0.028645833333333332 0.05555555555555555
2 0.5609375 0.25046296296296294 0.027083333333333334 0.05277777777777778
0 0.71015625 0.2564814814814815 0.019270833333333334 0.03148148148148148
0 0.6377604166666667 0.24675925925925926 0.025520833333333333 0.04537037037037037
2 0.7130208333333333 0.2773148148148148 0.019791666666666666 0.03518518518518519
1 0.39140625 0.4009259259259259 0.09739583333333333 0.3685185185185185
1 0.1 0.5712962962962963 0.2 0.837037037037037
1 0.5640625 0.3902777777777778 0.07916666666666666 0.33611111111111114
1 0.2375 0.40370370370370373 0.09375 0.31296296296296294
1 0.640625 0.36203703703703705 0.06666666666666667 0.2777777777777778