1 0.46067708333333335 0.2740740740740741 0.1265625 0.5481481481481482
1 0.5661458333333333 0.2300925925925926 0.09583333333333334 0.3509259259259259
1 0.76953125 0.23194444444444445 0.07760416666666667 0.30277777777777776
1 0.6973958333333333 0.2740740740740741 0.09270833333333334 0.39444444444444443
1 0.08098958333333334 0.25277777777777777 0.16197916666666667 0.48703703703703705
0 0.4583333333333333 0.04537037037037037 0.046875 0.09074074074074075
2 0.6979166666666666 0.11018518518518519 0.034375 0.06111111111111111
0 0.7596354166666667 0.10601851851851851 0.0265625 0.049074074074074076
0 0.56328125 0.0824074074074074 0.028645833333333332 0.05185185185185185
0 0.24791666666666667 0.12777777777777777 0.023958333333333335 0.046296296296296294
0 0.40625 0.11481481481481481 0.027083333333333334 0.05
1 0.24479166666666666 0.23796296296296296 0.10104166666666667 0.26851851851851855
0 0.10703125 0.05925925925925926 0.04635416666666667 0.08148148148148149