0 0.30026041666666664 0.29421296296296295 0.0203125 0.03935185185185185
1 0.5399739583333333 0.4326388888888889 0.13932291666666666 0.4773148148148148
1 0.18059895833333334 0.40879629629629627 0.08880208333333334 0.2962962962962963
1 0.34817708333333336 0.41435185185185186 0.096875 0.37037037037037035
1 0.831640625 0.40902777777777777 0.06067708333333333 0.24583333333333332
0 0.5377604166666666 0.23449074074074075 0.03854166666666667 0.07268518518518519
0 0.34153645833333335 0.2601851851851852 0.03203125 0.05740740740740741
0 0.8380208333333333 0.30694444444444446 0.022395833333333334 0.03796296296296296
0 0.18645833333333334 0.2886574074074074 0.027083333333333334 0.052314814814814814
1 0.4225260416666667 0.3891203703703704 0.06171875 0.22546296296296298
0 0.41692708333333334 0.29907407407407405 0.021354166666666667 0.041666666666666664
0 0.575390625 0.26944444444444443 0.02421875 0.04259259259259259