1 0.728515625 0.40069444444444446 0.04869791666666667 0.24027777777777778
0 0.7307291666666667 0.305787037037037 0.021875 0.03981481481481482
1 0.4453125 0.5074074074074074 0.16041666666666668 0.6527777777777778
1 0.6686197916666666 0.4113425925925926 0.08098958333333334 0.3282407407407407
1 0.21692708333333333 0.40671296296296294 0.0765625 0.27546296296296297
1 0.5625 0.38634259259259257 0.06197916666666667 0.26157407407407407
0 0.4466145833333333 0.2363425925925926 0.058854166666666666 0.10416666666666667
1 0.832421875 0.40879629629629627 0.06380208333333333 0.2490740740740741
1 0.36471354166666664 0.39444444444444443 0.05546875 0.24537037037037038
0 0.49127604166666666 0.2789351851851852 0.02421875 0.04490740740740741
0 0.841015625 0.30462962962962964 0.023177083333333334 0.037037037037037035
0 0.22161458333333334 0.29768518518518516 0.025520833333333333 0.05277777777777778
0 0.674609375 0.27569444444444446 0.027864583333333335 0.050462962962962966
0 0.5604166666666667 0.27870370370370373 0.024479166666666666 0.041666666666666664
0 0.37447916666666664 0.29606481481481484 0.021354166666666667 0.04398148148148148