1 0.035416666666666666 0.46111111111111114 0.07083333333333333 0.45555555555555555
1 0.21640625 0.5083333333333333 0.1890625 0.6148148148148148
1 0.34739583333333335 0.3875 0.08645833333333333 0.325
1 0.42526041666666664 0.37546296296296294 0.058854166666666666 0.2175925925925926
1 0.5341145833333333 0.38842592592592595 0.0609375 0.2712962962962963
0 0.016145833333333335 0.27361111111111114 0.03229166666666667 0.07685185185185185
2 0.18671875 0.2662037037037037 0.050520833333333334 0.11388888888888889
0 0.35104166666666664 0.2569444444444444 0.029166666666666667 0.058333333333333334
0 0.42578125 0.28888888888888886 0.0203125 0.04259259259259259
0 0.21666666666666667 0.25046296296296294 0.04375 0.09166666666666666
0 0.6028645833333334 0.2652777777777778 0.0359375 0.06574074074074074
0 0.5401041666666667 0.27361111111111114 0.022916666666666665 0.03796296296296296
0 0.58359375 0.27037037037037037 0.019270833333333334 0.05925925925925926
1 0.60546875 0.4393518518518518 0.11510416666666666 0.4166666666666667