1 0.47734375 0.2199074074074074 0.08177083333333333 0.2953703703703704
0 0.6682291666666667 0.09907407407407408 0.023958333333333335 0.04259259259259259
2 0.7489583333333333 0.11712962962962963 0.030208333333333334 0.05462962962962963
1 0.56015625 0.25462962962962965 0.1046875 0.46111111111111114
1 0.22447916666666667 0.30787037037037035 0.209375 0.612037037037037
1 0.74921875 0.26157407407407407 0.08177083333333333 0.3509259259259259
1 0.6708333333333333 0.2222222222222222 0.075 0.28888888888888886
1 0.8307291666666666 0.2263888888888889 0.06770833333333333 0.2601851851851852
0 0.55625 0.06296296296296296 0.040625 0.07592592592592592
0 0.82421875 0.1175925925925926 0.0234375 0.04259259259259259
0 0.4822916666666667 0.12222222222222222 0.028125 0.06574074074074074