1 0.09674479166666666 0.5090277777777777 0.19348958333333333 0.6402777777777777
1 0.43841145833333334 0.4321759259259259 0.10234375 0.3699074074074074
1 0.5895833333333333 0.4125 0.08802083333333334 0.33425925925925926
0 0.44309895833333335 0.2761574074074074 0.031510416666666666 0.0587962962962963
0 0.7776041666666667 0.2847222222222222 0.025520833333333333 0.04537037037037037
1 0.772265625 0.4064814814814815 0.09973958333333334 0.2898148148148148
0 0.08450520833333333 0.24282407407407408 0.047135416666666666 0.09305555555555556
2 0.420703125 0.2914351851851852 0.02734375 0.052314814814814814
0 0.11888020833333333 0.26296296296296295 0.05755208333333333 0.10092592592592593
0 0.583984375 0.29444444444444445 0.025260416666666667 0.04722222222222222
0 0.59140625 0.26782407407407405 0.027604166666666666 0.043055555555555555
0 0.829296875 0.30671296296296297 0.02265625 0.04027777777777778