0 0.31640625 0.28449074074074077 0.0234375 0.047685185185185185
0 0.8298177083333333 0.30787037037037035 0.022135416666666668 0.03888888888888889
2 0.5337239583333333 0.3108796296296296 0.02421875 0.05740740740740741
0 0.365234375 0.2571759259259259 0.03567708333333333 0.06157407407407407
0 0.036458333333333336 0.32430555555555557 0.03177083333333333 0.06620370370370371
1 0.05716145833333333 0.43310185185185185 0.11432291666666666 0.43194444444444446
1 0.52890625 0.4217592592592593 0.084375 0.3101851851851852
1 0.36770833333333336 0.4212962962962963 0.1015625 0.39444444444444443
1 0.8317708333333333 0.40949074074074077 0.057291666666666664 0.24583333333333332
1 0.30299479166666665 0.3972222222222222 0.05651041666666667 0.2796296296296296
0 0.05 0.256712962962963 0.0390625 0.07083333333333333
