0 0.8483072916666666 0.331712962962963 0.07213541666666666 0.13472222222222222
0 0.30625 0.4615740740740741 0.0203125 0.041666666666666664
0 0.263671875 0.44837962962962963 0.023177083333333334 0.04953703703703704
0 0.3723958333333333 0.4310185185185185 0.03802083333333333 0.062037037037037036
0 0.24114583333333334 0.44699074074074074 0.025 0.055092592592592596
1 0.5247395833333334 0.5719907407407407 0.096875 0.34953703703703703
1 0.23580729166666667 0.5668981481481481 0.08098958333333334 0.29953703703703705
1 0.8486979166666667 0.624537037037037 0.25104166666666666 0.7314814814814815
1 0.36614583333333334 0.6127314814814815 0.09895833333333333 0.4337962962962963
2 0.5184895833333333 0.42453703703703705 0.025 0.044444444444444446
1 0.3026041666666667 0.5587962962962963 0.05520833333333333 0.24166666666666667