2 0.81484375 0.3592592592592593 0.0265625 0.05
1 0.9557291666666666 0.4976851851851852 0.08645833333333333 0.36944444444444446
1 0.8190104166666666 0.47962962962962963 0.07239583333333334 0.29259259259259257
1 0.5216145833333333 0.5143518518518518 0.1453125 0.5638888888888889
1 0.6447916666666667 0.4935185185185185 0.11666666666666667 0.43148148148148147
1 0.31302083333333336 0.475 0.08229166666666667 0.2833333333333333
1 0.7096354166666666 0.475462962962963 0.0734375 0.35648148148148145
0 0.32447916666666665 0.36203703703703705 0.026041666666666668 0.05555555555555555
0 0.32473958333333336 0.362962962962963 0.025520833333333333 0.053703703703703705
0 0.9848958333333333 0.3435185185185185 0.028125 0.05555555555555555
2 0.6934895833333333 0.3296296296296296 0.028645833333333332 0.053703703703703705
0 0.6447916666666667 0.3148148148148148 0.03958333333333333 0.06851851851851852
0 0.1796875 0.2523148148148148 0.075 0.13796296296296295
0 0.5268229166666667 0.2875 0.0546875 0.10462962962962963
1 0.184375 0.5851851851851851 0.26875 0.8037037037037037