1 0.62890625 0.3907407407407407 0.07864583333333333 0.26666666666666666
1 0.25052083333333336 0.38981481481481484 0.07395833333333333 0.25
0 0.5028645833333333 0.2569444444444444 0.0484375 0.09166666666666666
0 0.39375 0.2796296296296296 0.020833333333333332 0.04259259259259259
0 0.25494791666666666 0.287962962962963 0.0203125 0.04259259259259259
0 0.634375 0.28379629629629627 0.027083333333333334 0.049074074074074076
0 0.2875 0.300462962962963 0.01875 0.03611111111111111
0 0.18541666666666667 0.3 0.015625 0.03518518518518519
1 0.39036458333333335 0.38425925925925924 0.06927083333333334 0.25555555555555554
1 0.5096354166666667 0.5018518518518519 0.1453125 0.5925925925925926
1 0.17630208333333333 0.39351851851851855 0.10052083333333334 0.22962962962962963