1 0.14739583333333334 0.3800925925925926 0.08229166666666667 0.36018518518518516
0 0.05546875 0.20416666666666666 0.0390625 0.06944444444444445
2 0.15703125 0.2310185185185185 0.0296875 0.05648148148148148
0 0.33645833333333336 0.21851851851851853 0.035416666666666666 0.06851851851851852
2 0.228125 0.24444444444444444 0.034375 0.06666666666666667
0 0.43411458333333336 0.26666666666666666 0.04114583333333333 0.06851851851851852
0 0.5197916666666667 0.2912037037037037 0.026041666666666668 0.04537037037037037
1 0.5166666666666667 0.40555555555555556 0.06041666666666667 0.2759259259259259
1 0.05390625 0.39351851851851855 0.1078125 0.45185185185185184
1 0.42864583333333334 0.4736111111111111 0.11041666666666666 0.4935185185185185
1 0.22265625 0.4439814814814815 0.1046875 0.47129629629629627
1 0.33541666666666664 0.39351851851851855 0.1 0.4222222222222222