0 0.56171875 0.2439814814814815 0.028645833333333332 0.05462962962962963
0 0.05859375 0.2625 0.03177083333333333 0.07962962962962963
2 0.69921875 0.2833333333333333 0.025 0.04537037037037037
0 0.6997395833333333 0.25462962962962965 0.024479166666666666 0.03333333333333333
1 0.16640625 0.47314814814814815 0.16197916666666667 0.5574074074074075
1 0.7018229166666666 0.38101851851851853 0.07135416666666666 0.2898148148148148
1 0.5653645833333333 0.3861111111111111 0.08489583333333334 0.34074074074074073
1 0.47552083333333334 0.43425925925925923 0.11041666666666666 0.43703703703703706
1 0.05416666666666667 0.4671296296296296 0.10833333333333334 0.49907407407407406
0 0.15130208333333334 0.2361111111111111 0.0453125 0.07962962962962963
0 0.03359375 0.26435185185185184 0.04635416666666667 0.08055555555555556
2 0.4708333333333333 0.25416666666666665 0.035416666666666666 0.06574074074074074