2 0.49765625 0.4039351851851852 0.025260416666666667 0.04490740740740741
1 0.8436197916666667 0.6145833333333334 0.2513020833333333 0.7541666666666667
1 0.5013020833333334 0.5618055555555556 0.1015625 0.3726851851851852
1 0.6524739583333333 0.5872685185185185 0.10494791666666667 0.3486111111111111
1 0.3944010416666667 0.5634259259259259 0.08463541666666667 0.4083333333333333
1 0.33059895833333336 0.5483796296296296 0.06692708333333333 0.3087962962962963
0 0.8489583333333334 0.3164351851851852 0.08177083333333333 0.15046296296296297
0 0.402734375 0.39699074074074076 0.03411458333333333 0.06342592592592593
0 0.33893229166666666 0.4199074074074074 0.026302083333333334 0.046296296296296294
0 0.6524739583333333 0.4462962962962963 0.028385416666666666 0.05740740740740741
0 0.3826822916666667 0.40185185185185185 0.02109375 0.05555555555555555