1 0.4537760416666667 0.40324074074074073 0.06640625 0.28425925925925927
0 0.452734375 0.2824074074074074 0.02421875 0.03981481481481482
1 0.6270833333333333 0.4039351851851852 0.052083333333333336 0.24583333333333332
1 0.2638020833333333 0.5689814814814815 0.22447916666666667 0.8444444444444444
1 0.5625 0.42986111111111114 0.10208333333333333 0.38472222222222224
2 0.8184895833333333 0.300462962962963 0.024479166666666666 0.04722222222222222
0 0.6205729166666667 0.30277777777777776 0.023958333333333335 0.04351851851851852
0 0.254296875 0.21851851851851853 0.08203125 0.1398148148148148
0 0.40846354166666665 0.2983796296296296 0.021614583333333333 0.038425925925925926
1 0.8141927083333333 0.4083333333333333 0.08776041666666666 0.2657407407407407
0 0.5583333333333333 0.2712962962962963 0.034375 0.06296296296296296