2 0.13515625 0.6324074074074074 0.26927083333333335 0.40185185185185185
2 0.37890625 0.4537037037037037 0.08802083333333334 0.11296296296296296
2 0.4239583333333333 0.44074074074074077 0.030208333333333334 0.07962962962962963
2 0.4466145833333333 0.42083333333333334 0.0390625 0.05462962962962963
2 0.765625 0.5995370370370371 0.265625 0.30462962962962964
2 0.5927083333333333 0.4587962962962963 0.071875 0.10277777777777777
2 0.5544270833333333 0.4310185185185185 0.0265625 0.06018518518518518
1 0.8127604166666667 0.6087962962962963 0.06197916666666667 0.030555555555555555
1 0.3645833333333333 0.4685185185185185 0.021875 0.009259259259259259
1 0.5940104166666667 0.4810185185185185 0.022395833333333334 0.013888888888888888
