2 0.15185185185185185 0.7067708333333333 0.18703703703703703 0.13333333333333333
2 0.2652777777777778 0.6161458333333333 0.11018518518518519 0.058333333333333334
2 0.2962962962962963 0.5736979166666667 0.09444444444444444 0.0453125
2 0.3384259259259259 0.5356770833333333 0.06759259259259259 0.0390625
2 0.3699074074074074 0.88203125 0.2490740740740741 0.21510416666666668
2 0.4101851851851852 0.7377604166666667 0.15925925925925927 0.11510416666666666
2 0.41898148148148145 0.6481770833333333 0.13055555555555556 0.07239583333333334
2 0.42453703703703705 0.5859375 0.08055555555555556 0.052083333333333336
2 0.46435185185185185 0.5627604166666667 0.0824074074074074 0.04114583333333333
2 0.8143518518518519 0.89921875 0.2824074074074074 0.19947916666666668
2 0.6888888888888889 0.7369791666666666 0.16296296296296298 0.11145833333333334
2 0.6527777777777778 0.6263020833333334 0.13703703703703704 0.0921875
