2 0.30572916666666666 0.8113425925925926 0.18489583333333334 0.2550925925925926
2 0.3533854166666667 0.6754629629629629 0.15416666666666667 0.22037037037037038
2 0.3790364583333333 0.5993055555555555 0.14609375 0.20787037037037037
2 0.361328125 0.49699074074074073 0.12317708333333334 0.13657407407407407
2 0.39622395833333335 0.4039351851851852 0.10286458333333333 0.15787037037037038
2 0.44609375 0.32037037037037036 0.05260416666666667 0.1037037037037037
2 0.034895833333333334 0.39537037037037037 0.0671875 0.125
2 0.062890625 0.36898148148148147 0.07109375 0.11296296296296296
2 0.11393229166666667 0.3368055555555556 0.07057291666666667 0.10046296296296296
2 0.15494791666666666 0.3224537037037037 0.058333333333333334 0.09490740740740741
2 0.17747395833333332 0.31296296296296294 0.05286458333333333 0.09814814814814815
2 0.212109375 0.30671296296296297 0.03671875 0.0837962962962963
2 0.653125 0.8858796296296296 0.20625 0.22824074074074074
2 0.6643229166666667 0.7071759259259259 0.15989583333333332 0.21805555555555556
2 0.6608072916666666 0.5657407407407408 0.14557291666666666 0.17962962962962964
2 0.6084635416666667 0.5252314814814815 0.10807291666666667 0.16157407407407406
2 0.5630208333333333 0.3592592592592593 0.05520833333333333 0.10462962962962963
2 0.7102864583333334 0.337037037037037 0.04244791666666667 0.09259259259259259
1 0.6420572916666667 0.3699074074074074 0.12578125 0.2074074074074074
1 0.45755208333333336 0.27800925925925923 0.058854166666666666 0.15046296296296297
1 0.5537760416666667 0.3039351851851852 0.055989583333333336 0.11157407407407408
