2 0.16018518518518518 0.7052083333333333 0.1962962962962963 0.13229166666666667
2 0.26944444444444443 0.6106770833333334 0.10925925925925926 0.06510416666666667
2 0.3 0.5700520833333333 0.08703703703703704 0.044270833333333336
2 0.3439814814814815 0.5330729166666667 0.06574074074074074 0.03802083333333333
2 0.36064814814814816 0.8817708333333333 0.24722222222222223 0.2125
2 0.40925925925925927 0.7369791666666666 0.1537037037037037 0.11145833333333334
2 0.4162037037037037 0.6473958333333333 0.125 0.07395833333333333
2 0.43333333333333335 0.5846354166666666 0.09444444444444444 0.0546875
2 0.4652777777777778 0.5638020833333334 0.08055555555555556 0.04114583333333333
2 0.8208333333333333 0.8986979166666667 0.2861111111111111 0.20260416666666667
2 0.687037037037037 0.7369791666666666 0.1574074074074074 0.11145833333333334
2 0.6532407407407408 0.628125 0.125 0.09583333333333334
