2 0.6795572916666667 0.8333333333333334 0.18411458333333333 0.2518518518518518
2 0.6815104166666667 0.6458333333333334 0.16145833333333334 0.2111111111111111
2 0.6197916666666666 0.575462962962963 0.11302083333333333 0.1787037037037037
2 0.571875 0.3710648148148148 0.04375 0.1125
2 0.7157552083333333 0.34675925925925927 0.03671875 0.10277777777777777
2 0.32864583333333336 0.7939814814814815 0.1734375 0.2537037037037037
2 0.3690104166666667 0.6763888888888889 0.16145833333333334 0.23148148148148148
2 0.3575520833333333 0.5539351851851851 0.13854166666666667 0.16064814814814815
2 0.393359375 0.43495370370370373 0.09973958333333334 0.16620370370370371
2 0.441015625 0.3298611111111111 0.06015625 0.10694444444444444
2 0.079296875 0.3599537037037037 0.07890625 0.11064814814814815
2 0.15104166666666666 0.3212962962962963 0.057291666666666664 0.08333333333333333
2 0.19557291666666668 0.3141203703703704 0.040625 0.08472222222222223
1 0.6459635416666667 0.4152777777777778 0.12578125 0.2462962962962963
1 0.4571614583333333 0.2814814814814815 0.05963541666666667 0.15462962962962962
