2 0.36203703703703705 0.8825520833333333 0.24074074074074073 0.21614583333333334
2 0.15092592592592594 0.7088541666666667 0.1925925925925926 0.13541666666666666
2 0.2662037037037037 0.6177083333333333 0.11203703703703703 0.06145833333333333
2 0.2898148148148148 0.57109375 0.08148148148148149 0.044270833333333336
2 0.34305555555555556 0.5325520833333334 0.06759259259259259 0.03697916666666667
2 0.4050925925925926 0.7369791666666666 0.16203703703703703 0.11145833333333334
2 0.4152777777777778 0.6497395833333334 0.12314814814814815 0.07864583333333333
2 0.42962962962962964 0.58671875 0.09444444444444444 0.05677083333333333
2 0.4634259259259259 0.5640625 0.06574074074074074 0.041666666666666664
2 0.825925925925926 0.8986979166666667 0.29259259259259257 0.20260416666666667
2 0.6888888888888889 0.73671875 0.16296296296296298 0.1171875
2 0.6578703703703703 0.62734375 0.12314814814814815 0.09635416666666667
