2 0.278125 0.8893518518518518 0.203125 0.2212962962962963
2 0.337109375 0.7493055555555556 0.16640625 0.2439814814814815
2 0.37252604166666664 0.6488425925925926 0.15442708333333333 0.22361111111111112
2 0.3606770833333333 0.5335648148148148 0.1296875 0.15138888888888888
2 0.3927083333333333 0.42430555555555555 0.1046875 0.16712962962962963
2 0.44388020833333336 0.32939814814814816 0.054427083333333334 0.09953703703703703
2 0.6712239583333334 0.7847222222222222 0.17161458333333332 0.23148148148148148
2 0.6720052083333333 0.617824074074074 0.15494791666666666 0.20879629629629629
2 0.6186197916666667 0.5618055555555556 0.11432291666666666 0.17824074074074073
2 0.5661458333333333 0.36157407407407405 0.05520833333333333 0.10925925925925926
2 0.712890625 0.3372685185185185 0.04505208333333333 0.11064814814814815
2 0.060807291666666666 0.36944444444444446 0.08515625 0.11851851851851852
2 0.089453125 0.34675925925925927 0.06484375 0.10277777777777777
2 0.1421875 0.325 0.053125 0.09259259259259259
2 0.17838541666666666 0.31504629629629627 0.057291666666666664 0.08935185185185185
2 0.22786458333333334 0.30324074074074076 0.034375 0.06574074074074074
1 0.6493489583333333 0.40208333333333335 0.13671875 0.24027777777777778
1 0.4588541666666667 0.2831018518518518 0.0703125 0.15601851851851853
1 0.55625 0.30439814814814814 0.058333333333333334 0.10601851851851851
