2 0.6213364595545134 0.7114583333333333 0.11957796014067995 0.2270833333333333
2 0.4009378663540445 0.4354166666666667 0.07737397420867527 0.125
2 0.6254396248534583 0.4135416666666667 0.0902696365767878 0.13125
2 0.5275498241500586 0.22604166666666664 0.058616647127784284 0.07708333333333334
2 0.5533411488862836 0.165625 0.04454865181711606 0.06875
2 0.6189917936694022 0.18333333333333335 0.053927315357561546 0.07916666666666666
2 0.5181711606096131 0.11979166666666666 0.04454865181711606 0.06458333333333333
2 0.5545134818288394 0.09062500000000001 0.03048065650644783 0.06041666666666666
2 0.5973036342321218 0.115625 0.03634232121922625 0.056249999999999994
2 0.36694021101992963 0.30416666666666664 0.023446658851113713 0.11249999999999999
2 0.391559202813599 0.22604166666666664 0.02110199296600234 0.09375
