1 0.3029259896729776 0.7226086956521739 0.08089500860585198 0.21043478260869566
1 0.2332185886402754 0.6947826086956522 0.04647160068846816 0.1582608695652174
1 0.153184165232358 0.5069565217391304 0.14802065404475043 0.09217391304347826
2 0.6841652323580034 0.5191304347826087 0.26506024096385544 0.13043478260869565
2 0.9173838209982789 0.5217391304347826 0.16351118760757316 0.16869565217391305
2 0.8287435456110155 0.5469565217391305 0.039586919104991396 0.11652173913043479
2 0.5154905335628227 0.3017391304347826 0.10499139414802065 0.05565217391304348
2 0.7839931153184165 0.45565217391304347 0.1721170395869191 0.08
1 0.16953528399311532 0.7008695652173913 0.06884681583476764 0.16695652173913045
2 0.7908777969018933 0.4852173913043478 0.04130808950086059 0.04695652173913043
2 0.8278829604130808 0.5043478260869565 0.07401032702237521 0.08521739130434783
