1 0.5359375 0.23770491803278687 0.084375 0.1592505854800937
1 0.77421875 0.8875878220140515 0.2 0.22482435597189696
1 0.92890625 0.45550351288056207 0.134375 0.30210772833723654
1 0.8578125 0.6241217798594848 0.0296875 0.04215456674473068
2 0.88359375 0.7283372365339579 0.128125 0.16159250585480095
2 0.928125 0.8852459016393442 0.1171875 0.14988290398126464
2 0.9546875 0.9192037470725996 0.090625 0.16159250585480095
2 0.47890625 0.8477751756440282 0.1484375 0.22716627634660422
2 0.56796875 0.3430913348946136 0.0578125 0.05152224824355972
2 0.5171875 0.968384074941452 0.1453125 0.06323185011709602
2 0.22578125 0.7259953161592506 0.1625 0.07728337236533958
2 0.6453125 0.3325526932084309 0.0640625 0.07728337236533958
1 0.20625 0.8711943793911007 0.30625 0.22950819672131148
2 0.815625 0.7084309133489461 0.0609375 0.13348946135831383
2 0.37578125 0.275175644028103 0.0484375 0.06088992974238876
2 0.5421875 0.33021077283372363 0.059375 0.08430913348946135
2 0.309375 0.7306791569086651 0.109375 0.13348946135831383
2 0.55078125 0.8138173302107728 0.0578125 0.1451990632318501
