2 0.375 0.7197916666666667 0.6046875 0.3020833333333333
2 0.0875 0.6479166666666667 0.175 0.21666666666666667
2 0.1 0.565625 0.2 0.11875
2 0.00115340625 0.0018406041666666666 0.0008181890625000001 0.000438325
2 0.88125 0.6635416666666667 0.171875 0.08541666666666667
2 0.9015625 0.6510416666666666 0.11875 0.07708333333333334
2 0.7890625 0.7447916666666666 0.134375 0.1
2 0.76484375 0.8208333333333333 0.1578125 0.10416666666666667
2 0.6796875 0.865625 0.1375 0.09583333333333334
2 0.8375 0.6739583333333333 0.0859375 0.03125
2 0.734375 0.9166666666666666 0.3296875 0.12916666666666668
2 0.64453125 0.9479166666666666 0.1984375 0.052083333333333336
2 0.696875 0.8447916666666667 0.16875 0.052083333333333336
2 0.94921875 0.6791666666666667 0.0859375 0.13125
