2 0.0006995981308411215 0.001356140625 0.0013991939252336449 0.00041272031250000004
2 0.42289719626168226 0.7953125 0.09345794392523364 0.0234375
2 0.6728971962616822 0.7890625 0.14953271028037382 0.0421875
2 0.8154205607476636 0.78828125 0.04205607476635514 0.0171875
2 0.8492990654205608 0.78828125 0.037383177570093455 0.0171875
2 0.8925233644859814 0.78828125 0.0514018691588785 0.0234375
2 0.9264018691588785 0.78671875 0.035046728971962614 0.0203125
2 0.9661214953271028 0.7875 0.04672897196261682 0.025
2 0.991822429906542 0.7875 0.016355140186915886 0.01875
2 0.772196261682243 0.7921875 0.056074766355140186 0.0234375
2 0.5233644859813084 0.79453125 0.07242990654205607 0.0171875
