2 0.4796875 0.8501170960187353 0.959375 0.2997658079625293
2 0.490625 0.44028103044496486 0.059375 0.04449648711943794
2 0.0006555046875 0.0018550538641686183 0.0011300046875 0.0009737353629976581
2 0.48828125 0.6592505854800936 0.4453125 0.23653395784543327
2 0.5015625 0.5690866510538641 0.24375 0.1358313817330211
2 0.9421875 0.4859484777517564 0.059375 0.0585480093676815
2 0.49609375 0.5386416861826698 0.1875 0.04918032786885246
2 0.5125 0.5889929742388759 0.23125 0.12177985948477751
2 0.8390625 0.4765807962529274 0.0296875 0.04215456674473068
2 0.5296875 0.48360655737704916 0.1078125 0.0702576112412178
2 0.97890625 0.48009367681498827 0.0421875 0.07494145199063232
2 0.54609375 0.46955503512880564 0.078125 0.0585480093676815
2 0.63984375 0.5117096018735363 0.103125 0.14754098360655737
