1 0.5893229166666667 0.5675925925925925 0.07135416666666666 0.1
1 0.7747395833333334 0.337037037037037 0.028645833333333332 0.037037037037037035
1 0.7502604166666667 0.35185185185185186 0.033854166666666664 0.040740740740740744
1 0.6166666666666667 0.6787037037037037 0.24479166666666666 0.3685185185185185
1 0.86340625 0.36589814814814814 0.013276041666666665 0.022527777777777775
1 0.7965208333333333 0.3172777777777778 0.025328125 0.05121296296296297
1 0.8785624999999999 0.32510185185185186 0.010244791666666668 0.018712962962962962
1 0.8428697916666666 0.28582407407407406 0.010734374999999999 0.016101851851851853
1 0.8649739583333333 0.30010185185185184 0.015364583333333333 0.02984259259259259
1 0.88571875 0.2828703703703704 0.006848958333333334 0.010185185185185186
1 0.8670885416666666 0.2866666666666667 0.016463541666666668 0.023333333333333334
1 0.8145052083333333 0.3112037037037037 0.014432291666666668 0.02611111111111111
1 0.8242708333333333 0.29919444444444443 0.013125 0.02062037037037037
1 0.8390625 0.3048240740740741 0.014057291666666666 0.027546296296296298
