1 0.5450520833333333 0.6305555555555555 0.0765625 0.10740740740740741
1 0.6166666666666667 0.49583333333333335 0.057291666666666664 0.08055555555555556
1 0.7763020833333333 0.3375 0.025520833333333333 0.03425925925925926
1 0.22135416666666666 0.8731481481481481 0.20625 0.2462962962962963
1 0.7546875 0.3537037037037037 0.023958333333333335 0.037037037037037035
1 0.8525729166666667 0.3431898148148148 0.03327083333333333 0.06600925925925927
1 0.7948130208333333 0.31767129629629626 0.028167708333333333 0.05015740740740741
1 0.8469122395833334 0.3098314814814815 0.0115328125 0.023366666666666668
1 0.7810221354166667 0.38586990740740745 0.0224609375 0.03285092592592592
1 0.81691796875 0.34564814814814815 0.020294270833333336 0.03203703703703704
1 0.8234815104166666 0.2994819444444444 0.014671354166666668 0.02118611111111111
1 0.8775682291666667 0.2959921296296296 0.012428125 0.019762037037037036
1 0.8172861979166667 0.30944212962962964 0.019989062499999998 0.03184722222222223
1 0.8664729166666666 0.28410138888888886 0.0089875 0.014499074074074074
1 0.8949622395833334 0.2607935185185185 0.008674479166666667 0.01603148148148148
