2 0.6289308176100629 0.8266871165644172 0.16981132075471697 0.19938650306748465
2 0.4882075471698113 0.7967791411042945 0.06918238993710692 0.10276073619631902
2 0.1875 0.8381901840490797 0.0589622641509434 0.09662576687116564
2 0.2236635220125786 0.8236196319018405 0.03380503144654088 0.0736196319018405
2 0.29245283018867924 0.8029141104294478 0.015723270440251572 0.04447852760736196
1 0.6584119496855346 0.8688650306748467 0.03852201257861635 0.01687116564417178
1 0.18592767295597484 0.8320552147239264 0.018081761006289308 0.010736196319018405
1 0.27476415094339623 0.8044478527607362 0.010220125786163521 0.03834355828220859
1 0.49803459119496857 0.8044478527607362 0.01650943396226415 0.010736196319018405
1 0.30824685534591195 0.8323619631901841 0.008506289308176101 0.009861963190184049
1 0.3078537735849056 0.8422085889570552 0.025794025157232708 0.05912576687116564
