1 0.43706611570247933 0.36496350364963503 0.06674931129476584 0.10107055961070559
2 0.5011707988980717 0.2264720194647202 0.07205234159779615 0.08608272506082726
2 0.1896556473829201 0.29664233576642335 0.04662534435261708 0.06549878345498784
2 0.22885674931129477 0.24610705596107058 0.06146005509641873 0.08423357664233576
2 0.28449035812672174 0.19931873479318735 0.04556473829201102 0.06549878345498784
2 0.3369421487603306 0.19184914841849146 0.04662534435261708 0.061751824817518244
2 0.1774793388429752 0.18155717761557177 0.030730027548209363 0.05240875912408759
1 0.25852617079889806 0.1497323600973236 0.04450413223140496 0.0748661800486618
2 0.5832782369146006 0.11228710462287105 0.030730027548209363 0.04866180048661801
1 0.8206198347107437 0.3088077858880779 0.09005509641873277 0.13474452554744526
2 0.930275482093664 0.4632116788321168 0.07628099173553719 0.11416058394160584
1 0.9143939393939394 0.39021897810218975 0.08476584022038568 0.0954501216545012
2 0.13880165289256197 0.25639902676399023 0.038140495867768597 0.06362530413625304
2 0.18224517906336088 0.5539902676399027 0.09960055096418734 0.145985401459854
2 0.3613085399449036 0.1693917274939173 0.04450413223140496 0.050535279805352794
