2 0.6 0.3253333333333333 0.16 0.208
2 0.325 0.392 0.202 0.21333333333333335
2 0.595 0.24 0.166 0.15466666666666667
2 0.377 0.28933333333333333 0.186 0.232
2 0.586 0.16133333333333333 0.152 0.12
2 0.595 0.088 0.114 0.13866666666666666
2 0.625 0.064 0.11 0.128
2 0.144 0.308 0.2 0.20533333333333334
2 0.846 0.8626666666666667 0.304 0.2693333333333333
2 0.871 0.6 0.254 0.2826666666666667
2 0.932 0.4093333333333333 0.132 0.12
2 0.91 0.37866666666666665 0.176 0.18133333333333335
2 0.884 0.29333333333333333 0.172 0.21333333333333335
2 0.862 0.224 0.152 0.16533333333333333
2 0.821 0.1 0.138 0.2
2 0.974 0.12666666666666668 0.048 0.16266666666666665
2 0.951 0.06 0.094 0.12
2 0.042 0.396 0.084 0.17866666666666667
2 0.148 0.848 0.104 0.25066666666666665
2 0.521 0.572 0.106 0.21066666666666667
2 0.269 0.2733333333333333 0.062 0.11466666666666667
2 0.215 0.20933333333333334 0.058 0.07733333333333334
2 0.303 0.552 0.118 0.18133333333333335
