2 0.6489546079779918 0.28309756097560973 0.08350756533700138 0.09582926829268293
2 0.3522283356258597 0.19075609756097558 0.05599724896836314 0.08187804878048781
2 0.4873314993122421 0.16202439024390244 0.05895460797799175 0.05924390243902439
2 0.9554883081155433 0.44424390243902434 0.08155433287482806 0.10802439024390244
2 0.6135763411279229 0.11846341463414634 0.03242090784044017 0.06270731707317073
2 0.5968775790921595 0.06619512195121952 0.0343878954607978 0.05924390243902439
2 0.17096286107290234 0.23170731707317074 0.031444291609353504 0.05924390243902439
2 0.12576341127922971 0.21690243902439027 0.03929848693259973 0.054
2 0.04224209078404402 0.23082926829268294 0.021609353507565338 0.036585365853658534
1 0.14393397524071527 0.16985365853658538 0.0402888583218707 0.054
2 0.2240165061898212 0.1515609756097561 0.029477303988995875 0.04529268292682927
2 0.10709766162310866 0.17421951219512197 0.025543328748280605 0.031365853658536585
