2 0.22125 0.3240487804878049 0.05004120879120879 0.07665853658536585
2 0.5842857142857143 0.25697560975609757 0.07162087912087912 0.08187804878048781
1 0.4415247252747253 0.27439024390243905 0.1020467032967033 0.13414634146341464
1 0.23744505494505497 0.6245609756097561 0.16483516483516483 0.19685365853658535
2 0.7054532967032968 0.5313658536585366 0.10008241758241758 0.13241463414634147
2 0.1898489010989011 0.18814634146341463 0.03237637362637363 0.03831707317073171
2 0.06524725274725275 0.6803170731707318 0.09125000000000001 0.1515609756097561
2 0.8545879120879121 0.5078292682926829 0.10792582417582416 0.17246341463414633
2 0.8428159340659341 0.3928536585365853 0.09615384615384616 0.10278048780487806
1 0.3664697802197803 0.15765853658536585 0.11872252747252748 0.09582926829268293
1 0.25657967032967033 0.1794390243902439 0.042184065934065935 0.05924390243902439
2 0.28600274725274727 0.1611463414634146 0.02453296703296703 0.04704878048780488
2 0.6161675824175824 0.11673170731707316 0.0314010989010989 0.04878048780487805
2 0.15600274725274724 0.16724390243902437 0.029436813186813186 0.04529268292682927
2 0.07751373626373627 0.16375609756097562 0.027472527472527472 0.05226829268292683
2 0.13589285714285715 0.14634146341463414 0.030412087912087913 0.03485365853658536
