2 0.498434065934066 0.28555012224938875 0.02550824175824176 0.06811735941320293
2 0.5440521978021978 0.15107579462102688 0.04023351648351648 0.06462102689486553
2 0.25559065934065933 0.20344743276283617 0.03237637362637363 0.0506356968215159
2 0.2673626373626373 0.2968948655256724 0.026497252747252745 0.0488997555012225
2 0.1996703296703297 0.17552567237163816 0.030412087912087913 0.043667481662591684
2 0.2707967032967033 0.17987775061124692 0.0314010989010989 0.0488997555012225
2 0.2923901098901099 0.1667726161369193 0.02550824175824176 0.0506356968215159
1 0.3110302197802198 0.1563080684596577 0.03728021978021978 0.061124694376528114
2 0.22958791208791207 0.17552567237163816 0.033365384615384616 0.04017114914425428
1 0.5901648351648352 0.13009779951100245 0.05396978021978022 0.08907090464547678
2 0.16630494505494506 0.1667726161369193 0.03237637362637363 0.047163814180929096
2 0.11038461538461539 0.1563080684596577 0.02453296703296703 0.047163814180929096
2 0.1319642857142857 0.16330073349633253 0.026497252747252745 0.047163814180929096
