2 0.35827397260273974 0.3275425790754258 0.07376712328767124 0.07861313868613139
2 0.44994520547945205 0.24798053527980535 0.06532876712328767 0.07673965936739659
2 0.2075890410958904 0.2872992700729927 0.04004109589041096 0.05428223844282238
2 0.30453424657534245 0.20961070559610706 0.04004109589041096 0.05240875912408759
2 0.44836986301369863 0.16844282238442823 0.043205479452054794 0.05240875912408759
2 0.19915068493150684 0.24051094890510946 0.03372602739726027 0.061751824817518244
2 0.38304109589041097 0.17498783454987835 0.049520547945205474 0.050535279805352794
2 0.33772602739726026 0.1637712895377129 0.03267123287671233 0.04304136253041363
2 0.3271917808219178 0.19184914841849146 0.030561643835616437 0.04304136253041363
1 0.2686986301369863 0.15627737226277374 0.04215068493150685 0.06924574209245743
2 0.1174931506849315 0.24798053527980535 0.02634246575342466 0.046788321167883215
1 0.9278219178082191 0.772043795620438 0.14226027397260274 0.21523114355231143
2 0.1707123287671233 0.16844282238442823 0.025287671232876712 0.04491484184914842
2 0.1902054794520548 0.16094890510948906 0.01580821917808219 0.041167883211678837
2 0.13646575342465755 0.1665693430656934 0.02423287671232877 0.03742092457420925
2 0.5779726027397261 0.11885644768856449 0.030561643835616437 0.046788321167883215
2 0.6101095890410959 0.12257907542579076 0.02950684931506849 0.05428223844282238
2 0.6169589041095891 0.07673965936739659 0.02423287671232877 0.041167883211678837
2 0.5995753424657534 0.09357664233576643 0.025287671232876712 0.04866180048661801
2 0.6443561643835617 0.09170316301703163 0.02002739726027397 0.05240875912408759
1 0.08719178082191781 0.2910462287104623 0.04161643835616438 0.0954501216545012
2 0.3376712328767123 0.16423357664233576 0.031506849315068496 0.046228710462287104
2 0.22123287671232877 0.14476885644768855 0.031506849315068496 0.051094890510948905
