2 0.6296836313617606 0.34958536585365857 0.08558459422283356 0.11382926829268293
2 0.7466024759284732 0.3617804878048781 0.09323246217331499 0.11653658536585366
2 0.8604676753782667 0.38212195121951215 0.07947730398899587 0.10297560975609756
2 0.6166850068775791 0.11517073170731706 0.0320907840440165 0.06775609756097561
2 0.47455295735900965 0.16665853658536586 0.053493810178817054 0.062341463414634146
1 0.3599312242090784 0.21273170731707317 0.0565474552957359 0.08399999999999999
1 0.2544704264099037 0.16936585365853657 0.047372764786795044 0.07858536585365854
1 0.3285969738651994 0.5704634146341463 0.12837689133425034 0.16531707317073172
2 0.20938101788170563 0.1531219512195122 0.03056396148555708 0.062341463414634146
2 0.39354883081155434 0.19919512195121952 0.04126547455295736 0.06775609756097561
