1 0.5579504814305365 0.13606741573033707 0.04126547455295736 0.10359550561797753
2 0.24888583218707014 0.22558988764044943 0.04385144429160935 0.061460674157303365
2 0.31292984869325996 0.18696629213483146 0.030949105914718018 0.05443820224719101
2 0.2712379642365887 0.20452247191011236 0.03697386519944979 0.05794943820224719
1 0.27854195323246217 0.1676685393258427 0.04298486932599725 0.06497191011235955
2 0.2046079779917469 0.2150561797752809 0.030949105914718018 0.05092696629213483
2 0.17537826685006877 0.19488764044943818 0.02235213204951857 0.056179775280898875
2 0.15302613480055022 0.18873595505617977 0.02579092159559835 0.05092696629213483
2 0.10789546079779917 0.18084269662921348 0.028376891334250344 0.056179775280898875
2 0.13067400275103164 0.1896067415730337 0.015474552957359009 0.05266853932584269
