2 0.43072802197802196 0.35317548746518107 0.0804532967032967 0.14922005571030642
2 0.5729945054945055 0.34919220055710304 0.07457417582417582 0.12933147632311978
2 0.454271978021978 0.2705849582172702 0.06278846153846154 0.0994707520891365
1 0.5131456043956044 0.19100278551532032 0.06475274725274725 0.14325905292479107
1 0.5641620879120879 0.18701949860724235 0.05101648351648352 0.11540389972144846
1 0.2943543956043956 0.17409470752089137 0.05887362637362637 0.08554317548746518
2 0.2315521978021978 0.24571030640668523 0.03728021978021978 0.06565459610027856
2 0.19671703296703297 0.2397493036211699 0.0284478021978022 0.057688022284122564
2 0.2315521978021978 0.19498607242339833 0.033365384615384616 0.051727019498607245
2 0.17857142857142858 0.21688022284122563 0.02550824175824176 0.055710306406685235
2 0.20211538461538459 0.193983286908078 0.027472527472527472 0.04576601671309192
2 0.5916346153846154 0.2825348189415042 0.05690934065934066 0.0994707520891365
2 0.1501236263736264 0.19498607242339833 0.02157967032967033 0.04774373259052925
2 0.2815934065934066 0.21289693593314765 0.033365384615384616 0.05969359331476323
2 0.1304945054945055 0.2029526462395543 0.017664835164835163 0.04376044568245126
2 0.6053708791208791 0.14623955431754876 0.029436813186813186 0.06167130919220056
1 0.5926236263736264 0.08554317548746518 0.05101648351648352 0.10743732590529248
