1 0.7898671875000001 0.5701574074074074 0.060984375 0.09216666666666667
1 0.38884375000000004 0.771699074074074 0.11622916666666666 0.1489537037037037
1 0.7678906249999999 0.3430138888888889 0.01598958333333333 0.03047222222222222
1 0.780734375 0.33647222222222223 0.016677083333333335 0.030351851851851852
1 0.8640260416666667 0.3875648148148148 0.01659375 0.03253703703703704
1 0.8350833333333333 0.2925092592592593 0.010791666666666666 0.018351851851851852
1 0.88275 0.2648425925925926 0.007166666666666667 0.01301851851851852
1 0.5107421875 0.6473935185185185 0.09544270833333333 0.11515740740740742
1 0.5746458333333333 0.5022777777777778 0.06595833333333333 0.07122222222222223
1 0.61125 0.5587037037037037 0.063125 0.07851851851851852
1 0.7443124999999999 0.48328240740740747 0.05633333333333333 0.07397222222222222
1 0.7561302083333333 0.3518194444444444 0.021635416666666667 0.029564814814814815
1 0.6537708333333333 0.38206944444444446 0.053375 0.0678425925925926
1 0.8478255208333334 0.31018981481481483 0.011276041666666665 0.02037962962962963
1 0.7958203125 0.3177361111111111 0.023932291666666668 0.04658333333333334
1 0.8506510416666667 0.2818703703703704 0.009635416666666667 0.015592592592592592
1 0.8939166666666666 0.2789768518518519 0.006583333333333333 0.013509259259259259
1 0.8637265625 0.28854166666666664 0.011828125 0.019675925925925927
1 0.8984765625000001 0.2654351851851852 0.004244791666666667 0.008648148148148148
1 0.8928213541666667 0.32559351851851853 0.012726041666666667 0.027112962962962964
1 0.8660125 0.2690148148148148 0.013275 0.01765925925925926
1 0.8254374999999999 0.29884444444444447 0.011291666666666667 0.019911111111111112
1 0.8157674479166667 0.3086689814814815 0.021118229166666665 0.030300925925925926
1 0.8914739583333334 0.2459810185185185 0.01628125 0.02529537037037037
