2 0.6520987654320988 0.3874390243902439 0.10973936899862825 0.12946341463414635
2 0.6763786008230452 0.2954878048780488 0.07386831275720165 0.09192682926829268
2 0.5930178326474623 0.24670731707317076 0.05698216735253772 0.09943902439024391
2 0.1883539094650206 0.3771219512195122 0.04958847736625514 0.0825609756097561
2 0.18255144032921813 0.3001951219512195 0.04432098765432099 0.06378048780487805
1 0.4732510288065844 0.19604878048780486 0.12556927297668039 0.18948780487804878
2 0.21895747599451304 0.21012195121951222 0.03481481481481481 0.05629268292682926
2 0.27277091906721534 0.1810487804878049 0.039039780521262 0.058170731707317076
2 0.23688614540466393 0.1698048780487805 0.02849108367626886 0.05065853658536585
2 0.161440329218107 0.17824390243902438 0.027434842249657063 0.05253658536585366
2 0.18255144032921813 0.16697560975609754 0.021097393689986282 0.04878048780487805
2 0.565048010973937 0.1810487804878049 0.039039780521262 0.07317073170731707
1 0.5930178326474623 0.13414634146341464 0.033772290809327844 0.06565853658536586
2 0.608312757201646 0.08536585365853659 0.030603566529492452 0.05065853658536585
2 0.5740192043895748 0.1125609756097561 0.029547325102880658 0.04126829268292683
2 0.28858710562414264 0.16417073170731708 0.02637860082304527 0.046902439024390244
