2 0.3949656121045392 0.7483374083129584 0.1120082530949106 0.20083129584352077
2 0.2721595598349381 0.5806845965770171 0.1002200825309491 0.12051344743276284
2 0.4519532324621733 0.4400977995110024 0.09628610729023383 0.11875305623471882
2 0.2529986244841816 0.3650122249388753 0.05796423658872077 0.09430317848410757
2 0.3998762035763411 0.2619559902200489 0.05698762035763411 0.07334963325183375
2 0.6347042640990371 0.307359413202934 0.08253094910591471 0.09430317848410757
2 0.7840440165061898 0.4392176039119804 0.10610729023383769 0.14146699266503668
2 0.523191196698762 0.6942053789731052 0.14442916093535077 0.21132029339853303
1 0.6951306740027511 0.7064303178484108 0.16800550206327372 0.22877750611246941
2 0.773232462173315 0.6557701711491442 0.11397524071526823 0.15193154034229828
2 0.78060522696011 0.5684596577017115 0.11691884456671252 0.13447432762836187
2 0.33700137551581844 0.2087041564792176 0.05895460797799175 0.07161369193154034
2 0.48486932599724897 0.22789731051344742 0.08940852819807428 0.08557457212713937
2 0.21744154057771667 0.2539119804400978 0.03914718019257222 0.052665036674816625
1 0.35445667125171937 0.3244254278728606 0.06983493810178817 0.09215158924205379
2 0.2046079779917469 0.18643031784841077 0.03782668500687758 0.05909535452322739
2 0.23325997248968364 0.17623471882640587 0.030949105914718018 0.0550122249388753
2 0.2544704264099037 0.16198044009779952 0.027510316368638238 0.050929095354523224
2 0.9342090784044016 0.41361858190709044 0.0320907840440165 0.061124694376528114
2 0.15302613480055022 0.16706601466992665 0.030949105914718018 0.0488997555012225
2 0.11634112792297112 0.16503667481662593 0.024071526822558458 0.04481662591687041
2 0.9436038514442916 0.9309290953545232 0.11279229711141678 0.13814180929095354
2 0.6121045392022009 0.09168704156479218 0.029807427785419536 0.052982885085574576
2 0.5118019257221458 0.15178484107579462 0.021774415405777167 0.06315403422982885
