1 0.32373437499999996 0.8907731481481481 0.31517708333333333 0.21673148148148147
1 0.61428125 0.6705648148148149 0.2431458333333333 0.3615
1 0.18179947916666667 0.916625 0.14172395833333334 0.16102777777777777
1 0.61 0.5506435185185186 0.07208333333333333 0.10128703703703704
1 0.5281588541666667 0.5387638888888889 0.06152604166666666 0.09049074074074075
1 0.8188880208333333 0.39034722222222223 0.023192708333333333 0.03439814814814815
1 0.7577942708333333 0.35210185185185183 0.020796875 0.03198148148148148
1 0.7821067708333334 0.3362222222222222 0.019421874999999998 0.03355555555555556
1 0.8448385416666666 0.35031944444444446 0.013635416666666667 0.024712962962962964
1 0.8656328125 0.29221296296296295 0.008348958333333333 0.014055555555555556
1 0.8681223958333334 0.31617129629629626 0.009161458333333334 0.017527777777777778
1 0.8082395833333333 0.33270833333333333 0.025854166666666668 0.052453703703703704
1 0.8878463541666667 0.2691527777777778 0.006942708333333334 0.01237962962962963
1 0.8330442708333333 0.3111990740740741 0.018171875 0.04276851851851852
1 0.8526328125 0.2789212962962963 0.008390625 0.013398148148148149
1 0.8300677083333333 0.36162037037037037 0.017427083333333333 0.0287962962962963
