2 0.40895460797799177 0.7448292682926829 0.11744154057771664 0.16509756097560976
2 0.8755708390646492 0.36678048780487804 0.037028885832187074 0.09568292682926828
2 0.2692847317744154 0.37241463414634146 0.04762035763411279 0.06941463414634147
2 0.27986244841815683 0.6641707317073171 0.10474552957359011 0.12758536585365854
2 0.5057634112792297 0.5009268292682927 0.08464924346629986 0.1163170731707317
2 0.35075653370013754 0.43809756097560976 0.07513067400275103 0.1106829268292683
2 0.4189546079779917 0.5152439024390244 0.040123796423658875 0.09553658536585366
2 0.8482393397524071 0.7611707317073171 0.12609353507565338 0.16870731707317074
2 0.8831911966987621 0.6412682926829268 0.09514442916093535 0.14836585365853658
2 0.45392022008253097 0.3902439024390244 0.09398899587345254 0.12195121951219512
2 0.6184044016506189 0.2601707317073171 0.06303988995873452 0.08536585365853659
2 0.4126547455295736 0.20934146341463414 0.05272352132049518 0.06909756097560975
2 0.14557083906464924 0.2723658536585366 0.0343878954607978 0.05285365853658537
2 0.19944979367262725 0.25102439024390244 0.03668500687757909 0.050804878048780484
2 0.4430261348005502 0.17073170731707318 0.060756533700137554 0.06909756097560975
2 0.19658872077028883 0.3201219512195122 0.042407152682255846 0.07114634146341464
2 0.5450481430536451 0.10670731707317073 0.033246217331499316 0.050804878048780484
1 0.2079092159559835 0.15946341463414632 0.0687757909215956 0.0825609756097561
2 0.33170563961485555 0.16321951219512196 0.0433837689133425 0.06378048780487805
1 0.09628610729023383 0.29573170731707316 0.048143053645116916 0.09958536585365853
2 0.07393397524071527 0.22358536585365854 0.021774415405777167 0.04878048780487805
2 0.5983493810178817 0.053853658536585365 0.027510316368638238 0.050804878048780484
