2 0.7054794520547946 0.5164563106796116 0.12936986301369863 0.1429368932038835
2 0.38660273972602743 0.43150485436893204 0.08523287671232876 0.11327669902912622
2 0.289958904109589 0.33305825242718445 0.05327397260273973 0.09439320388349515
2 0.398027397260274 0.3384466019417476 0.06545205479452056 0.08900485436893205
2 0.19101369863013698 0.23733009708737865 0.0410958904109589 0.07550970873786407
1 0.06012328767123288 0.6485922330097088 0.11415068493150685 0.20766990291262136
2 0.15126027397260275 0.16990291262135923 0.030821917808219176 0.04046116504854369
1 0.09531506849315068 0.29327669902912623 0.05365753424657534 0.0970873786407767
2 0.6141506849315068 0.1183252427184466 0.03424657534246575 0.05866504854368933
2 0.5998904109589042 0.05866504854368933 0.028534246575342464 0.04449029126213592
