1 0.559375 0.33645833333333336 0.046875 0.07708333333333334
1 0.3328125 0.34270833333333334 0.05 0.08125
1 0.4796875 0.37395833333333334 0.03125 0.04375
1 0.37421875 0.37916666666666665 0.0390625 0.05
1 0.22890625 0.39166666666666666 0.0765625 0.10416666666666667
1 0.6171875 0.4510416666666667 0.071875 0.11875
1 0.06484375 0.5479166666666667 0.1296875 0.20833333333333334
1 0.1921875 0.5510416666666667 0.1 0.13125
1 0.55859375 0.590625 0.0828125 0.13541666666666666
1 0.27734375 0.671875 0.1046875 0.13125
