1 0.50546875 0.3177083333333333 0.0328125 0.05625
1 0.390625 0.3375 0.028125 0.0375
1 0.28046875 0.34479166666666666 0.0578125 0.05625
1 0.47421875 0.359375 0.0328125 0.03958333333333333
1 0.5375 0.359375 0.04375 0.08125
1 0.37578125 0.3625 0.0296875 0.03333333333333333
1 0.3140625 0.3729166666666667 0.065625 0.09583333333333334
1 0.596875 0.37395833333333334 0.05 0.07708333333333334
1 0.2328125 0.39166666666666666 0.053125 0.075
1 0.3609375 0.42916666666666664 0.053125 0.07083333333333333
1 0.6625 0.553125 0.075 0.10625
1 0.565625 0.5552083333333333 0.071875 0.11041666666666666
1 0.1890625 0.5572916666666666 0.078125 0.09375
1 0.3078125 0.59375 0.06875 0.0875
