1 0.9149514563106795 0.7664364640883977 0.16252427184466017 0.1061049723756906
1 0.748495145631068 0.4446685082872928 0.47514563106796115 0.11961325966850828
1 0.5687864077669903 0.7456629834254144 0.45563106796116504 0.11842541436464088
1 0.9493689320388349 0.11475138121546961 0.10121359223300971 0.09743093922651934
1 0.8429126213592232 0.27881215469613263 0.3141747572815534 0.10870165745856354
1 0.190873786407767 0.04439226519337017 0.3817961165048544 0.08878453038674033
1 0.44150485436893205 0.8605524861878453 0.49893203883495146 0.12582872928176794
1 0.9588349514563107 0.6604419889502763 0.07543689320388348 0.10176795580110498
1 0.9854854368932039 0.04267955801104972 0.029029126213592236 0.08533149171270718
1 0.1253883495145631 0.18569060773480664 0.2508252427184466 0.11049723756906077
1 0.09436893203883495 0.26779005524861876 0.1887864077669903 0.13044198895027623
