1 0.9016911764705882 0.5824260355029586 0.1866544117647059 0.27804733727810654
1 0.5347242647058823 0.058934911242603555 0.17400735294117647 0.11786982248520711
1 0.5430330882352942 0.5972781065088757 0.19183823529411764 0.2917159763313609
1 0.046746323529411764 0.8750887573964496 0.0935110294117647 0.2498816568047337
1 0.06845588235294119 0.06325443786982249 0.13691176470588237 0.12650887573964498
1 0.04943014705882353 0.2703550295857988 0.09887867647058823 0.2865680473372781
1 0.04775735294117647 0.5530177514792899 0.09553308823529412 0.32254437869822483
1 0.9049264705882353 0.8514201183431952 0.19014705882352942 0.29715976331360944
1 0.5451470588235294 0.881301775147929 0.17323529411764704 0.23733727810650887
1 0.539375 0.28745562130177515 0.20047794117647058 0.27911242603550296
1 0.8910845588235294 0.07721893491124261 0.19924632352941177 0.15443786982248522
