1 0.5538073394495413 0.5024734982332155 0.18944954128440367 0.1368904593639576
1 0.7590825688073394 0.8848409893992932 0.19291284403669726 0.1262190812720848
1 0.03701834862385321 0.8227208480565371 0.07405963302752293 0.11862190812720848
1 0.5601376146788991 0.6126855123674911 0.18979357798165136 0.1367844522968198
1 0.04862385321100917 0.6820141342756183 0.09724770642201834 0.14367491166077737
1 0.03311926605504587 0.9391519434628974 0.06623853211009174 0.1217314487632509
1 0.8689908256880734 0.03929328621908127 0.1648165137614679 0.07858657243816254
1 0.06323394495412844 0.5750883392226148 0.1264678899082569 0.10346289752650177
1 0.5373853211009174 0.8818374558303888 0.19701834862385323 0.12257950530035334
1 0.0959862385321101 0.4653710247349823 0.18344036697247706 0.12752650176678446
1 0.7569036697247706 0.9684452296819788 0.21970183486238534 0.06314487632508835
1 0.5697935779816514 0.4037102473498233 0.20825688073394494 0.13692579505300354
1 0.822362385321101 0.39886925795053 0.19860091743119268 0.12137809187279153
1 0.5040366972477064 0.9677031802120142 0.2040137614678899 0.06459363957597174
1 0.7875000000000001 0.6070671378091873 0.18511467889908256 0.1258303886925795
1 0.8118807339449542 0.5150530035335689 0.20862385321100915 0.13961130742049468
1 0.1208256880733945 0.36282685512367496 0.19121559633027524 0.12851590106007066
1 0.04112385321100917 0.0758303886925795 0.08224770642201834 0.1304593639575972
1 0.14211009174311925 0.27480565371024734 0.18559633027522937 0.12201413427561837
1 0.16956422018348624 0.17215547703180212 0.18369266055045871 0.11929328621908127
1 0.20052752293577983 0.0826148409893993 0.18087155963302753 0.1228268551236749
1 0.5877752293577981 0.31123674911660776 0.19392201834862385 0.1312720848056537
1 0.8186467889908257 0.299469964664311 0.16940366972477064 0.13607773851590105
1 0.8179128440366973 0.20325088339222616 0.1725229357798165 0.11321554770318021
1 0.5909633027522936 0.21208480565371027 0.1651834862385321 0.11667844522968199
1 0.6080963302752294 0.1276678445229682 0.17261467889908258 0.1351590106007067
1 0.8589449541284404 0.11212014134275619 0.17658256880733944 0.15003533568904595
1 0.6586467889908257 0.04201413427561838 0.1888302752293578 0.08406360424028268
