1 0.3732481751824817 0.5118326693227092 0.16766423357664234 0.1598804780876494
1 0.5801642335766424 0.5238247011952191 0.17848540145985403 0.1705577689243028
1 0.5038503649635037 0.8464541832669323 0.17005474452554745 0.14749003984063747
1 0.581368613138686 0.38187250996015937 0.15713503649635036 0.1500796812749004
1 0.3189233576642336 0.6794820717131475 0.1623905109489051 0.150199203187251
1 0.5395255474452555 0.6772509960159363 0.16257299270072995 0.171394422310757
1 0.3217883211678832 0.8536653386454184 0.1725912408759124 0.16254980079681275
1 0.6028832116788321 0.0752589641434263 0.14846715328467153 0.14163346613545816
1 0.40897810218978103 0.37916334661354584 0.16036496350364962 0.14633466135458167
1 0.42516423357664235 0.07330677290836653 0.15908759124087593 0.14211155378486057
1 0.33726277372262775 0.968605577689243 0.1877919708029197 0.06278884462151395
1 0.04025547445255474 0.046573705179282866 0.08051094890510949 0.09282868525896415
1 0.9683029197080292 0.5222310756972112 0.06339416058394161 0.1504780876494024
1 0.0270985401459854 0.15282868525896415 0.054178832116788325 0.16390438247011951
1 0.5519343065693431 0.9439442231075698 0.2092153284671533 0.11207171314741035
1 0.9748722627737226 0.3508366533864542 0.050255474452554745 0.1751394422310757
1 0.9756934306569343 0.20852589641434263 0.04861313868613139 0.1607171314741036
1 0.9768248175182481 0.08701195219123506 0.046368613138686135 0.140398406374502
1 0.019854014598540148 0.31171314741035855 0.03934306569343066 0.1256972111553785
1 0.7602372262773723 0.310398406374502 0.06587591240875913 0.27350597609561755
1 0.9758211678832117 0.6817928286852589 0.048375912408759124 0.1737450199203187
1 0.015054744525547446 0.449601593625498 0.030127737226277373 0.15756972111553783
1 0.972956204379562 0.9503585657370518 0.054087591240875914 0.09928286852589642
1 0.9800364963503648 0.8429482071713148 0.039927007299270074 0.1732270916334661
1 0.618485401459854 0.016215139442231078 0.14985401459854014 0.03239043824701195
1 0.9813138686131386 0.01848605577689243 0.03684306569343066 0.03653386454183267
1 0.4267883211678832 0.016215139442231078 0.1627007299270073 0.03247011952191235
