1 0.7102728731942215 0.3992248062015504 0.1043338683788122 0.24031007751937986
1 0.48475120385232745 0.20155038759689922 0.08667736757624397 0.2868217054263566
1 0.6791974317817014 0.8725581395348837 0.11121990369181381 0.2548837209302326
1 0.1404494382022472 0.8217054263565892 0.1043338683788122 0.24031007751937986
1 0.1640609951845907 0.6610077519379844 0.09322632423756019 0.2088372093023256
1 0.2712680577849117 0.6550387596899225 0.10272873194221509 0.20155038759689922
1 0.17958266452648475 0.3693798449612403 0.1097271268057785 0.22806201550387598
1 0.6789727126805778 0.7286821705426356 0.1043338683788122 0.20155038759689922
1 0.5666131621187801 0.38372093023255816 0.09309791332263243 0.18604651162790697
1 0.2881219903691814 0.36046511627906974 0.09149277688603531 0.20930232558139536
1 0.2897271268057785 0.5 0.13162118780096307 0.24806201550387597
1 0.1115569823434992 0.9457364341085271 0.11075441412520064 0.10852713178294573
1 0.5363242375601927 0.8653488372093023 0.1397752808988764 0.2616279069767442
1 0.2520064205457464 0.9341085271317829 0.11075441412520064 0.13178294573643412
1 0.6853932584269663 0.5658914728682171 0.09791332263242375 0.17829457364341086
1 0.5778491171749599 0.5542635658914729 0.09630818619582665 0.18604651162790697
1 0.25823434991974314 0.8082170542635659 0.11118780096308185 0.2307751937984496
1 0.5674478330658106 0.7286046511627906 0.10762439807383627 0.2654263565891473
1 0.9690048154093098 0.4032558139534884 0.06200642054574639 0.20573643410852713
1 0.959470304975923 0.5765116279069767 0.08105939004815409 0.22271317829457365
1 0.9654895666131621 0.7082170542635658 0.06902086677367576 0.22449612403100777
1 0.9579614767255216 0.8661240310077519 0.08407704654895666 0.24968992248062016
