1 0.226104513064133 0.4814329268292683 0.2521140142517815 0.1391158536585366
1 0.2330641330166271 0.3175914634146342 0.2541092636579573 0.1450609756097561
1 0.9084323040380047 0.04365853658536586 0.174916864608076 0.08631097560975609
1 0.9182422802850356 0.4923475609756098 0.15596199524940615 0.139390243902439
1 0.07211401425178147 0.04286585365853659 0.14422802850356295 0.08499999999999999
1 0.16339667458432305 0.6743292682926829 0.2792399049881235 0.15420731707317073
1 0.04332541567695962 0.32344512195121955 0.08662707838479809 0.13469512195121952
1 0.25014251781472685 0.1613719512195122 0.22985748218527316 0.14125
1 0.9074346793349168 0.17490853658536584 0.17712589073634202 0.13560975609756096
1 0.3017577197149644 0.04185975609756098 0.24080760095011874 0.08295731707317074
1 0.9063182897862233 0.32960365853658535 0.17926365795724467 0.15371951219512195
1 0.8839429928741093 0.6689024390243903 0.22334916864608076 0.16475609756097562
1 0.03251781472684086 0.47088414634146336 0.06503562945368171 0.14628048780487804
1 0.45439429928741093 0.7985975609756097 0.1353206650831354 0.35304878048780486
