1 0.8782175226586103 0.5695986622073579 0.23625377643504533 0.15290969899665552
1 0.8527794561933534 0.09404682274247492 0.28595166163141994 0.14408026755852843
1 0.3209365558912387 0.7591304347826087 0.2678247734138973 0.15431438127090302
1 0.30531722054380667 0.2354849498327759 0.2801510574018127 0.15
1 0.3168882175226586 0.40658862876254176 0.3087009063444109 0.145685618729097
1 0.318036253776435 0.5737792642140468 0.3110574018126888 0.17030100334448162
1 0.8797583081570997 0.7600334448160535 0.23425981873111784 0.16588628762541807
1 0.8654078549848943 0.38668896321070234 0.2629003021148036 0.16023411371237456
1 0.3076132930513595 0.08959866220735786 0.2838368580060423 0.15959866220735786
1 0.2746223564954683 0.9231103678929765 0.3463141993957704 0.14565217391304347
1 0.868036253776435 0.2437458193979933 0.25794561933534743 0.14130434782608695
1 0.8753776435045317 0.945752508361204 0.24075528700906343 0.10006688963210703
1 0.3090332326283988 0.013177257525083612 0.2569486404833837 0.025953177257525082
