1 0.18541666666666667 0.9333333333333333 0.13645833333333332 0.13333333333333333
1 0.307440625 0.7188587962962963 0.12113125 0.1340138888888889
1 0.6079117187499999 0.5718305555555555 0.06790677083333334 0.08810555555555555
1 0.6293333333333333 0.35208101851851853 0.051375 0.0634212962962963
1 0.7464174479166666 0.4804625 0.05533489583333333 0.07573981481481482
1 0.839815625 0.5101023148148148 0.036922916666666666 0.05724166666666666
1 0.7971177083333333 0.4273763888888889 0.03902708333333334 0.06586388888888889
1 0.8009171875 0.3639574074074074 0.031001041666666666 0.059396296296296294
1 0.7682203125 0.3447300925925926 0.015607291666666667 0.03205277777777778
1 0.8463432291666667 0.28041388888888885 0.011436458333333333 0.02193888888888889
1 0.8645833333333334 0.28869074074074075 0.007291666666666667 0.01627037037037037
1 0.8248 0.2999263888888889 0.0121 0.02022314814814815
1 0.8153138020833333 0.3088078703703704 0.018127604166666665 0.02872685185185185
1 0.7545950520833333 0.3511287037037037 0.0237734375 0.03559074074074074
1 0.8849346354166666 0.2992722222222222 0.009452604166666666 0.017062962962962964
1 0.5109315104166667 0.655311574074074 0.08123802083333334 0.11062314814814815
1 0.35875859375 0.7921875 0.1112671875 0.15104166666666666
1 0.7811794270833333 0.3361615740740741 0.01652552083333333 0.02973055555555556
1 0.7974385416666667 0.32113009259259256 0.02508541666666667 0.057075
1 0.42127890625000003 0.6107694444444444 0.08526614583333333 0.10487222222222223
1 0.8568557291666666 0.27456435185185185 0.007461458333333334 0.013943518518518518
