1 0.5748802083333333 0.678 0.29455729166666667 0.32451851851851854
1 0.47234375 0.6490833333333333 0.111359375 0.1277962962962963
1 0.7688541666666667 0.34373148148148147 0.018958333333333334 0.035611111111111114
1 0.8827708333333334 0.31043518518518515 0.008255208333333333 0.013472222222222222
1 0.8395364583333333 0.28917592592592595 0.00928125 0.015379629629629629
1 0.8140416666666667 0.3115462962962963 0.014536458333333334 0.023092592592592595
1 0.8578854166666667 0.29241666666666666 0.010036458333333333 0.01662037037037037
1 0.8579427083333333 0.27432407407407405 0.007546875 0.015324074074074075
1 0.881109375 0.2665 0.0059635416666666665 0.01076851851851852
1 0.8425572916666667 0.28462037037037036 0.01428125 0.01923148148148148
1 0.7957760416666667 0.31993518518518516 0.024885416666666667 0.056527777777777774
1 0.7808177083333334 0.3366203703703704 0.01684375 0.03064814814814815
1 0.8251145833333333 0.2992777777777778 0.0116875 0.018935185185185183
1 0.7549427083333333 0.3509351851851852 0.023421874999999998 0.03705555555555556
1 0.86371875 0.2676851851851852 0.013901041666666667 0.01686111111111111
1 0.868609375 0.28382407407407406 0.007010416666666667 0.012083333333333335
