1 0.384375 0.7768518518518519 0.11145833333333334 0.14629629629629629
1 0.5903645833333333 0.700462962962963 0.2598958333333333 0.38055555555555554
1 0.7736979166666667 0.3365740740740741 0.030729166666666665 0.03796296296296296
1 0.7544270833333333 0.3527777777777778 0.025520833333333333 0.03888888888888889
1 0.7949197916666667 0.31850231481481484 0.02838125 0.0499675925925926
1 0.82368359375 0.2991865740740741 0.015075520833333333 0.022447222222222223
1 0.8609000000000001 0.29095601851851854 0.009300000000000001 0.015245370370370371
1 0.8684458333333333 0.30637777777777775 0.007725 0.014607407407407407
1 0.8384601562499999 0.29365185185185183 0.012336979166666668 0.018785185185185186
1 0.8518036458333333 0.3021550925925926 0.009857291666666665 0.015421296296296298
1 0.8670135416666667 0.3295587962962963 0.018402083333333333 0.02578425925925926
1 0.5740864583333334 0.30344074074074073 0.044006250000000004 0.04391851851851852
