1 0.4296315789473684 0.5688837920489297 0.09616842105263158 0.10327217125382264
1 0.3486526315789474 0.7869877675840979 0.11679999999999999 0.1589755351681957
1 0.2998315789473684 0.7224923547400611 0.07924210526315789 0.0963302752293578
1 0.28858947368421056 0.6792201834862385 0.06237894736842105 0.06204892966360856
1 0.27172631578947365 0.6661620795107034 0.051147368421052636 0.06857798165137614
1 0.372978947368421 0.6248470948012232 0.06389473684210527 0.067217125382263
1 0.24361052631578947 0.5296788990825688 0.018905263157894737 0.025718654434250764
1 0.2889578947368421 0.5391743119266055 0.0258 0.03224770642201835
1 0.2600421052631579 0.6295718654434251 0.050936842105263155 0.05548929663608563
1 0.32813684210526317 0.577782874617737 0.04105263157894737 0.047553516819571866
1 0.20684210526315788 0.5611620795107034 0.028421052631578948 0.03363914373088685
