1 0.640665625 0.536912037037037 0.05737291666666667 0.07752777777777778
1 0.3559 0.8068902777777778 0.11596666666666668 0.15266944444444444
1 0.8000854166666667 0.31937731481481485 0.03454583333333334 0.048013888888888884
1 0.84888671875 0.31806527777777777 0.009231770833333335 0.019463888888888888
1 0.88400703125 0.3009023148148148 0.013847395833333333 0.025878703703703706
1 0.8527841145833333 0.284000462962963 0.009734895833333333 0.016149074074074073
1 0.79819296875 0.3661611111111111 0.019302604166666668 0.02861851851851852
1 0.8219044270833333 0.35615416666666666 0.019850520833333333 0.0326787037037037
1 0.7821833333333333 0.39616250000000003 0.027908333333333334 0.04047314814814815
1 0.8665432291666666 0.28637685185185185 0.010169791666666667 0.01719814814814815
1 0.8574065104166666 0.3020259259259259 0.011688020833333333 0.018866666666666667
1 0.8686481770833333 0.26403750000000004 0.010213020833333334 0.013260185185185186
1 0.8789177083333333 0.28731527777777777 0.007835416666666668 0.013519444444444445
1 0.5928557291666666 0.4848777777777778 0.05758645833333333 0.07345925925925925
1 0.7796815104166667 0.33653518518518516 0.01873802083333333 0.03603333333333333
1 0.7583059895833333 0.3514203703703704 0.0218203125 0.03247037037037037
1 0.7426981770833333 0.4417416666666667 0.036438020833333334 0.05200185185185185
1 0.7613440104166667 0.4159226851851852 0.031021354166666668 0.039252777777777775
