2 0.935546875 0.9120370370370371 0.12890625 0.07407407407407407
2 0.6842447916666666 0.9178240740740741 0.0234375 0.027777777777777776
1 0.6744791666666666 0.8871574074074075 0.02734375 0.052083333333333336
1 0.6070989583333334 0.8709537037037037 0.052734375 0.09606481481481481
1 0.5654322916666668 0.8373888888888888 0.033203125 0.056712962962962965
2 0.5670572916666666 0.886 0.029947916666666668 0.059027777777777776
2 0.4524739583333333 0.9068333333333334 0.06380208333333333 0.1076388888888889
2 0.4869791666666667 0.8796296296296297 0.022135416666666668 0.05092592592592592
2 0.5260416666666666 0.8668981481481481 0.040364583333333336 0.03935185185185185
1 0.500328125 0.8304444444444444 0.026692708333333332 0.03819444444444445
