2 0.4800364583333333 0.8554537037037037 0.04803125 0.07510185185185185
2 0.58478125 0.8539074074074074 0.032984374999999996 0.051444444444444445
2 0.5338541666666666 0.8261296296296297 0.032984374999999996 0.03498148148148148
2 0.7144114583333334 0.8168703703703704 0.04224479166666666 0.03292592592592593
1 0.5917239583333332 0.7942407407407407 0.04340104166666667 0.03909259259259259
1 0.62384375 0.8312777777777778 0.05439583333333333 0.10493518518518519
1 0.6600104166666667 0.8549351851851852 0.021411458333333334 0.04937962962962963
1 0.6909739583333334 0.8544259259259259 0.03009375 0.05040740740740741
2 0.73553125 0.8919722222222223 0.018520833333333334 0.03292592592592593
1 0.5170729166666667 0.789611111111111 0.021411458333333334 0.04012037037037037
2 0.9473385416666668 0.8652222222222222 0.10532291666666667 0.07818518518518518
