1 0.3519375 0.897888888888889 0.022229166666666668 0.18294444444444447
2 0.9063163438177403 0.869809224600387 0.9193287823506584 0.8582426125711266 0.9336424647368682 0.8432060169330879 0.9642216952892255 0.8374227109184578 0.9895959504284157 0.8501459841506441 0.9928490600616453 0.8755925306150174 0.9180275384973666 0.8975690934706121 0.9011113684045732 0.891785787455982
2 0.9694266707023925 0.8883158038472038 0.9954515477682288 0.8732792082091653 0.9967527916215206 0.916075672717429 0.9707279145556846 0.9102923667027987
2 0.8978582587713435 0.8860024814413516 0.8802914667519043 0.8813758366296475 0.8828939544584878 0.8651825797886828 0.902412612257865 0.8559292901652745 0.9173769165707207 0.8420493557301619 0.9407993059299731 0.8374227109184578 0.93494370859016 0.840892694527236 0.916075672717429 0.8593992737740527 0.9056657218910945 0.8686525633974611
2 0.8796408448252583 0.8547726289623483 0.8985088806979895 0.8478326617447921 0.9076175876710322 0.8351093885126056 0.9297387331769928 0.8327960661067535 0.9160756727174288 0.8397360333243098 0.9011113684045731 0.8559292901652745 0.8861470640917174 0.8628692573828308 0.8822433325318421 0.8848458202384256
2 0.47340625000000003 0.8952314814814815 0.019281250000000003 0.07295370370370372
2 0.5255677083333333 0.8534814814814815 0.028677083333333336 0.05800925925925926
2 0.4501666666666667 0.842925925925926 0.018291666666666664 0.03515740740740741
1 0.6674635416666667 0.8605092592592593 0.023734375 0.049222222222222216
2 0.22644270833333333 0.8407314814814815 0.0168125 0.02900925925925926
1 0.24174527360190795 0.8212502062403402 0.27778729621164694 0.8071850266853201 0.2817431279614963 0.8376595823878635 0.27207331701742005 0.8415665767087026 0.25932674804568306 0.8439107733012058 0.24877786337941796 0.8634457449054004 0.23866851557424731 0.8657899414979038 0.2404266630186248 0.8196874085120047
1 0.6260761625390233 0.7841908002412235 0.6437782583061396 0.7803372827953206 0.6437782583061396 0.7719879949958646 0.7525197037327095 0.7655654659193597 0.7539647727749231 0.7957513525789317 0.7315662026206129 0.7963936054865822 0.7308436680995062 0.8169456985313974 0.6296888351445572 0.8272217450538049 0.6264374297995767 0.7874020647794758
2 0.5716741968673836 0.8552988233781179 0.5723165274256615 0.8804210852129893 0.579382163566719 0.8821339667017305 0.6082870386892272 0.8849887691829659 0.6092505345266442 0.8547278628818707 0.6021848983855865 0.8415957714681882 0.580024494124997 0.840453850475694 0.5771340066127463 0.8535859418893766 0.5719953621465225 0.8552988233781179
1 0.5642873954471871 0.8313184825357407 0.5813091552415529 0.831889443031988 0.5822726510789699 0.8393119294831999 0.5768128413336073 0.8513020999043884 0.5713530315882447 0.8535859418893766 0.5713530315882447 0.8758534012430127 0.56332389960977 0.8747114802505185 0.5613969079349362 0.8672889937993066
2 0.5613969079349362 0.8261798380695171 0.5790609982875802 0.8261798380695171 0.5790609982875802 0.8307475220394936 0.5633238996097701 0.8313184825357407 0.5610757426557972 0.8695728357842948 0.5562582634687125 0.8615793888368357 0.5565794287478515 0.8444505739494235
2 0.5181979166666667 0.8161851851851852 0.010598958333333333 0.01199074074074074
1 0.6352649221369016 0.8284636800545054 0.6477903680233216 0.8296056010469997 0.6513231860938505 0.8695728357842948 0.6420093929988201 0.871285717273036 0.6397612360448472 0.8438796134531764 0.6352649221369016 0.8415957714681882 0.6346225915786234 0.8330313640244821 0.6346225915786234 0.8301765615432466
1 0.6522866819312674 0.8301765615432467 0.6648121278176876 0.8296056010469997 0.6677026153299385 0.8341732850169763 0.6571041611183522 0.8353152060094704 0.6551771694435183 0.8627213098293299 0.6497173596981557 0.8575826653631062
2 0.5631614583333333 0.7999166666666666 0.008671874999999999 0.01599074074074074
1 0.6100520833333333 0.8296018518518519 0.03950520833333333 0.08792592592592592
1 0.5027864583333334 0.7922037037037037 0.0138125 0.025694444444444443
