2 0.473046875 0.8741203703703704 0.015984375000000002 0.06495370370370371
2 0.5952083333333333 0.8558518518518519 0.038057291666666666 0.05006481481481481
1 0.6812916666666666 0.8570462962962964 0.021390625 0.04848148148148148
2 0.5188020833333333 0.8447777777777777 0.023276041666666667 0.04569444444444445
1 0.6456875 0.8467314814814815 0.019192708333333332 0.03486111111111111
2 0.662796875 0.8430185185185185 0.014187499999999999 0.03337962962962963
1 0.6538239843486152 0.779229492230839 0.6561188356019128 0.7740371015163071 0.6686362060744454 0.7736662164652691 0.670722434486534 0.766990285546585 0.779623557597567 0.7603143546279011 0.7817097860096557 0.791097813864055 0.7341437782140322 0.7899851587109411 0.7343524010552411 0.8166888823856773 0.6527808701425708 0.8229939282533232
1 0.5676627509293496 0.8270736638147411 0.5847698239084774 0.8259610086616271 0.5853956924321041 0.8344913648355012 0.5812232356079267 0.8378293302948432 0.5789283843546289 0.8485849967749453 0.5762162874189135 0.8593406632550473 0.5760076645777047 0.8697254446841113 0.5668282595645142 0.8700963297351492
2 0.5678697916666666 0.7988888888888889 0.008760416666666666 0.015574074074074074
1 0.6130364583333333 0.8255925925925925 0.03984895833333334 0.08752777777777777
1 0.24617495262647285 0.8155762272325632 0.2837270640440704 0.8029661354972711 0.287690898027039 0.8367166751417292 0.27934598437868396 0.8389419854479572 0.2624475342407651 0.8404255256521092 0.25139052365669473 0.8571153529488191 0.24179387296108645 0.8593406632550471
2 0.5646598259418464 0.8233741282148273 0.5812926844648828 0.8233741282148273 0.5831788849159488 0.824898330599527 0.5668889719294697 0.8267273734611666 0.5662030808563548 0.868795359278881 0.5617447888811081 0.8675759973711211 0.5600300611983208 0.8590404640168023 0.5593441701252059 0.838616152061825
2 0.5217916666666667 0.8143796296296296 0.010630208333333334 0.014935185185185185
1 0.538939600494945 0.798429037770289 0.5490284456732923 0.7978504660037887 0.5490284456732923 0.8020933256247902 0.5424110310939463 0.8036361836687909 0.5405668335882268 0.8221504801967975 0.5373123674016631 0.8213790511747971
1 0.5302239583333334 0.7836759259259259 0.013765625 0.022055555555555557
2 0.5668541666666667 0.7796018518518518 0.004078125 0.01087962962962963
1 0.50671875 0.7878240740740741 0.014296874999999999 0.02264814814814815
