1 0.6216614583333333 0.8290000000000001 0.017645833333333336 0.03992592592592592
2 0.8762083333333333 0.8375555555555555 0.04438541666666666 0.049435185185185186
2 0.8845 0.8437407407407408 0.05240625 0.052287037037037035
2 0.918234375 0.8520925925925926 0.08390625 0.06332407407407407
2 0.9712708333333333 0.8661666666666668 0.05699479166666667 0.07176851851851852
2 0.7642708333333333 0.922175925925926 0.16702604166666665 0.15564814814814815
2 0.6946145833333334 0.9320277777777778 0.2794270833333333 0.13594444444444445
2 0.9950156250000001 0.8767222222222222 0.007916666666666666 0.042222222222222223
2 0.44051562499999997 0.8492777777777778 0.053036458333333335 0.08302777777777778
1 0.237078125 0.8225370370370371 0.04036979166666667 0.046435185185185184
2 0.204625 0.8267592592592592 0.016625 0.03237037037037037
1 0.48880208333333336 0.799324074074074 0.051453125 0.11821296296296296
2 0.6411822916666666 0.8408888888888889 0.03208333333333333 0.038981481481481485
1 0.5879739583333333 0.7966759259259258 0.04224479166666666 0.05894444444444444
2 0.5930520833333334 0.846111111111111 0.041713541666666666 0.05133333333333333
1 0.5543802083333333 0.7852314814814815 0.007125 0.011083333333333334
2 0.540125 0.7788981481481482 0.0095 0.012138888888888888
