2 0.9342447916666666 0.9010462962962963 0.12760416666666666 0.07060185185185185
2 0.446125 0.874712962962963 0.03353125 0.05150925925925926
2 0.4786770833333333 0.8764444444444444 0.027020833333333334 0.044564814814814814
2 0.4957708333333333 0.8532962962962962 0.012369791666666666 0.021416666666666667
1 0.49609375 0.8214722222222223 0.020182291666666668 0.03414814814814815
2 0.5112291666666666 0.8509814814814814 0.015953125 0.024888888888888887
2 0.5634791666666668 0.8776018518518518 0.03515625 0.054981481481481485
2 0.5353177083333333 0.8466481481481481 0.015953125 0.02546296296296296
1 0.559734375 0.8203148148148148 0.028322916666666666 0.07118518518518518
1 0.6002604166666666 0.862287037037037 0.055989583333333336 0.10188888888888889
1 0.6754583333333334 0.8796296296296297 0.022135416666666668 0.05092592592592592
1 0.6354166666666666 0.8802129629629629 0.018880208333333332 0.04861111111111111
2 0.6481145833333334 0.8935185185185185 0.013671875 0.02199074074074074
2 0.6372083333333334 0.8446203703703704 0.03808854166666666 0.035305555555555555
1 0.7517916666666667 0.8240740740740741 0.13378645833333333 0.08449074074074074
