2 0.9931249999999999 0.9527685185185185 0.01375 0.09074074074074075
2 0.9985953330319445 0.8591011603770289 0.9862466685674111 0.8752001599752355 0.9878931571626821 0.8986168866635361 0.9985953330319445 0.9000804320815549 0.9977720887343089 0.8620282512130665 1 0.8547105241229724
2 0.9692500000000001 0.8686111111111111 0.0615 0.0658611111111111
2 0.9187395833333334 0.85325 0.08561979166666665 0.06147222222222222
2 0.8829270833333334 0.8519166666666668 0.05957291666666666 0.05655555555555555
2 0.5662552083333333 0.8411203703703704 0.032390625 0.041129629629629634
2 0.42963541666666666 0.82625 0.019911458333333333 0.03206481481481482
2 0.4523645833333333 0.8239074074074074 0.01728125 0.024712962962962964
2 0.6485885416666667 0.7968240740740741 0.03685416666666667 0.026462962962962962
1 0.5660937500000001 0.787712962962963 0.1154375 0.06291666666666666
2 0.49605208333333334 0.8059351851851851 0.024651041666666665 0.023
2 0.44065104166666663 0.805074074074074 0.026604166666666665 0.012583333333333334
1 0.4764583333333333 0.8066203703703704 0.011692708333333333 0.021944444444444444
1 0.47986979166666666 0.7725555555555556 0.013317708333333334 0.023092592592592595
1 0.61709375 0.8343333333333334 0.018838541666666667 0.03925925925925926
2 0.5017916666666667 0.7901666666666667 0.009744791666666667 0.009814814814814814
1 0.5029322916666666 0.7682222222222221 0.011369791666666665 0.015592592592592592
1 0.23481770833333335 0.8164351851851852 0.045468749999999995 0.05658333333333333
1 0.19925520833333332 0.8248148148148148 0.018510416666666665 0.032907407407407406
1 0.5846145833333334 0.8135555555555556 0.038322916666666665 0.08314814814814815
2 0.69215625 0.7950277777777778 0.0239375 0.01838888888888889
2 0.6790729166666666 0.7879999999999999 0.019270833333333334 0.012981481481481481
