2 0.4510416666666667 0.8925925925925926 0.4510416666666667 0.9814814814814815 0.465625 0.9833333333333333 0.46770833333333334 0.8925925925925926
2 0.9669282825040727 0.8901664617718855 1 0.8769342576104117 0.9987306822785241 0.9310660019073507 0.9696348697189195 0.9214425806990059 0.9615151080743786 0.9154279424437904
2 0.904000129758881 0.8757313299593684 0.9155031254219804 0.8649049810999806 0.9297127082999271 0.8516727769385067 0.9642216952892257 0.8468610663343342 0.9919642142414069 0.8588903428447652 0.9919642142414069 0.8805430405635407 0.95813187405582 0.8997898829802303 0.9060300701700164 0.910616231839618 0.8965570149180518 0.9033986659333594
2 0.881825502509968 0.8736852091440314 0.9016117630271716 0.8651289883798352 0.9144460941734658 0.8489672380474647 0.941184284061579 0.8461151644593993 0.9256761339264734 0.8556220764196172 0.9144460941734659 0.870833135555966 0.8989379440383604 0.8917483418684455 0.8834297939032548 0.8946004154565109
2 0.8786169197233943 0.8613262235957481 0.8978684164428359 0.8584741500076826 0.9048203458137452 0.8432630908713339 0.9427885754548657 0.8442137820673556 0.912841802780179 0.8499179292434864 0.8887774318808773 0.8717838267519877 0.8802212111166813 0.8898469594764019 0.8743388093412963 0.8860441946923147
1 0.6087400075573873 0.7914193741703855 0.6087400075573873 0.7784863216668105 0.7117611576413091 0.7759831502145056 0.7131691915832306 0.8231262125662471 0.6573171785536785 0.8310529221652124 0.6535624213752212 0.8097759648206212 0.6460529070183066 0.8035180361898591
2 0.44822395833333334 0.8454444444444444 0.017364583333333336 0.033796296296296297
2 0.49140625 0.831675925925926 0.028161458333333333 0.017935185185185186
2 0.51628125 0.8241666666666667 0.010796875000000001 0.01877777777777778
1 0.501140625 0.7943425925925925 0.012437499999999999 0.02336111111111111
2 0.5219114583333334 0.8093611111111111 0.008916666666666666 0.009175925925925926
1 0.24001244395880325 0.8213947327643621 0.27895626202619284 0.8101066695564233 0.2810727738776814 0.8439708591802403 0.27345333121232257 0.846228471821828 0.23577942025582616 0.8657944480489224 0.24001244395880328 0.8206421952171662
2 0.21757741833302452 0.8292963770099195 0.23112309418255128 0.8277913019155276 0.23323960603403987 0.8548826536145813 0.21482595292608936 0.8593978788977569 0.21736576714787562 0.8296726457835174
