1 0.25390625 0.8206018518518519 0.041666666666666664 0.034722222222222224
2 0.22591145833333334 0.8298611111111112 0.016927083333333332 0.034722222222222224
1 0.8033854166666666 0.6307870370370371 0.3932291666666667 0.7245370370370371
2 0.5065104166666666 0.8784722222222222 0.059895833333333336 0.1412037037037037
2 0.556640625 0.8634259259259259 0.06380208333333333 0.10648148148148148
2 0.58984375 0.8425925925925926 0.026041666666666668 0.046296296296296294
2 0.5982447916666668 0.8498518518518519 0.013598958333333333 0.04724074074074074
2 0.4496145833333333 0.8311759259259259 0.020395833333333332 0.034055555555555554
1 0.4990520833333333 0.7916203703703704 0.01915625 0.036259259259259255
1 0.6004114583333333 0.7971111111111111 0.0278125 0.05603703703703704
1 0.5741875000000001 0.8228888888888889 0.014 0.025694444444444443
1 0.5254166666666666 0.7755185185185185 0.012192708333333333 0.022481481481481484
