2 0.92578125 0.8657407407407407 0.1484375 0.1111111111111111
2 0.5899895833333333 0.8626574074074074 0.05150520833333334 0.05658333333333333
1 0.6620364583333332 0.8482500000000001 0.02314583333333333 0.052472222222222226
1 0.6296302083333334 0.8467037037037037 0.027776041666666664 0.04526851851851852
1 0.5572916666666666 0.8477407407407407 0.03240625 0.059666666666666666
2 0.5112864583333333 0.835388888888889 0.01678125 0.018518518518518517
2 0.47685416666666663 0.843111111111111 0.011572916666666665 0.01749074074074074
2 0.4774322916666666 0.8209907407407407 0.0335625 0.028805555555555556
2 0.5298020833333333 0.8173888888888888 0.015625 0.023666666666666666
2 0.5031822916666667 0.8168703703703704 0.009838541666666667 0.02262962962962963
1 0.49073958333333334 0.7875555555555555 0.018520833333333334 0.04012037037037037
1 0.5141770833333333 0.781888888888889 0.015625 0.03086111111111111
1 0.546296875 0.7746944444444444 0.015046875 0.03292592592592593
1 0.5960625 0.8199629629629629 0.048609374999999996 0.07818518518518518
2 0.5584479166666667 0.7834351851851852 0.010416666666666666 0.015435185185185187
2 0.439234375 0.840537037037037 0.025463541666666666 0.04937962962962963
2 0.44328645833333336 0.8240740740740741 0.04051041666666667 0.04321296296296297
2 0.5546875 0.8132685185185186 0.008682291666666668 0.009259259259259259
