1 0.671875 0.8854166666666666 0.0234375 0.05092592592592592
1 0.63671875 0.8807870370370371 0.022135416666666668 0.06018518518518518
2 0.40722916666666664 0.8975648148148149 0.07486979166666667 0.09375
2 0.44629166666666664 0.8755740740740741 0.035807291666666664 0.06597222222222222
2 0.5625 0.8854166666666666 0.033854166666666664 0.05092592592592592
2 0.5013020833333334 0.8605277777777778 0.036458333333333336 0.03356481481481482
2 0.5361354166666668 0.8541666666666666 0.031901041666666664 0.034722222222222224
1 0.5625 0.8258055555555556 0.032552083333333336 0.04976851851851852
1 0.6031927083333334 0.8628425925925925 0.052734375 0.11458333333333333
2 0.9348958333333334 0.8912037037037037 0.13020833333333334 0.08796296296296297
