2 0.9427083333333334 0.8842592592592593 0.11458333333333333 0.08333333333333333
2 0.4051354166666667 0.8849166666666667 0.07663541666666666 0.08730555555555557
2 0.4613072916666667 0.8670648148148148 0.029760416666666668 0.04894444444444444
1 0.5892864583333334 0.8796296296296297 0.029760416666666668 0.05555555555555555
1 0.6517864583333334 0.8743425925925925 0.023807291666666668 0.042324074074074076
1 0.6142135416666666 0.8525092592592592 0.055802083333333335 0.09656481481481483
1 0.5673385416666666 0.8108425925925926 0.017114583333333332 0.042324074074074076
1 0.5085572916666666 0.8121666666666667 0.023067708333333332 0.03438888888888889
1 0.5357135416666666 0.8101851851851852 0.016369791666666668 0.02512962962962963
2 0.6610885416666666 0.8412685185185186 0.029015625 0.03175
2 0.5238072916666667 0.8425925925925926 0.014880208333333334 0.026453703703703705
2 0.7139114583333334 0.8346574074074073 0.040921874999999996 0.039685185185185184
2 0.4765625 0.8545 0.030505208333333332 0.03175
1 0.6830364583333334 0.8756574074074075 0.01934375 0.044972222222222226
