2 0.4500572916666667 0.8564537037037038 0.025057291666666665 0.034583333333333334
2 0.4882447916666666 0.8406388888888888 0.036046875 0.021324074074074075
1 0.5589166666666666 0.8639259259259259 0.021697916666666664 0.03784259259259259
1 0.6047083333333333 0.8448611111111112 0.0481875 0.09401851851851853
2 0.6288750000000001 0.8844444444444445 0.06574479166666666 0.07969444444444444
1 0.6677812500000001 0.8655833333333334 0.025593750000000002 0.042379629629629635
2 0.6800729166666667 0.8326203703703704 0.03534375 0.023
2 0.93975 0.8854166666666666 0.08930729166666666 0.058472222222222224
2 0.9120104166666666 0.8822037037037037 0.0765 0.05380555555555556
1 0.5188489583333333 0.804537037037037 0.012223958333333333 0.030638888888888893
2 0.5534427083333333 0.8000185185185185 0.0066927083333333335 0.013101851851851852
2 0.45137499999999997 0.8356759259259259 0.0314375 0.02876851851851852
