2 0.464140625 0.8928055555555555 0.030046874999999997 0.04914814814814815
2 0.44150520833333334 0.8871111111111112 0.034453125 0.04772222222222222
1 0.47856770833333334 0.8668055555555555 0.06610416666666667 0.04986111111111111
1 0.4907864583333333 0.8287037037037037 0.017630208333333335 0.030629629629629628
1 0.512421875 0.8294166666666667 0.016828125000000003 0.03205555555555555
1 0.5540885416666667 0.8322685185185186 0.02323958333333333 0.05199074074074074
1 0.5953541666666666 0.8725092592592593 0.048078125 0.09401851851851853
1 0.6915052083333334 0.8290555555555555 0.14422916666666669 0.07407407407407407
2 0.6380208333333334 0.8603981481481482 0.036458333333333336 0.02849074074074074
1 0.6288072916666666 0.8967222222222223 0.021234375000000003 0.052703703703703704
1 0.6606562500000001 0.8949444444444444 0.01922916666666667 0.04772222222222222
2 0.529046875 0.8628888888888888 0.015625 0.029203703703703704
2 0.506609375 0.86325 0.01642708333333333 0.02563888888888889
1 0.5564895833333333 0.888537037037037 0.03285416666666666 0.06338888888888888
2 0.9292864583333333 0.9002870370370369 0.14142708333333334 0.09828703703703705
