2 0.9388020833333334 0.8668981481481481 0.12239583333333333 0.08564814814814815
1 0.6767135416666666 0.8564814814814815 0.03199479166666667 0.051583333333333335
1 0.6454635416666666 0.858462962962963 0.023067708333333332 0.05026851851851852
2 0.5736614583333334 0.8571388888888889 0.032739583333333336 0.05555555555555555
2 0.49144270833333337 0.8505277777777778 0.037947916666666665 0.06084259259259259
2 0.45609895833333336 0.8492037037037037 0.028276041666666665 0.044972222222222226
1 0.6124114583333333 0.8398888888888889 0.057291666666666664 0.09645370370370371
1 0.5355885416666666 0.8167407407407408 0.057291666666666664 0.04398148148148148
1 0.623265625 0.8024722222222221 0.09375 0.052472222222222226
2 0.5733489583333333 0.7962962962962963 0.012151041666666666 0.023148148148148147
2 0.5013020833333334 0.8198333333333333 0.013890625 0.02700925925925926
