2 0.9401041666666666 0.8923611111111112 0.11979166666666667 0.08564814814814815
2 0.7018229166666666 0.9149351851851851 0.0234375 0.028935185185185185
2 0.566734375 0.8825277777777778 0.034505208333333336 0.05439814814814815
2 0.467125 0.8941018518518519 0.054036458333333336 0.0798611111111111
2 0.515953125 0.8530092592592593 0.024088541666666668 0.03009259259259259
2 0.4768854166666667 0.8587962962962963 0.037109375 0.032407407407407406
2 0.5016302083333334 0.8570648148148148 0.022786458333333332 0.02662037037037037
1 0.501953125 0.8240740740740741 0.022135416666666668 0.03935185185185185
1 0.5673854166666668 0.8223425925925926 0.037109375 0.03125
1 0.6064479166666668 0.8570648148148148 0.042317708333333336 0.09606481481481481
1 0.6744791666666666 0.8813703703703704 0.032552083333333336 0.047453703703703706
1 0.6419270833333334 0.8842592592592593 0.01953125 0.05324074074074074
