2 0.5551614583333334 0.919611111111111 0.036458333333333336 0.07828703703703703
2 0.48603124999999997 0.8623703703703703 0.011838541666666667 0.024407407407407405
2 0.5106510416666666 0.8425925925925926 0.03551041666666667 0.037037037037037035
2 0.47585416666666663 0.8446944444444444 0.02841145833333333 0.046296296296296294
2 0.442234375 0.8581666666666667 0.026515624999999998 0.04798148148148148
2 0.45146875000000003 0.83375 0.03551041666666667 0.031148148148148147
2 0.5838072916666667 0.8758425925925926 0.038828125 0.05976851851851851
1 0.659328125 0.8653240740740741 0.026989583333333334 0.04713888888888888
1 0.631390625 0.8640555555555555 0.01846354166666667 0.05134259259259259
1 0.5991927083333334 0.8425925925925926 0.049713541666666666 0.09763888888888889
1 0.5518489583333334 0.7878796296296297 0.013729166666666666 0.03535185185185185
2 0.5615520833333334 0.8017685185185185 0.008520833333333333 0.017675925925925925
2 0.5589479166666667 0.8148148148148148 0.007104166666666667 0.010101851851851851
1 0.493609375 0.8017685185185185 0.021307291666666665 0.03450925925925926
1 0.5130208333333334 0.8005092592592592 0.015625 0.02862037037037037
1 0.856296875 0.9128796296296297 0.06865625 0.11026851851851852
2 0.9322916666666666 0.8813148148148149 0.13541666666666666 0.08754629629629629
