2 0.9662395833333334 0.8781296296296296 0.067515625 0.05065740740740741
2 0.9140625 0.937962962962963 0.16145833333333334 0.12037037037037036
2 0.7791666666666667 0.9055555555555556 0.0625 0.06296296296296296
1 0.42291666666666666 0.8666666666666667 0.04375 0.12222222222222222
2 0.46145833333333336 0.8601851851851852 0.041666666666666664 0.07962962962962963
1 0.2734375 0.8351851851851851 0.057291666666666664 0.05185185185185185
2 0.2375 0.8416666666666667 0.01875 0.03888888888888889
2 0.9914531249999999 0.9133055555555556 0.015041666666666667 0.047842592592592596
2 0.6474166666666666 0.8738518518518519 0.06896354166666667 0.09132407407407407
2 0.5124270833333333 0.853287037037037 0.010057291666666666 0.035759259259259255
1 0.5135729166666666 0.8175277777777777 0.025140625000000003 0.060138888888888895
2 0.54396875 0.8329722222222222 0.019197916666666665 0.0195
2 0.5969947916666667 0.8699444444444444 0.02468229166666667 0.04307407407407408
2 0.6104791666666666 0.8760462962962963 0.010515625 0.05200925925925926
2 0.6973333333333334 0.887824074074074 0.03336979166666666 0.060953703703703704
2 0.7019062500000001 0.865074074074074 0.030625 0.04632407407407407
1 0.6205364583333334 0.8211851851851851 0.04251041666666667 0.056074074074074075
1 0.6568802083333334 0.8228148148148148 0.029255208333333334 0.026814814814814816
2 0.9334375 0.8675092592592593 0.05119791666666666 0.030064814814814815
2 0.914921875 0.863037037037037 0.04616666666666667 0.02762962962962963
1 0.5372135416666667 0.8018888888888889 0.014244791666666668 0.022851851851851852
