1 0.6028125000000001 0.7974074074074075 0.038031249999999996 0.03972222222222222
1 0.5627864583333333 0.8845925925925926 0.13142708333333333 0.23082407407407407
1 0.252765625 0.8299074074074073 0.04619270833333333 0.0427962962962963
2 0.399484375 0.8553518518518518 0.039036458333333336 0.09368518518518519
2 0.655828125 0.8709629629629629 0.059859375000000006 0.06939814814814815
2 0.21795833333333334 0.8391574074074074 0.011713541666666666 0.03586111111111111
1 0.7104791666666667 0.8466759259259259 0.053348958333333335 0.06708333333333334
2 0.9798333333333333 0.8744351851851851 0.04033333333333333 0.07171296296296296
2 0.9713802083333333 0.8698055555555555 0.04944791666666667 0.062462962962962956
2 0.9388489583333333 0.8582407407407407 0.08588020833333333 0.060148148148148145
2 0.9027395833333334 0.8541944444444444 0.05660416666666667 0.04974074074074074
2 0.8910260416666667 0.8513055555555555 0.040989583333333336 0.04858333333333333
2 0.6681770833333334 0.8088148148148148 0.034703124999999994 0.023666666666666666
2 0.6655625000000001 0.8295277777777778 0.01996875 0.02112962962962963
