1 0.14208333333333334 0.9412407407407407 0.2841666666666667 0.11751851851851852
2 0.38742708333333337 0.870925925925926 0.026312500000000003 0.03702777777777778
2 0.4096041666666667 0.8472592592592593 0.014260416666666666 0.019777777777777776
2 0.3962395833333333 0.8300462962962963 0.014036458333333333 0.017453703703703704
1 0.41121874999999997 0.8253148148148148 0.007895833333333333 0.01801851851851852
2 0.5075104166666666 0.8820277777777779 0.03988020833333333 0.05675
2 0.6125 0.9221296296296296 0.156875 0.15574074074074074
2 0.7841354166666666 0.918787037037037 0.10181770833333334 0.10210185185185185
2 0.9585364583333333 0.9427962962962964 0.08293229166666666 0.11441666666666667
2 0.7033541666666667 0.8915740740740741 0.07679166666666666 0.08355555555555555
