2 0.8991510416666666 0.8720277777777777 0.051770833333333335 0.04789814814814815
2 0.9091875 0.8776666666666667 0.062338541666666664 0.05540740740740741
1 0.2521145833333333 0.8248425925925926 0.04554166666666667 0.047712962962962964
2 0.22202604166666667 0.8327962962962963 0.017890625 0.03180555555555556
2 0.5176510416666666 0.8855648148148147 0.06749999999999999 0.09975925925925926
2 0.4481145833333333 0.8465277777777778 0.039036458333333336 0.0708425925925926
2 0.98121875 0.9072592592592593 0.036598958333333334 0.059277777777777776
2 0.9442135416666667 0.8841203703703704 0.08458333333333333 0.06216666666666667
2 0.7760572916666667 0.9063055555555555 0.08346875 0.08828703703703702
2 0.7150416666666667 0.8720277777777777 0.04490625 0.05728703703703703
2 0.666171875 0.8696851851851852 0.011619791666666665 0.03944444444444445
2 0.582703125 0.863111111111111 0.029583333333333333 0.04508333333333333
2 0.5924791666666667 0.8767222222222222 0.010036458333333333 0.040388888888888884
1 0.6026822916666668 0.8161018518518518 0.042166666666666665 0.05566666666666666
2 0.5674010416666667 0.8461666666666667 0.013359375 0.034138888888888885
2 0.515421875 0.82575 0.012942708333333334 0.020037037037037037
1 0.49484895833333337 0.8101759259259259 0.020588541666666668 0.05246296296296296
1 0.522078125 0.7920740740740742 0.013036458333333334 0.01900925925925926
