1 0.14091666666666666 0.9410925925925926 0.28183854166666666 0.11782407407407407
2 0.35916145833333335 0.914888888888889 0.08619270833333334 0.12340740740740741
1 0.39375 0.8297777777777777 0.0077083333333333335 0.01963888888888889
2 0.41423437500000004 0.8293611111111111 0.010947916666666667 0.01490740740740741
2 0.4294010416666667 0.8332685185185185 0.014656250000000001 0.018833333333333334
2 0.41253124999999996 0.7981666666666667 0.007932291666666667 0.013037037037037038
1 0.4240625 0.7939259259259259 0.009932291666666667 0.020888888888888887
1 0.435765625 0.8138148148148148 0.016114583333333335 0.02501851851851852
2 0.4682760416666667 0.8831296296296296 0.065578125 0.08037962962962963
2 0.6087395833333333 0.8782407407407408 0.05025 0.07703703703703704
2 0.7791927083333333 0.8937685185185185 0.09874479166666666 0.09469444444444444
2 0.9401666666666666 0.9171296296296296 0.11966666666666666 0.13198148148148148
