1 0.15 0.9333333333333333 0.29375 0.13333333333333333
2 0.3914270833333333 0.8486481481481482 0.023890625 0.03676851851851852
2 0.5193645833333334 0.866175925925926 0.03959895833333334 0.0495925925925926
2 0.564015625 0.8718703703703704 0.04649479166666667 0.06441666666666666
2 0.658046875 0.8892592592592592 0.07904166666666666 0.0895
2 0.61075 0.8693055555555556 0.042484375 0.052444444444444446
2 0.794 0.9022314814814815 0.09827604166666666 0.09833333333333334
2 0.9652239583333333 0.9184074074074075 0.054031249999999996 0.16318518518518518
1 0.431109375 0.8194259259259259 0.04873958333333333 0.12426851851851853
2 0.8998333333333334 0.9015185185185185 0.02805208333333333 0.1372685185185185
