1 0.14958854166666666 0.9464259259259259 0.29177083333333337 0.10713888888888888
2 0.3575052083333333 0.8994814814814815 0.05309375 0.08275
2 0.42209375 0.8649722222222221 0.020880208333333334 0.03283333333333333
1 0.40846875 0.8426018518518519 0.006864583333333333 0.020462962962962964
2 0.4286041666666666 0.8413703703703703 0.011614583333333334 0.01723148148148148
2 0.511125 0.8764259259259259 0.02861979166666667 0.05466666666666667
1 0.44994791666666667 0.8297037037037037 0.016791666666666667 0.03295370370370371
2 0.565359375 0.8835833333333333 0.04193229166666667 0.067
2 0.6211822916666667 0.8898703703703703 0.06051041666666667 0.07726851851851853
2 0.7136197916666667 0.8852962962962962 0.07708854166666666 0.09212037037037037
2 0.7952395833333333 0.9061574074074074 0.09904166666666667 0.09612962962962962
2 0.9457395833333333 0.9254722222222223 0.09143229166666668 0.1368425925925926
