1 0.15059375 0.9448796296296297 0.3011875 0.11024074074074074
1 0.4115572916666667 0.8361944444444445 0.008895833333333332 0.020287037037037037
2 0.42296875 0.8324537037037036 0.003953125 0.02178703703703704
2 0.4310833333333333 0.8364999999999999 0.011786458333333333 0.018222222222222223
1 0.45237499999999997 0.825462962962963 0.016354166666666666 0.029740740740740738
2 0.5430260416666666 0.875712962962963 0.04030729166666667 0.058750000000000004
2 0.6149427083333333 0.887925925925926 0.059541666666666666 0.07185185185185185
2 0.7169895833333333 0.8858240740740742 0.07771875 0.09264814814814815
2 0.7981666666666667 0.9048796296296296 0.09964583333333334 0.09793518518518518
2 0.9672031249999999 0.9321203703703704 0.06559895833333333 0.1357685185185185
