1 0.42678125 0.8579351851851852 0.07207812499999999 0.08887962962962963
2 0.5301979166666667 0.8623796296296297 0.016677083333333335 0.07491666666666666
2 0.501703125 0.8200648148148147 0.010182291666666668 0.01690740740740741
1 0.5255364583333333 0.8154537037037037 0.011119791666666667 0.016833333333333332
1 0.5305364583333333 0.781888888888889 0.012546875 0.028962962962962965
1 0.5435052083333333 0.8447407407407408 0.008046875 0.04033333333333333
2 0.64696875 0.8745185185185186 0.016666666666666666 0.07703703703703704
1 0.6766041666666667 0.8400277777777778 0.061989583333333334 0.11388888888888889
2 0.9201510416666667 0.9007592592592593 0.09405729166666667 0.08316666666666667
2 0.818890625 0.892 0.06463541666666667 0.07071296296296296
