1 0.4984375 0.8555555555555555 0.07604166666666666 0.16666666666666666
1 0.2546875 0.8185185185185185 0.042708333333333334 0.05185185185185185
2 0.21927083333333333 0.8268518518518518 0.017708333333333333 0.03888888888888889
2 0.6614583333333334 0.8611111111111112 0.06458333333333334 0.07407407407407407
2 0.98109375 0.866712962962963 0.037807291666666666 0.06375925925925927
2 0.9412135416666667 0.8504722222222222 0.086609375 0.06255555555555556
2 0.9056927083333334 0.8438518518518519 0.061572916666666665 0.051722222222222225
2 0.8968958333333333 0.8324259259259259 0.0466875 0.033685185185185186
1 0.7693489583333334 0.8480648148148148 0.07307812500000001 0.0817962962962963
2 0.67225 0.816787037037037 0.023682291666666667 0.021648148148148146
2 0.6298437499999999 0.8418981481481481 0.06284375 0.07415740740740741
2 0.5822916666666667 0.8409074074074073 0.028921875 0.04251851851851852
1 0.6034270833333333 0.791962962962963 0.04449479166666667 0.05537037037037037
2 0.7213333333333334 0.7949259259259259 0.013348958333333332 0.025703703703703704
2 0.5926979166666667 0.849962962962963 0.00771875 0.04262037037037037
2 0.5364166666666667 0.8044444444444444 0.013005208333333332 0.01662037037037037
