2 0.4190989583333333 0.8262314814814815 0.04375 0.030250000000000003
2 0.5149322916666667 0.8617314814814815 0.036807291666666665 0.05432407407407407
2 0.49114583333333334 0.8268518518518518 0.010067708333333333 0.030250000000000003
2 0.459375 0.8228425925925925 0.032640625 0.022222222222222223
2 0.43680729166666665 0.8064814814814815 0.013890625 0.011731481481481482
2 0.434546875 0.8234537037037037 0.028125 0.025925925925925925
2 0.41597395833333334 0.8083333333333333 0.009723958333333334 0.020370370370370372
2 0.43298437500000003 0.7833333333333333 0.00625 0.011111111111111112
2 0.454859375 0.7765462962962962 0.00625 0.009879629629629629
2 0.3746510416666667 0.825925925925926 0.024307291666666668 0.018518518518518517
2 0.4878489583333333 0.8197500000000001 0.013890625 0.016046296296296295
2 0.172046875 0.8493796296296297 0.052432291666666665 0.040740740740740744
2 0.23819270833333334 0.8308611111111112 0.041666666666666664 0.035805555555555556
2 0.2746510416666667 0.8466018518518519 0.03125 0.04382407407407407
2 0.917359375 0.9101851851851852 0.16527604166666665 0.13395370370370369
2 0.6744791666666666 0.8845648148148149 0.09270833333333334 0.08271296296296296
1 0.15299479166666666 0.9131944444444444 0.3059895833333333 0.1736111111111111
1 0.44299999999999995 0.7721203703703704 0.019098958333333336 0.019546296296296294
1 0.475984375 0.8384814814814814 0.0179375 0.037037037037037035
1 0.5717604166666667 0.8400185185185185 0.05323958333333333 0.09567592592592593
1 0.48032291666666665 0.7834351851851852 0.019677083333333335 0.046296296296296294
1 0.5037604166666667 0.8127592592592592 0.01678125 0.07407407407407407
1 0.5283541666666667 0.8071018518518518 0.045140625000000004 0.07715740740740741
1 0.5703125 0.7834351851851852 0.05034895833333333 0.03600925925925926
1 0.45543750000000005 0.7973240740740741 0.013890625 0.020574074074074074
2 0.36689583333333337 0.8497962962962963 0.015046875 0.04526851851851852
1 0.5424114583333334 0.8525092592592592 0.007442708333333333 0.04894444444444444
