1 0.17149479166666665 0.9352962962962963 0.33875 0.12939814814814815
2 0.426765625 0.9120925925925926 0.07654166666666667 0.12616666666666665
1 0.4490989583333333 0.825212962962963 0.008744791666666666 0.02049074074074074
2 0.45973958333333337 0.8253333333333334 0.006494791666666667 0.02209259259259259
2 0.469125 0.8233888888888888 0.011380208333333334 0.019574074074074074
1 0.48946354166666667 0.8128055555555556 0.019302083333333334 0.02862962962962963
2 0.636140625 0.8663055555555556 0.04670833333333334 0.0582962962962963
2 0.6845572916666666 0.8674351851851853 0.04973958333333333 0.05742592592592593
1 0.738203125 0.870074074074074 0.057651041666666666 0.09242592592592593
1 0.822921875 0.8389814814814816 0.15272395833333335 0.13447222222222222
2 0.9479843750000001 0.8856481481481482 0.10402604166666667 0.1373425925925926
