1 0.18684895833333334 0.8958333333333334 0.30078125 0.20833333333333334
1 0.537109375 0.8136574074074074 0.024739583333333332 0.0625
1 0.5726822916666666 0.8152314814814815 0.009942708333333333 0.05639814814814814
2 0.4168854166666666 0.8383518518518518 0.048177083333333336 0.0933611111111111
2 0.5032552083333334 0.8013148148148148 0.016057291666666664 0.03317592592592592
2 0.5562083333333334 0.814425925925926 0.016057291666666664 0.047064814814814816
2 0.5625 0.8152037037037037 0.014755208333333332 0.05478703703703704
2 0.48459375 0.7399722222222221 0.008244791666666666 0.010805555555555556
2 0.4624583333333333 0.7457592592592592 0.006510416666666667 0.010027777777777778
2 0.4644114583333333 0.7750740740740741 0.019098958333333336 0.02237962962962963
2 0.4539947916666666 0.7874259259259259 0.022567708333333332 0.028546296296296295
2 0.4811197916666667 0.7862685185185185 0.023869791666666664 0.023148148148148147
2 0.509765625 0.7854907407407408 0.016927083333333332 0.020064814814814817
1 0.4867604166666667 0.7642777777777777 0.021265625 0.034722222222222224
1 0.5243072916666667 0.75 0.0546875 0.03858333333333334
1 0.5308177083333333 0.7646574074074074 0.0234375 0.05555555555555555
1 0.5570729166666666 0.7708333333333334 0.05165104166666667 0.08025
1 0.5961354166666666 0.7446018518518518 0.04991145833333333 0.047842592592592596
1 0.5944010416666666 0.8009259259259259 0.055989583333333336 0.08796296296296297
1 0.4720052083333333 0.7357222222222223 0.017796875 0.017750000000000002
2 0.20442708333333334 0.8165462962962963 0.045572916666666664 0.07060185185185185
2 0.26953125 0.8038240740740741 0.046875 0.061342592592592594
2 0.3072916666666667 0.8153888888888889 0.026041666666666668 0.04282407407407408
