2 0.40922395833333336 0.8167962962962962 0.020833333333333332 0.030425925925925926
1 0.16815625 0.9212962962962963 0.3110104166666667 0.1574074074074074
1 0.5390625 0.7718240740740742 0.040921874999999996 0.059527777777777784
1 0.588171875 0.8035740740740741 0.04984895833333333 0.08862037037037036
2 0.44233854166666664 0.7943148148148148 0.030505208333333332 0.02512962962962963
2 0.4029010416666667 0.7956388888888889 0.036458333333333336 0.017194444444444446
2 0.47098437499999996 0.7896851851851852 0.023807291666666668 0.018518518518518517
2 0.5419010416666666 0.8152314814814815 0.009942708333333333 0.04292592592592592
2 0.4622760416666667 0.7546296296296297 0.009041666666666667 0.016203703703703703
2 0.43156770833333336 0.7788055555555555 0.011864583333333335 0.020574074074074074
2 0.49103125 0.7582314814814815 0.009260416666666667 0.016462962962962964
2 0.4950833333333333 0.7847222222222222 0.0289375 0.02212037037037037
2 0.5500572916666666 0.8181574074074074 0.010994791666666667 0.04063888888888889
1 0.5600416666666667 0.8158425925925926 0.015916666666666666 0.0535
1 0.5830416666666667 0.7608055555555555 0.049770833333333334 0.05040740740740741
1 0.4574635416666667 0.742287037037037 0.015046875 0.016462962962962964
2 0.4482083333333333 0.7515462962962962 0.006364583333333334 0.010287037037037037
2 0.626203125 0.8208703703703704 0.0224375 0.05626851851851852
1 0.4703333333333333 0.7714907407407408 0.018786458333333332 0.03306481481481482
2 0.4405677083333333 0.7721574074074073 0.010973958333333334 0.018518518518518517
2 0.45089062500000004 0.7754629629629629 0.018973958333333332 0.015212962962962963
2 0.18359375 0.8229166666666666 0.046875 0.05324074074074074
2 0.248046875 0.8263888888888888 0.048177083333333336 0.06944444444444445
