1 0.154296875 0.9085648148148148 0.30859375 0.18287037037037038
1 0.4895833333333333 0.8587962962962963 0.0234375 0.05555555555555555
2 0.767578125 0.8969907407407407 0.10026041666666667 0.11342592592592593
2 0.8971354166666666 0.9050925925925926 0.1796875 0.1712962962962963
2 0.6614583333333334 0.8865740740740741 0.0859375 0.0787037037037037
2 0.37470833333333337 0.8688240740740741 0.026041666666666668 0.023666666666666666
1 0.4383697916666666 0.8343611111111111 0.019098958333333336 0.03292592592592593
2 0.4105885416666667 0.8523703703703703 0.020255208333333333 0.038064814814814815
2 0.40827604166666664 0.8261296296296297 0.012151041666666666 0.024694444444444446
2 0.43547395833333336 0.7988703703703703 0.01446875 0.01749074074074074
2 0.47974479166666667 0.8009259259259259 0.011572916666666665 0.019546296296296294
2 0.4774322916666666 0.8605925925925927 0.011572916666666665 0.04424074074074074
1 0.5598958333333334 0.8533981481481481 0.061921875 0.0997962962962963
1 0.5176510416666666 0.8281851851851852 0.04571875 0.07407407407407407
1 0.49016145833333336 0.811212962962963 0.019677083333333335 0.058638888888888886
1 0.5593177083333334 0.7962962962962963 0.057291666666666664 0.03498148148148148
1 0.44733854166666664 0.8204722222222223 0.019677083333333335 0.03600925925925926
2 0.5196770833333333 0.8621388888888889 0.018520833333333334 0.047324074074074074
2 0.38483854166666664 0.8410462962962963 0.025463541666666666 0.019546296296296294
2 0.358796875 0.8518518518518519 0.02314583333333333 0.03086111111111111
2 0.42823958333333334 0.8245925925925925 0.020833333333333332 0.023666666666666666
