2 0.5153645833333333 0.8666666666666667 0.07552083333333333 0.10740740740740741
2 0.4127604166666667 0.8759259259259259 0.09114583333333333 0.12962962962962962
2 0.4078125 0.812962962962963 0.042708333333333334 0.037037037037037035
2 0.45807291666666666 0.8083333333333333 0.0390625 0.025925925925925925
2 0.6875 0.8680555555555556 0.08125 0.10092592592592593
2 0.44609375 0.775 0.0078125 0.012962962962962963
2 0.4515625 0.7680555555555556 0.008333333333333333 0.01574074074074074
2 0.7869791666666667 0.8629629629629629 0.109375 0.12962962962962962
2 0.9140625 0.8680555555555556 0.171875 0.15462962962962962
1 0.49453125 0.7527777777777778 0.0234375 0.03333333333333333
1 0.5158854166666667 0.7912037037037037 0.025520833333333333 0.062037037037037036
1 0.54140625 0.7939814814814815 0.0484375 0.07685185185185185
1 0.5424479166666667 0.8388888888888889 0.0390625 0.07407407407407407
1 0.5794270833333334 0.8203703703703704 0.05677083333333333 0.10185185185185185
1 0.57890625 0.7643518518518518 0.0609375 0.04351851851851852
1 0.4705729166666667 0.7861111111111111 0.019270833333333334 0.03148148148148148
1 0.16223958333333333 0.9226851851851852 0.31302083333333336 0.15462962962962962
