1 0.18852604166666667 0.9187037037037038 0.3271614583333333 0.1625925925925926
2 0.45053125 0.884074074074074 0.05940104166666667 0.1287685185185185
2 0.455484375 0.8088333333333333 0.025104166666666667 0.017305555555555557
2 0.5009114583333333 0.806037037037037 0.02175 0.019296296296296298
1 0.5019322916666666 0.7862037037037037 0.01768229166666667 0.023546296296296294
1 0.5279479166666666 0.7719814814814815 0.015244791666666667 0.036833333333333336
2 0.53259375 0.830324074074074 0.020781249999999998 0.03427777777777778
2 0.5750729166666667 0.8419722222222222 0.017328125000000003 0.04348148148148148
2 0.7077708333333333 0.864462962962963 0.078453125 0.07219444444444445
2 0.7664375 0.859 0.042124999999999996 0.056388888888888884
1 0.8843177083333333 0.8403333333333333 0.19647916666666668 0.1659537037037037
1 0.4818854166666667 0.7909537037037038 0.01509375 0.02200925925925926
