2 0.6140625 0.9092592592592592 0.259375 0.1814814814814815
2 0.9244791666666666 0.899074074074074 0.15104166666666666 0.1425925925925926
1 0.18854166666666666 0.9046296296296297 0.30833333333333335 0.19074074074074074
2 0.20833333333333334 0.8407407407407408 0.05416666666666667 0.06666666666666667
2 0.27291666666666664 0.8212962962962963 0.04791666666666667 0.06111111111111111
2 0.31302083333333336 0.8305555555555556 0.03229166666666667 0.06481481481481481
2 0.5065989583333333 0.8228425925925925 0.013890625 0.03086111111111111
2 0.459375 0.8166666666666667 0.036807291666666665 0.028398148148148148
2 0.427953125 0.8148148148148148 0.026041666666666668 0.022222222222222223
2 0.4722239583333333 0.7975277777777778 0.018057291666666666 0.022222222222222223
2 0.509203125 0.8012314814814815 0.025348958333333334 0.014814814814814815
2 0.5262135416666667 0.8095648148148149 0.012848958333333334 0.025305555555555553
1 0.6027760416666667 0.8089537037037037 0.04583333333333333 0.05617592592592593
1 0.5163177083333333 0.7734537037037037 0.023609375 0.037037037037037035
1 0.5355885416666666 0.799074074074074 0.018401041666666666 0.07099074074074074
1 0.5604166666666667 0.7975277777777778 0.04375 0.08148148148148149
1 0.6059010416666666 0.7703703703703704 0.053473958333333335 0.03456481481481481
1 0.4901041666666667 0.7941388888888888 0.017708333333333333 0.04012037037037037
1 0.4769114583333333 0.7611111111111111 0.017015625 0.020990740740740744
2 0.4666666666666667 0.7700648148148148 0.008333333333333333 0.010490740740740741
2 0.48854166666666665 0.762962962962963 0.008333333333333333 0.009879629629629629
2 0.453125 0.8027777777777778 0.034026041666666666 0.016666666666666666
2 0.41458333333333336 0.8311759259259259 0.011109375 0.03148148148148148
1 0.515796875 0.829324074074074 0.022567708333333332 0.048768518518518524
