2 0.15544791666666666 0.8539907407407407 0.06410416666666667 0.05127777777777778
2 0.22476041666666668 0.8397407407407407 0.046473958333333336 0.05698148148148148
2 0.2628229166666667 0.8571944444444445 0.02884375 0.03917592592592593
2 0.36598437500000003 0.8361851851851853 0.035656249999999994 0.035611111111111114
2 0.39303125 0.8340462962962962 0.0224375 0.019944444444444445
2 0.40985416666666663 0.8315555555555556 0.024838541666666665 0.020657407407407406
2 0.48036979166666666 0.861462962962963 0.03044791666666667 0.04772222222222222
2 0.4373020833333333 0.8311944444444445 0.02684375 0.02421296296296296
2 0.425078125 0.8197962962962962 0.017630208333333335 0.02849074074074074
2 0.4048489583333333 0.8148148148148148 0.01321875 0.022796296296296297
2 0.4216770833333333 0.7888148148148147 0.0068125 0.010685185185185185
2 0.44410937500000003 0.7834722222222222 0.008411458333333333 0.009972222222222223
2 0.48016666666666663 0.8279907407407407 0.009213541666666667 0.022083333333333333
1 0.43189062500000003 0.7802685185185185 0.02003125 0.01923148148148148
1 0.46775 0.7841851851851851 0.019630208333333333 0.03988888888888889
1 0.4919895833333333 0.8155277777777777 0.016026041666666668 0.061250000000000006
1 0.5158229166666667 0.8173055555555556 0.040463541666666665 0.10185185185185185
1 0.5586927083333334 0.7856111111111111 0.05168229166666667 0.04131481481481481
1 0.5556875 0.8486481481481482 0.052083333333333336 0.0961574074074074
1 0.5318489583333333 0.8596851851851852 0.007614583333333333 0.05555555555555555
1 0.4625416666666667 0.8447314814814815 0.019630208333333333 0.03846296296296296
1 0.146390625 0.9284166666666667 0.29277604166666665 0.14316666666666666
2 0.6630208333333333 0.8888888888888888 0.090625 0.09259259259259259
2 0.8145833333333333 0.9027777777777778 0.14583333333333334 0.10185185185185185
2 0.9770833333333333 0.9314814814814815 0.04583333333333333 0.13703703703703704
