2 0.3837291666666667 0.8543055555555555 0.029104166666666667 0.029953703703703705
2 0.4730416666666667 0.863287037037037 0.025734374999999997 0.04139814814814815
2 0.463390625 0.8344259259259259 0.02849479166666667 0.026148148148148146
2 0.4816197916666667 0.8363333333333334 0.009802083333333333 0.031046296296296298
2 0.4446979166666667 0.8366018518518519 0.007046874999999999 0.023962962962962964
2 0.4227916666666667 0.7973888888888888 0.008578124999999999 0.01525
2 0.4450052083333333 0.7913981481481481 0.0076614583333333335 0.009805555555555555
2 0.424328125 0.8243425925925926 0.015932291666666668 0.02560185185185185
2 0.405484375 0.8232592592592592 0.0125625 0.022333333333333334
2 0.4053333333333333 0.8439537037037037 0.027572916666666666 0.016888888888888887
2 0.38465104166666664 0.8466759259259259 0.03155729166666667 0.022333333333333334
2 0.3644322916666667 0.8439537037037037 0.01746354166666667 0.02124074074074074
2 0.1593125 0.85975 0.051468749999999994 0.05500925925925926
2 0.22533854166666664 0.8418148148148148 0.040749999999999995 0.03540740740740741
2 0.26271354166666666 0.8630555555555556 0.023588541666666667 0.03213888888888889
2 0.6651354166666666 0.8956944444444445 0.08945833333333333 0.10185185185185185
2 0.514859375 0.8679166666666667 0.006432291666666667 0.041935185185185186
2 0.7856927083333333 0.9114907407407407 0.12714583333333335 0.10729629629629629
2 0.9270833333333334 0.9218425925925926 0.14583333333333334 0.1563148148148148
1 0.431984375 0.7875833333333334 0.017156249999999998 0.01961111111111111
1 0.443625 0.8224444444444444 0.017770833333333333 0.03921296296296296
1 0.49065624999999996 0.8278888888888889 0.01623958333333333 0.07843518518518518
1 0.5180781250000001 0.8308796296296297 0.04656770833333333 0.08769444444444444
1 0.5575989583333333 0.8540277777777778 0.04779166666666667 0.0915
1 0.5591302083333333 0.7990185185185186 0.053921875 0.03159259259259259
1 0.4669270833333333 0.788425925925926 0.0203125 0.04722222222222222
1 0.46328125 0.8537037037037037 0.016145833333333335 0.03888888888888889
1 0.145859375 0.9194444444444444 0.29171875 0.16111111111111112
