2 0.15299479166666666 0.867287037037037 0.05425520833333333 0.052472222222222226
2 0.21983333333333333 0.845675925925926 0.04383854166666667 0.04937962962962963
2 0.25759375 0.8614999999999999 0.030817708333333336 0.04089814814814815
2 0.3680572916666666 0.8560925925925926 0.022567708333333332 0.020833333333333332
2 0.37890625 0.8425925925925926 0.022567708333333332 0.020064814814814817
2 0.3899739583333333 0.8449074074074074 0.01171875 0.016972222222222222
2 0.4134114583333333 0.8398888888888889 0.03949479166666667 0.03009259259259259
2 0.4010416666666667 0.8217592592592593 0.012151041666666666 0.015435185185185187
2 0.41775 0.7959074074074074 0.007380208333333333 0.014657407407407407
2 0.4203541666666667 0.8206018518518519 0.013453125 0.011574074074074073
2 0.4711354166666667 0.8668981481481481 0.026473958333333332 0.04089814814814815
2 0.4772135416666667 0.8348796296296296 0.01171875 0.023148148148148147
2 0.4340260416666667 0.8406666666666667 0.011286458333333334 0.02237962962962963
2 0.6592864583333333 0.8969907407407407 0.08506770833333334 0.08101851851851852
2 0.79296875 0.9104907407407408 0.13715104166666667 0.10956481481481481
2 0.9459635416666666 0.9185925925925926 0.10807291666666667 0.16280555555555556
1 0.5288645833333333 0.8692129629629629 0.009984375 0.05324074074074074
1 0.4594166666666667 0.8495370370370371 0.016927083333333332 0.03858333333333334
1 0.14322916666666666 0.935574074074074 0.2864583333333333 0.1288611111111111
1 0.4407552083333333 0.8152037037037037 0.018661458333333332 0.03317592592592592
1 0.4268645833333334 0.7885833333333333 0.018661458333333332 0.020064814814814817
1 0.4639739583333334 0.7912777777777779 0.017359375 0.04089814814814815
1 0.4858958333333333 0.8263888888888888 0.015192708333333334 0.07252777777777777
1 0.51171875 0.8371944444444444 0.045140625000000004 0.10030555555555555
1 0.552734375 0.8576388888888888 0.053385416666666664 0.09645370370370371
1 0.55490625 0.7982222222222223 0.05165104166666667 0.03780555555555555
