1 0.15343229166666666 0.9318333333333333 0.269390625 0.1363425925925926
1 0.5320364583333334 0.8416111111111112 0.026208333333333333 0.04809259259259259
2 0.49605208333333334 0.8265833333333333 0.019442708333333333 0.03262962962962963
2 0.4654947916666667 0.8109074074074074 0.0196875 0.02447222222222222
2 0.42081250000000003 0.817675925925926 0.025239583333333333 0.01996296296296296
2 0.45311979166666666 0.8039351851851851 0.011109375 0.01996296296296296
1 0.5641875 0.8033055555555556 0.07684375 0.11639814814814814
1 0.6823958333333333 0.8008703703703705 0.153296875 0.1491574074074074
2 0.8469270833333333 0.8064907407407408 0.06584895833333333 0.06348148148148149
2 0.8767812500000001 0.8058148148148148 0.07065104166666666 0.07099074074074074
2 0.9093229166666668 0.8075185185185185 0.07122395833333334 0.07235185185185185
2 0.5002083333333334 0.7971944444444444 0.010447916666666666 0.016944444444444446
