1 0.14388020833333334 0.9108796296296297 0.2721354166666667 0.17824074074074073
2 0.39453125 0.84375 0.057291666666666664 0.09027777777777778
1 0.4232552083333333 0.8065185185185185 0.020552083333333335 0.027157407407407404
2 0.46575 0.7983703703703704 0.011666666666666665 0.022712962962962963
2 0.526015625 0.8341666666666666 0.03999479166666667 0.050851851851851856
1 0.5611458333333333 0.8272592592592594 0.0269375 0.053814814814814815
1 0.8401510416666667 0.7508148148148148 0.3196979166666667 0.3547037037037037
1 0.9232135416666666 0.8953518518518518 0.153578125 0.15937962962962962
2 0.44726041666666666 0.7958148148148149 0.010026041666666667 0.021027777777777777
2 0.48814583333333333 0.7562777777777777 0.006427083333333333 0.011425925925925926
1 0.44285416666666666 0.7612222222222222 0.012427083333333333 0.02025
1 0.45718229166666663 0.757537037037037 0.01553125 0.02638888888888889
