2 0.14180208333333333 0.9378425925925926 0.28230208333333334 0.12431481481481481
2 0.27938541666666666 0.8877962962962963 0.14602083333333335 0.08883333333333333
1 0.44325 0.8877962962962963 0.073984375 0.15575
2 0.6596822916666666 0.8785648148148149 0.09409895833333333 0.10037037037037037
2 0.7771510416666667 0.856648148148148 0.104484375 0.09575925925925927
1 0.926703125 0.8180000000000001 0.14659895833333333 0.2861296296296296
1 0.5837552083333333 0.860111111111111 0.04996875 0.09806481481481481
1 0.5597395833333334 0.8583796296296295 0.04088541666666667 0.07614814814814815
2 0.4529375 0.7870277777777778 0.0105625 0.02112962962962963
2 0.3775 0.8357407407407408 0.036645833333333336 0.019953703703703703
