2 0.917296875 0.9285 0.16540104166666666 0.1315462962962963
2 0.7912135416666667 0.903462962962963 0.13559374999999999 0.12420370370370369
2 0.7100833333333333 0.9051296296296296 0.09127083333333334 0.08212962962962964
2 0.6143072916666666 0.8934444444444444 0.07173958333333334 0.06944444444444445
2 0.45260416666666664 0.8874351851851852 0.05784375 0.08813888888888889
2 0.3724166666666667 0.8550462962962964 0.037187500000000005 0.024703703703703703
1 0.5012447916666667 0.8717407407407407 0.023661458333333333 0.04875
1 0.13640624999999998 0.9392962962962963 0.26932812500000003 0.12140740740740741
1 0.4557604166666666 0.83375 0.022083333333333333 0.03489814814814814
2 0.39972395833333335 0.8548333333333333 0.006541666666666667 0.01987037037037037
2 0.4162239583333333 0.8487777777777777 0.010635416666666668 0.023268518518518518
2 0.4278125 0.8492592592592593 0.009270833333333334 0.02036111111111111
1 0.556359375 0.8791851851851852 0.045473958333333335 0.050527777777777776
