1 0.137984375 0.9324722222222223 0.269859375 0.1350462962962963
2 0.39432812500000003 0.8513888888888889 0.041416666666666664 0.06433333333333334
1 0.4889322916666667 0.8188333333333334 0.11291666666666668 0.18368518518518517
2 0.4403229166666666 0.835111111111111 0.031390625 0.06123148148148148
1 0.5495312499999999 0.8397592592592593 0.030083333333333333 0.06742592592592592
2 0.5783072916666666 0.8378240740740741 0.040546874999999996 0.04805555555555555
2 0.6482760416666667 0.8459629629629629 0.06278125 0.07052777777777777
2 0.7267499999999999 0.8510000000000001 0.08893749999999999 0.09920370370370371
2 0.73546875 0.8796759259259259 0.048828125 0.08990740740740741
1 0.88125 0.7936481481481481 0.2375 0.26662037037037034
2 0.45188020833333337 0.7690740740740741 0.007854166666666667 0.01776851851851852
