2 0.93434375 0.9229907407407408 0.1313072916666667 0.13087962962962962
2 0.814171875 0.8996574074074074 0.13148958333333333 0.1250925925925926
2 0.7313697916666667 0.9009259259259259 0.09168749999999999 0.08592592592592592
2 0.6366614583333334 0.8936574074074074 0.07071875 0.07012962962962963
2 0.44528645833333336 0.8680740740740741 0.02558854166666667 0.03663888888888889
2 0.39127083333333335 0.8576481481481482 0.03553645833333333 0.027166666666666665
2 0.4783385416666667 0.8456388888888888 0.024874999999999998 0.02085185185185185
1 0.52009375 0.8737592592592592 0.023098958333333332 0.051805555555555556
1 0.16129166666666667 0.9445462962962963 0.26818749999999997 0.11090740740740741
1 0.5926875 0.8851203703703703 0.054098958333333336 0.05427777777777777
1 0.5415364583333333 0.8408425925925926 0.04070833333333333 0.08761111111111111
