1 0.25316455696202533 0.3260416666666667 0.24841772151898733 0.13333333333333333
1 0.8449367088607594 0.9114583333333334 0.28955696202531644 0.15416666666666667
1 0.3860759493670886 0.75625 0.24050632911392406 0.14166666666666666
1 0.6234177215189873 0.20729166666666668 0.24367088607594936 0.12708333333333333
1 0.6859177215189873 0.31875 0.2927215189873418 0.16458333333333333
1 0.23180379746835442 0.078125 0.20727848101265822 0.12916666666666668
1 0.23417721518987342 0.19791666666666666 0.22151898734177214 0.12916666666666668
1 0.3599683544303797 0.603125 0.23575949367088608 0.14791666666666667
1 0.4153481012658228 0.9104166666666667 0.26582278481012656 0.15625
1 0.7349683544303798 0.46875 0.2689873417721519 0.14791666666666667
1 0.7618670886075949 0.609375 0.28639240506329117 0.15416666666666667
