1 0.6437346437346437 0.9483050847457627 0.1904176904176904 0.10338983050847457
1 0.5915233415233415 0.4669491525423729 0.171990171990172 0.10677966101694915
1 0.6283783783783784 0.8186440677966101 0.1891891891891892 0.12542372881355932
1 0.7868550368550369 0.21610169491525424 0.08230958230958231 0.17966101694915254
1 0.9471744471744472 0.03220338983050847 0.10565110565110565 0.06440677966101695
1 0.24262899262899262 0.36186440677966103 0.19901719901719903 0.10508474576271186
1 0.5571253071253072 0.08050847457627118 0.16093366093366093 0.1016949152542373
1 0.585995085995086 0.3677966101694915 0.18058968058968058 0.10338983050847457
1 0.2665847665847666 0.9474576271186441 0.20024570024570024 0.10508474576271186
1 0.6326781326781327 0.7016949152542373 0.1928746928746929 0.11186440677966102
1 0.5712530712530712 0.1669491525423729 0.1732186732186732 0.09830508474576272
1 0.26597051597051596 0.8279661016949152 0.19656019656019655 0.11694915254237288
1 0.9864864864864865 0.20677966101694914 0.02702702702702703 0.09661016949152543
1 0.2665847665847666 0.25 0.17936117936117937 0.11864406779661017
1 0.9711302211302212 0.3093220338983051 0.05773955773955774 0.08983050847457627
1 0.5657248157248157 0.25677966101694916 0.14250614250614252 0.11864406779661017
1 0.24754299754299755 0.15508474576271186 0.19656019656019655 0.11016949152542373
1 0.2536855036855037 0.07542372881355933 0.16339066339066338 0.09491525423728814
1 0.2678132678132678 0.576271186440678 0.16584766584766586 0.11016949152542373
1 0.9815724815724816 0.4110169491525424 0.036855036855036855 0.1
1 0.25675675675675674 0.022033898305084745 0.15356265356265356 0.04406779661016949
1 0.24078624078624078 0.6898305084745763 0.21375921375921375 0.12372881355932204
1 0.5577395577395577 0.02288135593220339 0.1547911547911548 0.04576271186440678
