1 0.890074211502783 0.5935114503816794 0.12894248608534323 0.24427480916030533
1 0.8947124304267161 0.8530534351145038 0.1391465677179963 0.2595419847328244
1 0.2166048237476809 0.8454198473282443 0.13636363636363635 0.2366412213740458
1 0.1396103896103896 0.14885496183206107 0.1261595547309833 0.2099236641221374
1 0.6442486085343229 0.6068702290076335 0.1345083487940631 0.23282442748091603
1 0.24489795918367346 0.6068702290076335 0.13358070500927643 0.26717557251908397
1 0.6447124304267161 0.38549618320610685 0.12523191094619665 0.24427480916030533
1 0.07050092764378478 0.8454198473282443 0.14100185528756956 0.2786259541984733
1 0.28617810760667906 0.366412213740458 0.14842300556586271 0.25572519083969464
1 0.2815398886827458 0.15458015267175573 0.12337662337662338 0.21755725190839695
1 0.07096474953617811 0.6030534351145038 0.1345083487940631 0.2366412213740458
1 0.6451762523191095 0.8435114503816794 0.12430426716141002 0.2480916030534351
1 0.8863636363636364 0.3683206106870229 0.13543599257884972 0.24045801526717558
1 0.11270871985157699 0.3511450381679389 0.1391465677179963 0.24427480916030533
1 0.26159554730983303 0.9656488549618321 0.14842300556586271 0.06870229007633588
1 0.8710575139146568 0.12786259541984732 0.10853432282003711 0.25190839694656486
1 0.640899814471243 0.11729007633587786 0.1438961038961039 0.23458015267175572
