1 0.4653512396694215 0.14252232142857144 0.21605371900826445 0.11810267857142856
1 0.3353512396694215 0.6175669642857143 0.23342975206611571 0.15279017857142857
1 0.3757644628099174 0.48109375 0.24270661157024792 0.12212053571428572
1 0.5687190082644628 0.6209821428571428 0.2553099173553719 0.13470982142857144
1 0.6352892561983472 0.48207589285714286 0.23367768595041322 0.12120535714285714
1 0.6434090909090909 0.35334821428571433 0.23561983471074383 0.13
1 0.4439876033057851 0.2517633928571429 0.22254132231404958 0.11553571428571428
1 0.6953305785123968 0.13435267857142857 0.21909090909090911 0.11582589285714286
1 0.650206611570248 0.2489732142857143 0.22485537190082644 0.1159375
1 0.403698347107438 0.36604910714285716 0.2366528925619835 0.13232142857142856
1 0.9220247933884297 0.6024330357142856 0.14167355371900825 0.2520089285714286
1 0.44008264462809915 0.050602678571428576 0.22175619834710744 0.1011830357142857
1 0.6563429752066116 0.047611607142857136 0.22175619834710744 0.09225446428571428
1 0.9090909090909091 0.20609375 0.12671487603305784 0.21875
