1 0.6453896103896104 0.087 0.12373376623376624 0.17405
1 0.4881493506493506 0.13125 0.13506493506493508 0.2625
1 0.8066558441558441 0.8687999999999999 0.11623376623376623 0.26239999999999997
1 0.05006493506493506 0.88515 0.10016233766233766 0.22965
1 0.08165584415584415 0.13865 0.11805194805194805 0.27725
1 0.1701948051948052 0.87575 0.11805194805194805 0.24850000000000003
1 0.2946753246753247 0.8803 0.1150974025974026 0.2394
1 0.41863636363636364 0.85835 0.12493506493506493 0.28335
1 0.6813311688311688 0.8674 0.11314935064935065 0.26515
1 0.9351623376623376 0.85225 0.12493506493506493 0.29545
