1 0.7342291666666667 0.8795925925925926 0.18550520833333334 0.2408148148148148
2 0.12109375 0.5194444444444445 0.027708333333333335 0.07777777777777778
1 0.5975729166666667 0.6688240740740741 0.115375 0.1760925925925926
2 0.13913020833333334 0.7961944444444444 0.05653645833333333 0.05801851851851852
2 0.552515625 0.7069907407407408 0.031104166666666665 0.052055555555555556
1 0.449859375 0.1688888888888889 0.022052083333333337 0.02525925925925926
1 0.3223697916666667 0.1700462962962963 0.00796875 0.018425925925925925
2 0.23259375 0.1673148148148148 0.0055000000000000005 0.010444444444444444
2 0.2595 0.19256481481481483 0.006796875 0.009481481481481481
1 0.379875 0.32869444444444446 0.023020833333333334 0.0620462962962963
