1 0.5012890624999999 0.6850833333333333 0.0624921875 0.12275
1 0.5583437499999999 0.17323611111111112 0.0248046875 0.06895833333333333
1 0.48171093750000005 0.6249722222222223 0.03825 0.08545833333333333
1 0.46489843750000004 0.15508333333333332 0.0215390625 0.05795833333333333
1 0.483296875 0.6583888888888889 0.0079609375 0.0057083333333333335
1 0.5110859375000001 0.7324999999999999 0.010203125 0.007055555555555555
1 0.498453125 0.01598611111111111 0.04303125 0.03197222222222222
1 0.5401640624999999 0.058638888888888886 0.014374999999999999 0.025291666666666667
1 0.5868359375 0.010194444444444443 0.06559374999999999 0.020402777777777777
1 0.9108984375 0.013902777777777778 0.0702265625 0.027805555555555556
1 0.6088203125 0.976111111111111 0.0607421875 0.04779166666666666
1 0.59475 0.8951944444444444 0.07315625 0.18031944444444445
