1 0.6201015625 0.4021527777777778 0.1234609375 0.23458333333333334
1 0.27990624999999997 0.11898611111111111 0.0671875 0.12083333333333333
1 0.7534609375 0.8936944444444445 0.10546875 0.21261111111111114
1 0.7707265624999999 0.7721388888888889 0.10177343750000001 0.261125
1 0.38084375000000004 0.13015277777777776 0.08846875 0.19352777777777777
2 0.20447656250000001 0.1388888888888889 0.055921874999999996 0.08888888888888889
1 0.5255234375 0.31981944444444443 0.0826796875 0.22108333333333335
1 0.39856250000000004 0.20172222222222225 0.013664062499999999 0.009013888888888889
1 0.2714140625 0.16901388888888888 0.012390624999999999 0.007486111111111111
1 0.768875 0.5943194444444445 0.09371874999999999 0.18694444444444444
1 0.6439296875 0.5041388888888889 0.010078125 0.009444444444444445
1 0.2134140625 0.15672222222222223 0.011671875 0.008
1 0.7057734375 0.5199166666666666 0.1336328125 0.25891666666666663
