1 0.3335234375 0.5556944444444445 0.08390625 0.10636111111111111
1 0.39387500000000003 0.18375000000000002 0.0231875 0.057430555555555554
1 0.47383593749999997 0.31919444444444445 0.0299375 0.08284722222222222
1 0.8899609375 0.10595833333333335 0.08303906250000001 0.051180555555555556
2 0.382390625 0.5423749999999999 0.0195078125 0.050444444444444445
2 0.8127265625 0.09672222222222222 0.02634375 0.015291666666666667
1 0.42904687499999994 0.10695833333333334 0.093515625 0.04988888888888889
1 0.957796875 0.075375 0.0844140625 0.05304166666666666
1 0.9092499999999999 0.07070833333333333 0.01940625 0.02365277777777778
1 0.9501171875000001 0.012583333333333334 0.00996875 0.015611111111111112
