1 0.5564375 0.8086666666666666 0.07357812500000001 0.1438611111111111
1 0.5569453125 0.152 0.023875 0.06840277777777778
1 0.5098125 0.7358333333333332 0.047843750000000004 0.10088888888888889
1 0.46489843750000004 0.15508333333333332 0.0215390625 0.05795833333333333
1 0.5155624999999999 0.7704583333333334 0.010070312500000001 0.007583333333333333
1 0.56709375 0.8639027777777778 0.011554687499999999 0.008652777777777778
1 0.48796875 0.01811111111111111 0.018351562499999998 0.03622222222222222
1 0.5391796875 0.045125000000000005 0.014374999999999999 0.025291666666666667
1 0.5858515625 0.010416666666666666 0.0636328125 0.020833333333333332
1 0.9108984375 0.013902777777777778 0.0702265625 0.027819444444444445
