1 0.7035859375 0.23769444444444443 0.052023437500000005 0.13645833333333332
1 0.5255078125 0.7914722222222222 0.0869375 0.25256944444444446
1 0.5204140625 0.45052777777777775 0.0581015625 0.14052777777777778
2 0.728046875 0.44229166666666664 0.038765625 0.05384722222222223
1 0.5820859375 0.04468055555555556 0.0415625 0.08936111111111111
1 0.6863515625 0.13726388888888888 0.045890625000000004 0.11886111111111111
1 0.5333203125 0.8980416666666667 0.0162578125 0.009458333333333332
1 0.5214921875 0.4981111111111111 0.01209375 0.006069444444444445
1 0.7077109375 0.2906944444444445 0.010109375 0.007555555555555556
1 0.6755625000000001 0.18229166666666666 0.0074062500000000005 0.005263888888888889
1 0.58146875 0.08324999999999999 0.008296874999999999 0.005263888888888889
1 0.71440625 0.3720138888888889 0.0108046875 0.008541666666666668
1 0.7290078125 0.4449305555555556 0.01040625 0.007819444444444445
1 0.716203125 0.3645555555555556 0.0384140625 0.0647361111111111
