2 0.39427083333333335 0.20300925925925925 0.050005208333333336 0.07269444444444445
1 0.6770833333333334 0.8639722222222223 0.115625 0.27205555555555555
2 0.29959895833333333 0.7736388888888889 0.06623958333333334 0.09423148148148147
2 0.28567708333333336 0.9495370370370371 0.07447916666666667 0.10092592592592593
1 0.30145833333333333 0.08564814814814815 0.0609375 0.13166666666666665
2 0.392953125 0.09381481481481481 0.04423958333333333 0.06617592592592593
1 0.28668750000000004 0.991074074074074 0.021723958333333335 0.012527777777777777
1 0.29915625 0.800212962962963 0.01933333333333333 0.01025
1 0.39338541666666665 0.22111111111111112 0.013848958333333333 0.008138888888888888
1 0.393890625 0.10996296296296297 0.013088541666666667 0.008499999999999999
1 0.30216666666666664 0.1310185185185185 0.013156250000000001 0.007444444444444444
