1 0.591 0.4132361111111111 0.012984375000000001 0.029458333333333333
1 0.5263203125 0.6663333333333333 0.024515625 0.06063888888888888
1 0.8071406250000001 0.40125 0.0455390625 0.027555555555555555
1 0.859515625 0.39844444444444443 0.037921875 0.027541666666666666
1 0.8068359375 0.38666666666666666 0.0361328125 0.024902777777777777
1 0.8512812500000001 0.3880972222222222 0.055265625 0.029194444444444443
1 0.8361484375 0.3616944444444445 0.022578124999999998 0.019458333333333334
1 0.901390625 0.39629166666666665 0.0464765625 0.03180555555555555
1 0.9127734375 0.3967222222222222 0.034359375 0.029222222222222222
1 0.9513671875 0.39398611111111115 0.043726562499999996 0.028069444444444445
1 0.986515625 0.3929861111111111 0.026976562500000002 0.027777777777777776
