1 0.35842968750000004 0.8372638888888889 0.063734375 0.19491666666666668
1 0.4938203125 0.2621527777777778 0.0989765625 0.06215277777777778
1 0.3267109375 0.27269444444444446 0.1126953125 0.06779166666666667
1 0.51853125 0.34808333333333336 0.0285625 0.07048611111111111
1 0.590296875 0.18231944444444445 0.0205234375 0.05531944444444444
1 0.394921875 0.6034722222222222 0.03984375 0.13194444444444445
1 0.5833437499999999 0.04854166666666667 0.0142734375 0.03676388888888889
1 0.3555625 0.48220833333333335 0.060546875 0.11006944444444444
1 0.2741484375 0.3951388888888889 0.0526875 0.09358333333333332
1 0.3953125 0.6006944444444444 0.0396875 0.1288888888888889
1 0.5834921875 0.1312638888888889 0.0175234375 0.048125
1 0.24186718749999997 0.3585138888888889 0.047375 0.08277777777777778
1 0.22486718749999998 0.3244444444444444 0.0300859375 0.07952777777777778
1 0.23871875 0.2896666666666667 0.025242187500000002 0.06156944444444444
1 0.5785312499999999 0.11377777777777778 0.015796875 0.044736111111111115
1 0.5316015625 0.03352777777777778 0.013015625 0.030888888888888886
1 0.18556250000000002 0.34280555555555553 0.025492187500000003 0.04548611111111111
2 0.1568203125 0.34894444444444445 0.029328125 0.03623611111111111
