2 0.2864583333333333 0.7240740740740741 0.13958333333333334 0.25555555555555554
2 0.6515625 0.8796296296296297 0.190625 0.24074074074074073
2 0.6463541666666667 0.6712962962962963 0.14270833333333333 0.19074074074074074
2 0.8291666666666667 0.8240740740740741 0.15625 0.24444444444444444
2 0.16979166666666667 0.1824074074074074 0.075 0.06111111111111111
2 0.328125 0.15092592592592594 0.0375 0.05740740740740741
2 0.3885416666666667 0.1712962962962963 0.035416666666666666 0.05
2 0.42864583333333334 0.20185185185185187 0.053125 0.06296296296296296
2 0.4890625 0.17407407407407408 0.030208333333333334 0.03333333333333333
2 0.5427083333333333 0.15555555555555556 0.022916666666666665 0.03333333333333333
2 0.503125 0.21944444444444444 0.07708333333333334 0.07592592592592592
2 0.6458333333333334 0.2675925925925926 0.09375 0.06851851851851852
2 0.6473958333333333 0.23055555555555557 0.084375 0.05
2 0.171875 0.5916666666666667 0.06041666666666667 0.19444444444444445
2 0.553125 0.6833333333333333 0.03333333333333333 0.2
2 0.7364583333333333 0.6314814814814815 0.05416666666666667 0.17037037037037037
2 0.7088541666666667 0.5583333333333333 0.04479166666666667 0.1574074074074074
2 0.9661458333333334 0.924074074074074 0.05520833333333333 0.15185185185185185
2 0.6078125 0.40185185185185185 0.03229166666666667 0.12222222222222222
2 0.45625 0.19074074074074074 0.016666666666666666 0.06666666666666667
1 0.4671875 0.75 0.13854166666666667 0.37777777777777777
1 0.4192708333333333 0.15833333333333333 0.028125 0.07222222222222222
