2 0.28541666666666665 0.7203703703703703 0.1375 0.25925925925925924
2 0.6541666666666667 0.8777777777777778 0.18958333333333333 0.24444444444444444
2 0.6458333333333334 0.675 0.14375 0.19814814814814816
2 0.8270833333333333 0.8361111111111111 0.15208333333333332 0.26851851851851855
2 0.16822916666666668 0.1824074074074074 0.07395833333333333 0.06111111111111111
2 0.45 0.21203703703703702 0.0625 0.06481481481481481
2 0.378125 0.17222222222222222 0.052083333333333336 0.05555555555555555
2 0.32864583333333336 0.15092592592592594 0.036458333333333336 0.05740740740740741
2 0.5796875 0.2351851851851852 0.08645833333333333 0.06666666666666667
2 0.5395833333333333 0.21666666666666667 0.07083333333333333 0.05185185185185185
2 0.4921875 0.18888888888888888 0.03229166666666667 0.05555555555555555
2 0.5286458333333334 0.15925925925925927 0.034375 0.040740740740740744
2 0.17447916666666666 0.5916666666666667 0.059375 0.19074074074074074
2 0.5515625 0.6842592592592592 0.036458333333333336 0.19814814814814816
2 0.7411458333333333 0.6305555555555555 0.053125 0.17962962962962964
2 0.7135416666666666 0.5712962962962963 0.04375 0.1574074074074074
2 0.9697916666666667 0.9111111111111111 0.06041666666666667 0.15185185185185185
2 0.5947916666666667 0.41574074074074074 0.03125 0.13148148148148148
2 0.4901041666666667 0.21574074074074073 0.023958333333333335 0.06111111111111111
1 0.4197916666666667 0.17314814814814813 0.029166666666666667 0.08703703703703704
1 0.46822916666666664 0.7481481481481481 0.14270833333333333 0.37777777777777777
