2 0.2864583333333333 0.7157407407407408 0.13958333333333334 0.24259259259259258
2 0.6541666666666667 0.8768518518518519 0.19166666666666668 0.2462962962962963
2 0.8291666666666667 0.8296296296296296 0.15625 0.26296296296296295
2 0.6479166666666667 0.675 0.14375 0.19814814814814816
2 0.16822916666666668 0.1814814814814815 0.07395833333333333 0.05925925925925926
2 0.459375 0.21203703703703702 0.0625 0.05740740740740741
2 0.3307291666666667 0.14907407407407408 0.03854166666666667 0.053703703703703705
2 0.375 0.17314814814814813 0.05625 0.05740740740740741
2 0.6239583333333333 0.24444444444444444 0.09375 0.07407407407407407
2 0.5510416666666667 0.21666666666666667 0.06458333333333334 0.06296296296296296
2 0.5239583333333333 0.1648148148148148 0.03125 0.040740740740740744
2 0.49322916666666666 0.18425925925925926 0.03229166666666667 0.046296296296296294
2 0.17395833333333333 0.5907407407407408 0.06458333333333334 0.18888888888888888
2 0.5526041666666667 0.6824074074074075 0.03229166666666667 0.19444444444444445
2 0.5895833333333333 0.4222222222222222 0.03125 0.12962962962962962
2 0.7369791666666666 0.6342592592592593 0.05520833333333333 0.18333333333333332
2 0.96875 0.9212962962962963 0.06041666666666667 0.1574074074074074
2 0.5067708333333333 0.2175925925925926 0.021875 0.053703703703703705
1 0.4671875 0.7555555555555555 0.13645833333333332 0.3814814814814815
1 0.42135416666666664 0.17962962962962964 0.036458333333333336 0.08888888888888889
