2 0.24479166666666666 0.787962962962963 0.20416666666666666 0.2796296296296296
2 0.4114583333333333 0.8537037037037037 0.19375 0.29259259259259257
2 0.6583333333333333 0.812962962962963 0.175 0.28888888888888886
2 0.8833333333333333 0.9111111111111111 0.2125 0.17777777777777778
2 0.85625 0.7185185185185186 0.15833333333333333 0.23333333333333334
2 0.6994791666666667 0.6324074074074074 0.128125 0.22037037037037038
2 0.4588541666666667 0.6537037037037037 0.128125 0.18888888888888888
2 0.33697916666666666 0.5981481481481481 0.16770833333333332 0.2111111111111111
2 0.5776041666666667 0.19444444444444445 0.09479166666666666 0.06296296296296296
2 0.6859375 0.1175925925925926 0.042708333333333334 0.05740740740740741
2 0.6552083333333333 0.2898148148148148 0.06666666666666667 0.09814814814814815
2 0.371875 0.28055555555555556 0.06666666666666667 0.12037037037037036
2 0.22447916666666667 0.8898148148148148 0.08020833333333334 0.22037037037037038
2 0.60625 0.49444444444444446 0.05625 0.17037037037037037
2 0.6854166666666667 0.46574074074074073 0.0625 0.13148148148148148
2 0.8135416666666667 0.5037037037037037 0.04791666666666667 0.1814814814814815
2 0.784375 0.45925925925925926 0.035416666666666666 0.16296296296296298
