2 0.2875 0.7175925925925926 0.13958333333333334 0.24259259259259258
2 0.6541666666666667 0.8787037037037037 0.1875 0.24259259259259258
2 0.64375 0.675 0.1375 0.19444444444444445
2 0.8265625 0.8268518518518518 0.159375 0.2537037037037037
2 0.16770833333333332 0.18333333333333332 0.06875 0.06296296296296296
2 0.3302083333333333 0.15 0.0375 0.05555555555555555
2 0.41770833333333335 0.1962962962962963 0.04791666666666667 0.05925925925925926
2 0.396875 0.1685185185185185 0.029166666666666667 0.05555555555555555
2 0.47291666666666665 0.21574074074074073 0.06875 0.06851851851851852
2 0.5661458333333333 0.2518518518518518 0.09270833333333334 0.07037037037037037
2 0.6244791666666667 0.2324074074074074 0.071875 0.06111111111111111
2 0.4973958333333333 0.1675925925925926 0.036458333333333336 0.027777777777777776
2 0.9671875 0.9166666666666666 0.065625 0.15555555555555556
2 0.17239583333333333 0.5916666666666667 0.06145833333333333 0.17962962962962964
2 0.6114583333333333 0.3990740740740741 0.029166666666666667 0.12407407407407407
2 0.5552083333333333 0.6787037037037037 0.03333333333333333 0.18703703703703703
2 0.7005208333333334 0.5462962962962963 0.04479166666666667 0.14074074074074075
2 0.7380208333333333 0.6333333333333333 0.053125 0.17037037037037037
2 0.665625 0.25092592592592594 0.03333333333333333 0.06851851851851852
1 0.46770833333333334 0.7481481481481481 0.1375 0.37037037037037035
1 0.42552083333333335 0.1537037037037037 0.030208333333333334 0.06296296296296296
