2 0.2864583333333333 0.7203703703703703 0.14166666666666666 0.2518518518518518
2 0.6442708333333333 0.6722222222222223 0.140625 0.18518518518518517
2 0.8291666666666667 0.8324074074074074 0.14791666666666667 0.26481481481481484
2 0.6546875 0.8787037037037037 0.19895833333333332 0.24259259259259258
2 0.16875 0.18055555555555555 0.07291666666666667 0.06111111111111111
2 0.32864583333333336 0.15092592592592594 0.03854166666666667 0.05740740740740741
2 0.40572916666666664 0.19166666666666668 0.040625 0.053703703703703705
2 0.4479166666666667 0.2037037037037037 0.0625 0.06296296296296296
2 0.49895833333333334 0.2361111111111111 0.08541666666666667 0.06481481481481481
2 0.5947916666666667 0.22037037037037038 0.07083333333333333 0.05925925925925926
2 0.6427083333333333 0.3351851851851852 0.09583333333333334 0.1037037037037037
2 0.16927083333333334 0.5925925925925926 0.059375 0.1814814814814815
2 0.5520833333333334 0.6842592592592592 0.035416666666666666 0.19074074074074074
2 0.7416666666666667 0.6351851851851852 0.041666666666666664 0.1814814814814815
2 0.7020833333333333 0.5564814814814815 0.04583333333333333 0.1574074074074074
2 0.9588541666666667 0.9138888888888889 0.08229166666666667 0.13148148148148148
2 0.6083333333333333 0.4 0.027083333333333334 0.11851851851851852
2 0.6026041666666667 0.24166666666666667 0.03229166666666667 0.06111111111111111
1 0.46770833333333334 0.7555555555555555 0.1375 0.3814814814814815
1 0.44114583333333335 0.15185185185185185 0.034375 0.05925925925925926
