2 0.2421875 0.7944444444444444 0.20520833333333333 0.2814814814814815
2 0.4114583333333333 0.8527777777777777 0.20208333333333334 0.29444444444444445
2 0.6578125 0.8148148148148148 0.17395833333333333 0.29259259259259257
2 0.8833333333333333 0.9111111111111111 0.2125 0.17777777777777778
2 0.8541666666666666 0.7175925925925926 0.15833333333333333 0.22407407407407406
2 0.6984375 0.6324074074074074 0.13020833333333334 0.21296296296296297
2 0.4588541666666667 0.6546296296296297 0.12395833333333334 0.18333333333333332
2 0.33645833333333336 0.6018518518518519 0.16458333333333333 0.21481481481481482
2 0.684375 0.08611111111111111 0.0375 0.03148148148148148
2 0.8385416666666666 0.16666666666666666 0.0625 0.06666666666666667
2 0.22552083333333334 0.8916666666666667 0.08645833333333333 0.21666666666666667
2 0.6921875 0.46111111111111114 0.06354166666666666 0.12222222222222222
2 0.7119791666666667 0.4324074074074074 0.065625 0.13148148148148148
2 0.8130208333333333 0.5055555555555555 0.04479166666666667 0.1814814814814815
2 0.7869791666666667 0.4564814814814815 0.036458333333333336 0.16111111111111112
2 0.9041666666666667 0.3138888888888889 0.05416666666666667 0.11296296296296296
