2 0.11422321428571429 0.22104761904761905 0.02955357142857143 0.07267261904761906
2 0.09103571428571428 0.22483333333333336 0.021125 0.06238690476190476
2 0.1735401785714286 0.09232142857142857 0.06113392857142857 0.062244047619047616
2 0.4601071428571429 0.4017202380952381 0.03605357142857143 0.13342857142857142
2 0.5126741071428572 0.11010714285714285 0.016183035714285716 0.02936904761904762
2 0.5669151785714286 0.12141071428571429 0.08225892857142857 0.12042261904761904
2 0.41150892857142857 0.14163690476190474 0.11295982142857143 0.16385119047619046
2 0.5085133928571428 0.08826190476190476 0.05697321428571429 0.054125000000000006
1 0.020352678571428574 0.3155476190476191 0.04070535714285715 0.1813154761904762
2 0.1858169642857143 0.12769642857142857 0.014254464285714285 0.03478571428571428
2 0.18845535714285713 0.17275000000000001 0.015066964285714286 0.047505952380952385
