2 0.50903125 0.7992685185185185 0.08211979166666666 0.3882685185185185
2 0.5048541666666667 0.3917685185185185 0.11258333333333333 0.2183425925925926
2 0.5088333333333334 0.25175 0.03831770833333333 0.14200925925925925
2 0.3767864583333333 0.16574999999999998 0.027697916666666666 0.11198148148148147
2 0.2435625 0.24333333333333335 0.032078125 0.12516666666666668
2 0.18101041666666667 0.26725 0.037187500000000005 0.1390648148148148
2 0.36123958333333334 0.1293425925925926 0.02090625 0.09780555555555555
2 0.37871875 0.038009259259259257 0.0159375 0.07562962962962963
2 0.4047291666666667 0.045518518518518514 0.017604166666666664 0.06903703703703704
2 0.5777760416666666 0.15487962962962964 0.025156249999999998 0.07479629629629629
2 0.49739062500000003 0.10626851851851851 0.067515625 0.17201851851851852
2 0.7136510416666667 0.931425925925926 0.11809375000000001 0.13714814814814816
