2 0.132671875 0.6777685185185185 0.07071354166666667 0.24403703703703705
2 0.488234375 0.48380555555555554 0.052671875 0.18018518518518517
2 0.5552395833333333 0.3312314814814815 0.03391145833333333 0.13737962962962963
2 0.6983750000000001 0.4647962962962963 0.047609374999999995 0.14525000000000002
2 0.48346354166666666 0.33870370370370373 0.031067708333333333 0.12011111111111111
2 0.5242656250000001 0.27971296296296294 0.027609375 0.11744444444444445
2 0.5032916666666667 0.24362037037037038 0.022984375 0.10124074074074074
2 0.5533697916666667 0.1870462962962963 0.02071354166666667 0.08531481481481482
2 0.435 0.17196296296296296 0.017479166666666667 0.07058333333333333
2 0.5391614583333334 0.1435648148148148 0.018338541666666666 0.07550925925925926
2 0.559921875 0.09252777777777778 0.014713541666666666 0.05831481481481481
2 0.5866770833333333 0.04303703703703703 0.0109375 0.0380462962962963
2 0.60534375 0.014277777777777778 0.008338541666666668 0.026814814814814816
2 0.607140625 0.03581481481481481 0.0110625 0.03285185185185185
2 0.5916875 0.025814814814814815 0.008807291666666666 0.03600925925925926
2 0.5460104166666666 0.04237037037037037 0.00859375 0.035166666666666666
2 0.575546875 0.03658333333333333 0.009510416666666667 0.03551851851851852
2 0.7461302083333333 0.4626574074074074 0.042515624999999994 0.1457962962962963
2 0.3413541666666667 0.24056481481481481 0.043734375 0.05963888888888889
2 0.3680729166666667 0.17757407407407408 0.050291666666666665 0.09723148148148149
2 0.611484375 0.10255555555555557 0.04579166666666667 0.1097962962962963
2 0.41353125 0.1477962962962963 0.016208333333333335 0.067
2 0.8741770833333333 0.5348703703703703 0.25164583333333335 0.2885
2 0.9457916666666667 0.9113611111111111 0.10841666666666666 0.17727777777777778
2 0.8937968749999999 0.43076851851851855 0.035671875 0.1235
2 0.9330208333333334 0.4255833333333333 0.03773958333333333 0.12546296296296297
2 0.9694843750000001 0.41681481481481486 0.034276041666666666 0.1233611111111111
