1 0.23586458333333335 0.20349074074074075 0.025364583333333336 0.13189814814814813
2 0.4179895833333333 0.5494629629629629 0.0684375 0.2929907407407408
2 0.30922916666666667 0.253712962962963 0.034937499999999996 0.1521111111111111
2 0.511671875 0.3471574074074074 0.040526041666666665 0.17849074074074076
2 0.37477604166666667 0.14246296296296299 0.025406250000000002 0.10243518518518518
2 0.44715104166666664 0.14827777777777776 0.024328125 0.10482407407407407
2 0.5315989583333333 0.1140462962962963 0.01961458333333333 0.09190740740740741
2 0.48696875 0.07679629629629629 0.018890625 0.08223148148148149
2 0.3980625 0.054287037037037036 0.015807291666666667 0.06761111111111111
2 0.37428645833333335 0.03640740740740741 0.014093749999999999 0.05961111111111111
2 0.39195312499999996 0.01711111111111111 0.011921875 0.03422222222222222
1 0.42571875 0.01837037037037037 0.06279166666666666 0.03674074074074074
2 0.4293385416666667 0.03758333333333334 0.014822916666666667 0.06567592592592593
2 0.4422916666666667 0.030342592592592595 0.012598958333333334 0.05489814814814815
2 0.45465104166666664 0.04019444444444444 0.014401041666666666 0.06382407407407407
2 0.4670833333333333 0.030157407407407407 0.013223958333333334 0.060314814814814814
2 0.519578125 0.05210185185185186 0.017166666666666667 0.0669351851851852
2 0.5766666666666667 0.1531574074074074 0.026135416666666668 0.08200925925925925
2 0.5900416666666667 0.14452777777777778 0.016432291666666668 0.07400925925925926
2 0.49011979166666664 0.03808333333333334 0.014510416666666666 0.06298148148148147
2 0.5945104166666667 0.8558055555555555 0.5742499999999999 0.28838888888888886
