2 0.7016770833333333 0.4689351851851852 0.04272395833333333 0.14850925925925926
2 0.7454375 0.472462962962963 0.03856770833333333 0.14817592592592593
2 0.8952708333333333 0.4359444444444444 0.038239583333333334 0.12699074074074074
2 0.9354739583333332 0.4278703703703704 0.03739583333333333 0.13305555555555554
2 0.9682916666666667 0.42274074074074075 0.03428125 0.12649074074074076
2 0.8729739583333332 0.534712962962963 0.2540572916666667 0.27267592592592593
2 0.944328125 0.9112314814814815 0.11134895833333333 0.17754629629629629
2 0.61184375 0.09868518518518518 0.044307291666666665 0.11171296296296297
2 0.32559375 0.7845648148148149 0.070671875 0.2857314814814815
2 0.5208645833333333 0.5145185185185185 0.054968750000000004 0.20330555555555554
2 0.4200989583333333 0.18237962962962964 0.07516666666666666 0.11047222222222222
2 0.627078125 0.30067592592592596 0.029291666666666667 0.08779629629629629
2 0.4886302083333333 0.2441759259259259 0.02471875 0.10706481481481481
2 0.26784895833333333 0.37351851851851847 0.040005208333333334 0.14881481481481482
2 0.2567864583333333 0.3090925925925926 0.028296875 0.07817592592592593
2 0.39597916666666666 0.2559537037037037 0.031385416666666666 0.11475
2 0.4788854166666667 0.11114814814814815 0.017135416666666667 0.05793518518518519
2 0.5182916666666667 0.0873425925925926 0.014104166666666666 0.0526574074074074
2 0.5442031249999999 0.0716574074074074 0.012354166666666666 0.05038888888888889
2 0.5310416666666666 0.06534259259259259 0.0143125 0.05099074074074074
2 0.5555989583333333 0.042861111111111114 0.009854166666666667 0.038268518518518514
2 0.5673072916666667 0.031629629629629626 0.009453125 0.03911111111111111
2 0.5751197916666667 0.027240740740740742 0.008713541666666666 0.03827777777777778
2 0.6073854166666667 0.022314814814814815 0.007776041666666666 0.03371296296296296
