2 0.5062656249999999 0.6127314814814815 0.04186458333333333 0.16644444444444442
2 0.29676041666666664 0.6987407407407408 0.055140625000000006 0.19647222222222221
2 0.05102604166666667 0.9468518518518518 0.09665625000000001 0.10628703703703704
2 0.4950572916666667 0.43687037037037035 0.026395833333333334 0.11410185185185186
2 0.5259166666666667 0.31825 0.015197916666666667 0.06512962962962963
2 0.55484375 0.3205092592592592 0.012994791666666667 0.06000925925925926
2 0.5752708333333333 0.28117592592592594 0.026390625 0.045314814814814815
2 0.5355104166666667 0.2703148148148148 0.010317708333333333 0.04714814814814815
2 0.562375 0.2601759259259259 0.009119791666666667 0.03529629629629629
2 0.5563281250000001 0.24380555555555555 0.007442708333333333 0.03284259259259259
2 0.6374583333333333 0.3444722222222222 0.038072916666666665 0.08099074074074074
2 0.64353125 0.516425925925926 0.10515104166666665 0.24981481481481482
