2 0.6749947916666666 0.6327962962962963 0.35328125 0.31150925925925926
2 0.8728750000000001 0.5260370370370371 0.25425000000000003 0.2584722222222222
2 0.6115572916666667 0.09875925925925925 0.04758333333333333 0.11687962962962964
2 0.5173697916666666 0.17224074074074075 0.020276041666666668 0.08031481481481481
2 0.3914635416666667 0.44335185185185183 0.047109375 0.17576851851851852
2 0.44861458333333337 0.28599074074074077 0.029901041666666666 0.11799074074074074
2 0.48590625000000004 0.2513240740740741 0.026364583333333334 0.11367592592592592
2 0.5716510416666666 0.13394444444444445 0.019463541666666664 0.06852777777777778
2 0.5150885416666667 0.09016666666666666 0.011807291666666667 0.05505555555555556
2 0.5234947916666667 0.08370370370370371 0.010390624999999999 0.049055555555555554
2 0.5318697916666667 0.06334259259259259 0.01021875 0.047685185185185185
2 0.5504583333333334 0.05344444444444444 0.010932291666666667 0.04641666666666667
2 0.54459375 0.05092592592592592 0.009630208333333333 0.03674074074074074
2 0.5730416666666667 0.062185185185185184 0.010760416666666666 0.05
2 0.579609375 0.05287037037037037 0.010645833333333334 0.047574074074074074
2 0.43239583333333337 0.2155462962962963 0.02090104166666667 0.09051851851851853
2 0.4238385416666667 0.1832962962962963 0.015510416666666667 0.07925925925925925
2 0.43345833333333333 0.15766666666666668 0.01521875 0.0631574074074074
2 0.3867552083333334 0.22106481481481483 0.023369791666666664 0.08999074074074073
2 0.4102239583333333 0.29467592592592595 0.02734375 0.12377777777777778
2 0.36796354166666667 0.34964814814814815 0.08344791666666666 0.12956481481481483
2 0.35555729166666666 0.246212962962963 0.03129166666666667 0.09862037037037037
1 0.3622760416666667 0.25289814814814815 0.022593750000000003 0.09578703703703705
2 0.2784270833333334 0.41730555555555554 0.04109895833333333 0.1584074074074074
2 0.2979010416666667 0.36616666666666664 0.030567708333333332 0.1302037037037037
2 0.30684374999999997 0.3077222222222222 0.032817708333333334 0.1082037037037037
2 0.3231510416666667 0.2780462962962963 0.025067708333333334 0.10441666666666666
2 0.10519791666666665 0.6742037037037036 0.07614583333333333 0.22542592592592595
2 0.7013333333333333 0.46976851851851853 0.044848958333333334 0.13976851851851851
2 0.7460052083333333 0.4631018518518518 0.043916666666666666 0.14187037037037037
2 0.89296875 0.4269074074074074 0.03575 0.11886111111111111
2 0.932546875 0.4203796296296296 0.04026041666666667 0.11507407407407408
2 0.96940625 0.41821296296296295 0.03758854166666667 0.11381481481481481
