2 0.48843749999999997 0.7512222222222222 0.080828125 0.3612314814814815
2 0.21495833333333333 0.3405185185185185 0.06511458333333334 0.1731574074074074
2 0.11167708333333333 0.3980740740740741 0.08980208333333332 0.19937962962962963
2 0.091078125 0.6047222222222223 0.1006875 0.2941759259259259
2 0.22391145833333334 0.253 0.03797916666666667 0.08187037037037037
2 0.3560885416666667 0.2000648148148148 0.03149479166666667 0.12415740740740741
2 0.41859375000000004 0.12625925925925927 0.02225520833333333 0.09793518518518518
2 0.45766666666666667 0.19385185185185186 0.025161458333333334 0.11789814814814814
2 0.4691354166666667 0.23335185185185187 0.029583333333333333 0.1454537037037037
2 0.49652083333333336 0.16608333333333333 0.025328125 0.11175
2 0.5468802083333333 0.15677777777777777 0.028817708333333334 0.11165740740740741
2 0.5215677083333333 0.07282407407407408 0.015234375 0.0795462962962963
2 0.5875520833333333 0.1424814814814815 0.022203125 0.07482407407407407
2 0.4688177083333333 0.11850000000000001 0.019692708333333333 0.09475925925925927
2 0.4514791666666667 0.08343518518518518 0.018583333333333334 0.08075925925925925
2 0.3892083333333333 0.061648148148148146 0.01788020833333333 0.07572222222222222
2 0.40967708333333336 0.029194444444444446 0.014833333333333334 0.05838888888888889
2 0.43280208333333337 0.05487037037037037 0.015942708333333333 0.0724537037037037
2 0.47994791666666664 0.07375925925925926 0.015328125 0.08141666666666668
2 0.4924427083333333 0.061370370370370374 0.011385416666666667 0.0669351851851852
1 0.3783697916666667 0.13308333333333333 0.021661458333333335 0.09924074074074074
2 0.276296875 0.15541666666666668 0.10686979166666667 0.18916666666666668
