2 0.9158437500000001 0.602638888888889 0.1683125 0.3129166666666667
2 0.8724427083333333 0.5328425925925926 0.2551145833333333 0.2813425925925926
2 0.5661822916666667 0.24410185185185185 0.1478020833333333 0.18536111111111112
2 0.6128177083333333 0.09966666666666667 0.04663541666666667 0.10944444444444444
2 0.47438541666666667 0.8897592592592594 0.07879166666666666 0.22048148148148147
2 0.6335156249999999 0.7323425925925926 0.059734375 0.25865740740740745
2 0.51146875 0.5940092592592592 0.05753645833333333 0.22478703703703704
2 0.495390625 0.4622222222222222 0.04969270833333333 0.18344444444444444
2 0.09090625 0.48815740740740743 0.04475520833333334 0.12149074074074075
2 0.19076041666666665 0.5106481481481482 0.04803125 0.1823425925925926
2 0.23158854166666665 0.5951296296296297 0.05975 0.23225925925925925
2 0.244171875 0.40428703703703706 0.03729166666666666 0.15214814814814814
2 0.34615625 0.4127592592592592 0.04036979166666667 0.16646296296296295
2 0.385796875 0.4510648148148148 0.04227604166666667 0.1716388888888889
2 0.4017291666666667 0.32401851851851854 0.028005208333333333 0.13711111111111113
2 0.3602239583333333 0.2806018518518519 0.029817708333333335 0.10849074074074075
2 0.47739583333333335 0.3239537037037037 0.034994791666666664 0.1396388888888889
2 0.3975 0.22053703703703703 0.026989583333333334 0.09152777777777778
2 0.4507760416666667 0.21103703703703702 0.021932291666666666 0.09369444444444444
2 0.43227604166666667 0.1689074074074074 0.018979166666666665 0.07528703703703704
2 0.5192760416666666 0.09739814814814815 0.011546875000000002 0.05416666666666667
2 0.504375 0.09300925925925926 0.012135416666666668 0.05311111111111111
2 0.531703125 0.08133333333333334 0.010364583333333333 0.04981481481481481
2 0.5282135416666667 0.06723148148148148 0.009458333333333334 0.04012962962962963
2 0.558359375 0.04699074074074074 0.010729166666666668 0.041324074074074076
2 0.5743229166666667 0.044500000000000005 0.008802083333333332 0.03788888888888889
2 0.5884114583333333 0.01998148148148148 0.007463541666666667 0.03360185185185185
2 0.6111458333333334 0.013833333333333333 0.007786458333333333 0.027666666666666666
2 0.6974322916666666 0.4694537037037037 0.047552083333333335 0.13778703703703704
2 0.7454583333333333 0.4652777777777778 0.044645833333333336 0.14333333333333334
2 0.32365625 0.25547222222222227 0.03177083333333333 0.0662962962962963
2 0.3459114583333333 0.23733333333333334 0.03461979166666666 0.05626851851851852
1 0.49488541666666663 0.10318518518518519 0.011380208333333334 0.05801851851851852
2 0.89253125 0.4344166666666667 0.036619791666666665 0.12462037037037037
2 0.9360208333333334 0.4235462962962963 0.033317708333333335 0.11830555555555555
2 0.966921875 0.41764814814814816 0.037828125 0.11887037037037036
