2 0.025177083333333336 0.7205 0.050359375 0.22637962962962963
2 0.16698437500000002 0.5738981481481481 0.06446354166666667 0.2215462962962963
2 0.43010937499999996 0.31178703703703703 0.02672916666666667 0.12325000000000001
2 0.46548958333333335 0.32375 0.029041666666666667 0.1233611111111111
2 0.5165 0.30174999999999996 0.029869791666666666 0.12169444444444445
2 0.7003125 0.4729351851851852 0.04521354166666667 0.13746296296296298
2 0.7476666666666667 0.46367592592592594 0.03981770833333333 0.1439537037037037
2 0.42666145833333335 0.20360185185185184 0.022802083333333334 0.09206481481481482
2 0.5333802083333333 0.17739814814814814 0.020468749999999997 0.08198148148148149
2 0.5829687499999999 0.18100925925925926 0.021432291666666665 0.08919444444444444
2 0.5624635416666667 0.10969444444444444 0.014973958333333334 0.060925925925925925
2 0.5266666666666667 0.06234259259259259 0.012510416666666666 0.04702777777777778
2 0.5422916666666667 0.04299074074074074 0.009677083333333333 0.03525925925925926
2 0.5600729166666666 0.04207407407407407 0.011145833333333332 0.040157407407407406
2 0.578390625 0.029333333333333333 0.008953125000000001 0.03657407407407407
2 0.5917135416666667 0.04249074074074074 0.008140625 0.039314814814814816
2 0.5996145833333333 0.02451851851851852 0.00784375 0.037037037037037035
2 0.6129427083333333 0.09805555555555556 0.044911458333333334 0.11173148148148149
2 0.233453125 0.33605555555555555 0.11669270833333334 0.238462962962963
2 0.87265625 0.53625 0.2546875 0.2844166666666667
2 0.9162187500000001 0.601537037037037 0.1675625 0.3190277777777778
2 0.8935208333333333 0.4268796296296296 0.032213541666666665 0.11618518518518518
2 0.9288020833333334 0.4173981481481482 0.046901041666666664 0.11067592592592593
2 0.9683020833333333 0.41549074074074077 0.0359375 0.1068611111111111
