2 0.6427239583333333 0.5168333333333333 0.10758854166666666 0.2545925925925926
2 0.6374947916666667 0.34173148148148147 0.03822916666666667 0.08260185185185184
1 0.578671875 0.4419814814814815 0.023255208333333333 0.10321296296296296
2 0.5784322916666667 0.26714814814814813 0.018317708333333335 0.04189814814814815
2 0.33513020833333335 0.6061851851851852 0.044828124999999996 0.16418518518518518
2 0.428421875 0.9147685185185186 0.06799479166666668 0.17047222222222225
2 0.496171875 0.3682962962962963 0.020458333333333335 0.07753703703703703
2 0.5221145833333334 0.3738240740740741 0.01728645833333333 0.08330555555555555
2 0.506828125 0.34197222222222223 0.014369791666666666 0.06696296296296296
2 0.5501770833333333 0.32145370370370374 0.012927083333333334 0.060111111111111115
2 0.533453125 0.27747222222222223 0.009932291666666667 0.04195370370370371
2 0.553125 0.2723240740740741 0.009213541666666667 0.04448148148148148
