2 0.834953125 0.6246666666666667 0.3300989583333333 0.3081296296296296
2 0.8943281249999999 0.5128425925925926 0.21134895833333334 0.22892592592592592
2 0.23371354166666666 0.34235185185185185 0.11474999999999999 0.24350925925925926
2 0.6128385416666667 0.09346296296296296 0.04420833333333333 0.10868518518518518
1 0.5074791666666667 0.10641666666666667 0.048942708333333335 0.1015
2 0.4993125 0.7934444444444444 0.06622395833333333 0.2977592592592592
2 0.24063020833333332 0.49402777777777773 0.064484375 0.17300925925925925
2 0.28732291666666665 0.42141666666666666 0.051619791666666665 0.13149074074074074
2 0.3686770833333333 0.3468611111111111 0.030994791666666667 0.13423148148148148
2 0.39678125000000003 0.2505 0.02783333333333333 0.1063148148148148
2 0.3860572916666667 0.2142314814814815 0.019921875 0.08968518518518519
2 0.4172864583333334 0.20855555555555558 0.020927083333333332 0.09094444444444444
2 0.4481614583333334 0.14872222222222223 0.016010416666666666 0.06759259259259259
2 0.41922916666666665 0.15125 0.022723958333333336 0.07263888888888889
2 0.4700416666666667 0.11652777777777777 0.013932291666666667 0.06614814814814815
2 0.5178020833333333 0.15026851851851852 0.018828124999999998 0.07437037037037036
2 0.5547864583333334 0.13007407407407406 0.017796875 0.07101851851851852
2 0.5518958333333334 0.08416666666666667 0.014098958333333333 0.05514814814814815
2 0.5370729166666667 0.0580462962962963 0.011541666666666667 0.041777777777777775
2 0.570390625 0.03919444444444444 0.008374999999999999 0.04246296296296296
2 0.5775885416666667 0.025055555555555553 0.0081875 0.038768518518518515
2 0.5569166666666666 0.04516666666666667 0.011640625 0.04565740740740741
2 0.9678333333333333 0.418 0.03521875 0.10551851851851851
2 0.9293437499999999 0.41686111111111107 0.04454166666666667 0.12703703703703703
2 0.8921666666666667 0.428462962962963 0.028223958333333334 0.1158425925925926
2 0.74546875 0.46019444444444446 0.042859375000000005 0.13169444444444445
2 0.6993958333333333 0.4720925925925926 0.042979166666666666 0.13433333333333333
