2 0.87334375 0.5356018518518519 0.2533125 0.2843703703703704
2 0.9104739583333333 0.4482962962962963 0.17905729166666667 0.23687962962962963
2 0.6133124999999999 0.09599074074074074 0.04515625 0.11373148148148148
2 0.23181770833333332 0.34252777777777776 0.11474999999999999 0.23644444444444446
2 0.5539270833333333 0.4559722222222222 0.038890625 0.17443518518518517
2 0.70115625 0.46935185185185185 0.043765625 0.1308425925925926
2 0.7474270833333333 0.46632407407407406 0.03838020833333333 0.147
2 0.20742708333333332 0.64075 0.06122916666666667 0.22548148148148148
2 0.4049947916666667 0.22945370370370372 0.022265625 0.09917592592592593
2 0.4678645833333333 0.21192592592592593 0.022078125 0.09585185185185185
2 0.5344218749999999 0.20373148148148149 0.018734375 0.0887037037037037
2 0.472125 0.17671296296296296 0.0201875 0.07542592592592592
2 0.5668593749999999 0.21491666666666667 0.021114583333333332 0.09997222222222223
2 0.5595 0.1406574074074074 0.01784375 0.07183333333333333
2 0.5209010416666666 0.09034259259259259 0.013572916666666665 0.05637962962962963
2 0.5485104166666667 0.053314814814814815 0.010453125 0.03788888888888889
2 0.5648958333333333 0.044861111111111115 0.009890624999999998 0.04134259259259259
2 0.59046875 0.04494444444444445 0.008953125000000001 0.03780555555555555
2 0.5931927083333334 0.023444444444444445 0.0091875 0.033694444444444444
