2 0.06786979166666667 0.3582407407407407 0.13573958333333333 0.35306481481481483
2 0.5425885416666667 0.20377777777777778 0.03529166666666667 0.13157407407407407
2 0.36892708333333335 0.14675000000000002 0.024765625 0.09982407407407408
2 0.5883645833333334 0.14441666666666667 0.022677083333333334 0.07457407407407408
2 0.541171875 0.5486203703703704 0.07180729166666668 0.2965740740740741
2 0.167765625 0.27205555555555555 0.03448958333333333 0.10557407407407407
2 0.31372916666666667 0.27770370370370373 0.039375 0.15596296296296297
2 0.22822916666666665 0.17537037037037037 0.053557291666666666 0.11386111111111111
2 0.30128645833333334 0.2010833333333333 0.029531250000000002 0.12412962962962963
2 0.3300989583333333 0.7978518518518518 0.09294270833333333 0.3835
2 0.4092083333333333 0.5166203703703705 0.057875 0.2860648148148148
2 0.44009375 0.5958611111111111 0.06872395833333332 0.2696574074074074
2 0.26040625 0.6771481481481482 0.09129166666666667 0.35197222222222224
2 0.17192708333333334 0.7576574074074074 0.091421875 0.3031203703703704
2 0.18087499999999998 0.9002685185185185 0.10931249999999999 0.19946296296296295
2 0.6692239583333334 0.865287037037037 0.14619270833333334 0.2694166666666667
2 0.04415104166666666 0.788425925925926 0.08830208333333332 0.4190555555555555
