2 0.7001666666666666 0.4743981481481482 0.043859375 0.1409351851851852
2 0.7497916666666666 0.46379629629629626 0.04311458333333333 0.1419537037037037
2 0.5140520833333333 0.23197222222222222 0.025807291666666666 0.10422222222222223
2 0.3757395833333333 0.30056481481481484 0.027973958333333333 0.10087962962962964
2 0.38902604166666666 0.27737962962962964 0.025614583333333333 0.108
2 0.37616145833333337 0.2412037037037037 0.021875 0.08501851851851851
2 0.4048333333333333 0.2126388888888889 0.021354166666666667 0.09167592592592592
2 0.46058333333333334 0.16598148148148148 0.018270833333333333 0.07656481481481481
2 0.452796875 0.14054629629629628 0.021213541666666665 0.07508333333333334
2 0.4942083333333333 0.08922222222222222 0.013119791666666667 0.05061111111111111
2 0.51228125 0.07931481481481481 0.011708333333333333 0.055481481481481486
2 0.5547447916666666 0.0492037037037037 0.010984375 0.0446574074074074
2 0.569109375 0.04050925925925926 0.009619791666666665 0.03961111111111111
2 0.58615625 0.07103703703703704 0.011307291666666667 0.053342592592592594
2 0.613203125 0.09562962962962963 0.04457291666666666 0.1087037037037037
2 0.8730052083333334 0.5333425925925925 0.2539895833333333 0.2783611111111111
2 0.9074375 0.42312037037037037 0.185125 0.17725925925925926
2 0.23141666666666666 0.3363240740740741 0.117390625 0.23637037037037037
