2 0.23353645833333334 0.33240740740740743 0.116671875 0.22933333333333333
2 0.8724322916666666 0.5354166666666667 0.255140625 0.27655555555555555
2 0.862015625 0.4720925925925926 0.2759739583333333 0.25176851851851856
2 0.6128802083333333 0.09583333333333334 0.04854166666666667 0.11035185185185185
2 0.554984375 0.1375462962962963 0.018687500000000003 0.0710925925925926
2 0.3428645833333333 0.46612962962962967 0.046265625 0.17733333333333334
2 0.30184374999999997 0.4112777777777778 0.05016145833333333 0.14402777777777778
2 0.2890520833333333 0.3813518518518519 0.040213541666666665 0.12815740740740741
2 0.4116770833333333 0.5387592592592593 0.047177083333333335 0.20453703703703704
2 0.36861458333333336 0.7387222222222223 0.07172916666666666 0.3012222222222222
2 0.513109375 0.6538981481481482 0.05863020833333333 0.2311111111111111
2 0.5547187499999999 0.4766111111111111 0.04290104166666667 0.17978703703703702
2 0.6296614583333333 0.7782222222222223 0.07299479166666667 0.2853148148148148
2 0.7025312499999999 0.4703611111111111 0.04685416666666666 0.1418148148148148
2 0.43899479166666666 0.35328703703703707 0.03280208333333333 0.1484074074074074
2 0.45384895833333333 0.18499074074074073 0.020848958333333334 0.08539814814814815
2 0.40415625 0.2706111111111111 0.02432291666666667 0.10344444444444445
2 0.364203125 0.31957407407407407 0.035557291666666664 0.12960185185185186
2 0.33238541666666666 0.3424537037037037 0.030515625 0.11749074074074074
2 0.33179166666666665 0.2985462962962963 0.029333333333333333 0.08753703703703704
2 0.4138645833333333 0.21623148148148147 0.02030208333333333 0.09652777777777778
2 0.35683333333333334 0.2390648148148148 0.03253645833333333 0.06349074074074074
2 0.43665625 0.26346296296296295 0.026822916666666665 0.10302777777777777
2 0.42321875000000003 0.24437037037037038 0.018171875 0.09493518518518519
2 0.5609947916666667 0.052620370370370366 0.013776041666666666 0.04940740740740741
2 0.18325 0.6784537037037037 0.08919270833333333 0.23051851851851854
2 0.8916406250000001 0.40819444444444447 0.028895833333333332 0.06777777777777778
2 0.9675052083333333 0.39405555555555555 0.030625 0.06912962962962962
2 0.9304739583333334 0.3895925925925926 0.0440625 0.07132407407407408
2 0.744078125 0.4331851851851852 0.03794270833333333 0.09182407407407407
