2 0.3336145833333333 0.06036111111111111 0.03510416666666667 0.12072222222222222
2 0.39584895833333333 0.033 0.025890625 0.066
2 0.44359895833333335 0.06807407407407406 0.034583333333333334 0.13615740740740742
2 0.46029166666666665 0.24649074074074073 0.04540625 0.20864814814814814
2 0.35271875 0.17073148148148146 0.049 0.18058333333333335
2 0.30547916666666663 0.1437962962962963 0.036119791666666665 0.16991666666666666
2 0.2659375 0.21661111111111112 0.04731770833333333 0.19825925925925927
2 0.19245833333333331 0.18966666666666668 0.04271354166666667 0.18760185185185185
2 0.039734375 0.21800925925925924 0.049770833333333334 0.2010648148148148
2 0.21198958333333331 0.4105740740740741 0.05574479166666667 0.2621111111111111
2 0.13507812500000002 0.5823611111111111 0.073796875 0.30014814814814816
2 0.084609375 0.8156851851851853 0.092640625 0.36862962962962964
2 0.03625520833333333 0.47005555555555556 0.072515625 0.2946666666666667
