2 0.06704166666666667 0.3521388888888889 0.13408854166666667 0.33969444444444447
2 0.31423958333333335 0.14919444444444444 0.050171875 0.0973888888888889
2 0.212109375 0.5682685185185186 0.06813541666666666 0.30589814814814814
2 0.12872395833333333 0.569037037037037 0.06282291666666667 0.3043518518518518
2 0.047703125 0.5110185185185185 0.09540625 0.24079629629629629
2 0.15394270833333332 0.4083981481481481 0.06291145833333334 0.1991203703703704
2 0.15484895833333334 0.2716018518518518 0.059515624999999996 0.14158333333333334
2 0.24600520833333334 0.25602777777777774 0.033499999999999995 0.1474814814814815
2 0.3525989583333333 0.28780555555555554 0.036609375000000006 0.17090740740740742
2 0.3884270833333333 0.1534074074074074 0.0249375 0.10580555555555556
2 0.38239062500000004 0.09426851851851852 0.018072916666666668 0.08937962962962963
2 0.42836979166666667 0.10171296296296296 0.018109375 0.08903703703703704
2 0.4138072916666667 0.07993518518518518 0.013286458333333334 0.07787962962962963
2 0.44488541666666664 0.0856851851851852 0.019020833333333334 0.08321296296296296
2 0.458421875 0.03921296296296296 0.01484375 0.05970370370370371
2 0.4472552083333333 0.03261111111111111 0.015072916666666667 0.058861111111111114
2 0.4851354166666667 0.03724074074074074 0.012718750000000001 0.06503703703703703
2 0.501359375 0.054814814814814816 0.01738020833333333 0.06777777777777778
2 0.47458333333333336 0.030444444444444448 0.013307291666666667 0.057601851851851855
2 0.404515625 0.023657407407407408 0.012932291666666667 0.047314814814814816
2 0.38795833333333335 0.040685185185185185 0.013677083333333334 0.059564814814814813
2 0.40198958333333334 0.06436111111111112 0.014822916666666667 0.06833333333333333
2 0.42803645833333337 0.03258333333333333 0.014833333333333334 0.060342592592592594
2 0.5998385416666667 0.22489814814814812 0.022500000000000003 0.13169444444444445
