2 0.3154895833333333 0.32769444444444445 0.034796875 0.1325
2 0.5151770833333333 0.23724074074074078 0.029072916666666667 0.10590740740740741
2 0.5368541666666666 0.18675 0.021500000000000002 0.08724074074074074
2 0.520671875 0.16197222222222224 0.018078125 0.07883333333333334
2 0.5651354166666667 0.1060648148148148 0.01440625 0.06166666666666666
2 0.7024947916666666 0.47102777777777777 0.04491666666666667 0.13932407407407407
2 0.42146354166666666 0.17212037037037037 0.017572916666666667 0.06414814814814815
2 0.48665625 0.10279629629629629 0.011385416666666667 0.05512037037037037
2 0.5122552083333333 0.09353703703703703 0.012812500000000001 0.05307407407407407
2 0.5321145833333333 0.08521296296296296 0.01203125 0.05288888888888889
2 0.5197499999999999 0.08082407407407408 0.010447916666666666 0.052333333333333336
2 0.5880781249999999 0.04730555555555556 0.011677083333333334 0.04085185185185185
2 0.5614270833333334 0.032462962962962964 0.031296875 0.06492592592592593
2 0.6123854166666667 0.09600925925925925 0.044098958333333334 0.11356481481481483
2 0.23470312499999998 0.334287037037037 0.12059375 0.2298611111111111
2 0.8615885416666667 0.4773148148148148 0.27681770833333336 0.2659722222222222
2 0.8728750000000001 0.5350185185185186 0.25425000000000003 0.27953703703703703
2 0.050666666666666665 0.5905740740740741 0.059484375 0.19927777777777778
