2 0.5527916666666666 0.4511759259259259 0.02411458333333333 0.11671296296296296
2 0.5533229166666668 0.3042592592592593 0.012770833333333334 0.050638888888888886
2 0.5880520833333333 0.3119722222222222 0.01278125 0.05577777777777778
2 0.5315416666666667 0.28032407407407406 0.024760416666666667 0.04803703703703704
2 0.5077291666666667 0.2705462962962963 0.029229166666666664 0.04701851851851852
2 0.4735833333333333 0.2779351851851852 0.028057291666666664 0.05280555555555556
2 0.5619270833333334 0.2842962962962963 0.02188020833333333 0.04569444444444445
2 0.6040989583333333 0.2883148148148148 0.01015625 0.04138888888888889
2 0.5481927083333333 0.24025925925925928 0.008296875 0.029083333333333333
2 0.5578489583333333 0.24357407407407408 0.007932291666666667 0.028046296296296295
2 0.5636354166666667 0.23763888888888887 0.007932291666666667 0.030574074074074076
2 0.5691354166666667 0.25237037037037036 0.008515625 0.029166666666666667
2 0.5529270833333333 0.21487037037037038 0.017770833333333333 0.0405925925925926
2 0.6433072916666667 0.5204351851851853 0.10540624999999999 0.26135185185185184
2 0.6383281249999999 0.3435648148148148 0.04273958333333334 0.08605555555555555
