2 0.6429010416666666 0.5172222222222222 0.10964583333333335 0.25458333333333333
2 0.6376145833333333 0.3446111111111111 0.039697916666666666 0.08293518518518518
2 0.48633333333333334 0.5794259259259259 0.038182291666666666 0.1604722222222222
2 0.46722395833333336 0.49836111111111114 0.028093749999999997 0.12056481481481482
2 0.38757291666666666 0.47324074074074074 0.029203125 0.12031481481481482
2 0.25604166666666667 0.5655833333333333 0.0421875 0.14944444444444446
2 0.513515625 0.3081203703703704 0.011296875000000001 0.05489814814814815
2 0.5666979166666667 0.3483611111111111 0.01765625 0.06870370370370371
2 0.548203125 0.3006666666666667 0.012963541666666667 0.05296296296296297
2 0.5582916666666667 0.3228888888888889 0.01646875 0.06407407407407407
2 0.52146875 0.2774814814814815 0.010541666666666666 0.04546296296296296
2 0.5530781250000001 0.246212962962963 0.00778125 0.031629629629629626
2 0.5618125 0.2331111111111111 0.005713541666666667 0.02626851851851852
2 0.5448802083333334 0.24429629629629626 0.007010416666666667 0.03126851851851852
2 0.5434635416666667 0.22990740740740742 0.014588541666666668 0.03374074074074074
2 0.44754687499999996 0.39616666666666667 0.030505208333333332 0.09126851851851851
