2 0.5519895833333333 0.6373796296296297 0.05792708333333333 0.25577777777777777
2 0.2879791666666666 0.6510185185185186 0.06115625 0.23860185185185184
2 0.22537500000000002 0.7015 0.06511458333333334 0.2655
2 0.3235 0.867712962962963 0.06969270833333334 0.26458333333333334
2 0.09883854166666667 0.5345648148148149 0.045375000000000006 0.17539814814814816
2 0.14113020833333334 0.44250925925925927 0.04036979166666667 0.14751851851851852
2 0.48530729166666664 0.19343518518518518 0.024567708333333334 0.09381481481481481
2 0.47905729166666666 0.11922222222222222 0.016229166666666666 0.0639074074074074
2 0.48890625000000004 0.13066666666666668 0.019265625 0.06457407407407408
2 0.547015625 0.11922222222222222 0.016723958333333334 0.0639074074074074
2 0.52575 0.0840462962962963 0.01378125 0.060222222222222226
2 0.5461145833333333 0.06578703703703703 0.012838541666666667 0.04962962962962963
2 0.2758072916666666 0.3052685185185185 0.0305625 0.09896296296296296
2 0.31449479166666666 0.2685 0.030859375 0.08837962962962963
2 0.3274739583333333 0.2438425925925926 0.027640625 0.08722222222222223
2 0.8932812499999999 0.43233333333333335 0.038427083333333334 0.13086111111111112
2 0.9344791666666666 0.42618518518518517 0.03748958333333333 0.12968518518518518
2 0.9681979166666667 0.41903703703703704 0.038260416666666665 0.13389814814814816
2 0.6116041666666666 0.03499074074074074 0.012578124999999999 0.047296296296296295
2 0.6107083333333333 0.09430555555555555 0.05036458333333334 0.11037037037037037
2 0.7300625000000001 0.5056851851851851 0.28907812499999996 0.27016666666666667
2 0.8724531249999999 0.539675925925926 0.25509895833333335 0.28630555555555554
