2 0.26467708333333334 0.9167592592592593 0.08298958333333334 0.16647222222222222
2 0.43077604166666666 0.4997962962962963 0.03497395833333334 0.12575
2 0.45896875000000004 0.28978703703703707 0.011619791666666665 0.04855555555555555
2 0.4810885416666667 0.3066203703703704 0.013489583333333333 0.05753703703703704
2 0.5067239583333333 0.30637037037037035 0.013369791666666667 0.055796296296296295
2 0.5424895833333333 0.3716111111111111 0.018244791666666666 0.08133333333333334
2 0.5838333333333333 0.36091666666666666 0.01828645833333333 0.07352777777777778
2 0.5956875 0.2807777777777778 0.013526041666666665 0.04412037037037037
2 0.6178645833333333 0.28350000000000003 0.026630208333333336 0.04092592592592593
2 0.481859375 0.26775925925925925 0.022677083333333334 0.047712962962962964
2 0.5241770833333333 0.2737685185185185 0.009395833333333332 0.04243518518518519
2 0.5550260416666667 0.22286111111111112 0.005807291666666667 0.019648148148148147
2 0.5715520833333334 0.2243240740740741 0.006223958333333333 0.020092592592592592
2 0.5433749999999999 0.29214814814814816 0.03668229166666667 0.08537037037037037
2 0.55578125 0.25819444444444445 0.029546874999999997 0.0545
2 0.6413281249999999 0.4873796296296296 0.09716666666666667 0.2314074074074074
2 0.6374270833333333 0.3405185185185185 0.03866666666666666 0.07841666666666666
