2 0.306640625 0.6863425925925926 0.06930729166666666 0.34629629629629627
2 0.40755729166666665 0.7386759259259259 0.08155729166666667 0.36949074074074073
2 0.5785572916666666 0.6793611111111112 0.08814583333333334 0.34343518518518523
2 0.708171875 0.9316018518518518 0.12446354166666666 0.13680555555555557
2 0.5628333333333334 0.4658888888888889 0.06086458333333333 0.23872222222222222
2 0.4567083333333333 0.2913703703703704 0.03819791666666667 0.16376851851851854
2 0.5186979166666666 0.2985277777777778 0.03925520833333333 0.15955555555555556
2 0.496484375 0.25384259259259256 0.0363125 0.1547037037037037
2 0.12825 0.4197037037037037 0.06044270833333333 0.14264814814814816
2 0.5769791666666666 0.23042592592592595 0.05616666666666667 0.13648148148148148
2 0.5299739583333333 0.13907407407407407 0.024661458333333334 0.10887962962962963
2 0.4899895833333333 0.12503703703703703 0.02411458333333333 0.097
2 0.5089895833333333 0.0430462962962963 0.019265625 0.0695925925925926
2 0.4912916666666666 0.06755555555555555 0.021510416666666664 0.05842592592592593
2 0.438078125 0.07701851851851853 0.016640625 0.0773611111111111
2 0.3705364583333333 0.034416666666666665 0.014369791666666666 0.06160185185185185
2 0.2792291666666667 0.20355555555555555 0.033578125 0.08506481481481482
2 0.13941145833333335 0.2852777777777778 0.08468229166666667 0.14664814814814814
2 0.05907291666666667 0.3527592592592593 0.07108854166666667 0.11871296296296296
