2 0.030729166666666665 0.3491944444444444 0.06146354166666667 0.3091111111111111
2 0.23327083333333334 0.23014814814814816 0.15211979166666667 0.21608333333333335
2 0.38425 0.066 0.04435416666666667 0.10383333333333333
2 0.4732395833333333 0.3063240740740741 0.10949479166666666 0.2264722222222222
2 0.6166874999999999 0.7639814814814815 0.05784375 0.2960925925925926
2 0.3758854166666667 0.7467222222222223 0.08318229166666667 0.37269444444444444
2 0.45153645833333333 0.5728981481481482 0.066078125 0.2966388888888889
2 0.6707552083333332 0.897611111111111 0.11390104166666666 0.20476851851851852
2 0.1995625 0.5178981481481482 0.05692708333333333 0.260712962962963
2 0.309265625 0.43849074074074074 0.05064583333333333 0.23152777777777778
2 0.26605729166666664 0.34364814814814815 0.04234375 0.19392592592592592
2 0.34296875 0.36903703703703705 0.04165625 0.21609259259259259
2 0.32935416666666667 0.2667592592592593 0.040468750000000005 0.15968518518518518
2 0.38736458333333335 0.2581388888888889 0.03496354166666667 0.15168518518518517
2 0.414 0.21737962962962964 0.027473958333333333 0.13499074074074074
2 0.4173958333333333 0.12737962962962962 0.02384375 0.0877037037037037
2 0.38045833333333334 0.15158333333333335 0.029828125 0.08980555555555556
2 0.371734375 0.19998148148148148 0.031484375 0.12488888888888888
2 0.5511770833333334 0.20208333333333334 0.030989583333333334 0.1290925925925926
2 0.5778125000000001 0.13944444444444443 0.0235 0.07479629629629629
2 0.4312083333333333 0.01897222222222222 0.016744791666666665 0.03794444444444444
2 0.4076458333333333 0.044814814814814814 0.0165 0.06763888888888889
2 0.4988072916666667 0.08248148148148148 0.025208333333333333 0.09050925925925926
