2 0.5168958333333333 0.6044074074074074 0.031489583333333335 0.1602037037037037
2 0.522390625 0.4616296296296296 0.028197916666666666 0.11133333333333333
2 0.5565885416666667 0.4385925925925926 0.024541666666666666 0.10692592592592592
2 0.59603125 0.3421666666666667 0.017489583333333333 0.06685185185185186
2 0.5529739583333334 0.27768518518518515 0.011239583333333332 0.04437962962962963
2 0.5869322916666667 0.2632129629629629 0.008843750000000001 0.03548148148148148
2 0.5551666666666667 0.2453611111111111 0.006072916666666667 0.029111111111111112
2 0.56925 0.2449074074074074 0.006078125 0.031083333333333334
2 0.516671875 0.30662962962962964 0.03266666666666666 0.05212962962962963
2 0.6413593750000001 0.48707407407407405 0.09699479166666666 0.22891666666666666
2 0.6375104166666666 0.34025000000000005 0.037828125 0.07905555555555555
2 0.5190885416666666 0.39718518518518514 0.052359375 0.10889814814814815
