1 0.6553229166666666 0.8542592592592593 0.06740624999999999 0.29147222222222224
2 0.8917447916666668 0.4336481481481481 0.035041666666666665 0.12616666666666665
2 0.9322343750000001 0.42641666666666667 0.03615625 0.12097222222222223
2 0.7475052083333333 0.46346296296296297 0.03302083333333333 0.13949999999999999
2 0.7025572916666667 0.47082407407407406 0.045557291666666666 0.1387962962962963
2 0.43199479166666666 0.4065740740740741 0.0356875 0.15225925925925926
2 0.025203125 0.6828148148148149 0.05041145833333334 0.24796296296296297
2 0.08085416666666667 0.5868518518518518 0.049630208333333335 0.2041851851851852
2 0.24186458333333333 0.3935925925925926 0.033890624999999994 0.14173148148148149
2 0.26641145833333335 0.3461018518518519 0.02742708333333333 0.1300925925925926
2 0.27840624999999997 0.30253703703703705 0.027114583333333334 0.10777777777777778
2 0.5113177083333333 0.22749074074074074 0.02071354166666667 0.11199999999999999
2 0.5192083333333334 0.17017592592592592 0.019140625 0.08071296296296296
2 0.543125 0.17719444444444446 0.021828124999999997 0.09474074074074074
2 0.5205520833333334 0.10087037037037037 0.014880208333333334 0.05937962962962962
2 0.5469114583333333 0.07162037037037036 0.012677083333333334 0.039314814814814816
2 0.539296875 0.04839814814814815 0.008963541666666667 0.04086111111111111
2 0.6107291666666667 0.09666666666666668 0.04766145833333334 0.11269444444444444
2 0.8728750000000001 0.5366944444444445 0.25425000000000003 0.2736296296296296
2 0.32505208333333335 0.2627037037037037 0.030130208333333335 0.08366666666666667
2 0.3520052083333333 0.24846296296296294 0.026744791666666667 0.09530555555555556
2 0.38519270833333336 0.20862037037037037 0.0219375 0.07117592592592593
