2 0.8724427083333333 0.5384537037037037 0.2551145833333333 0.29256481481481483
2 0.47994791666666664 0.21499074074074073 0.07082291666666667 0.1425648148148148
2 0.6107656250000001 0.09103703703703703 0.04600520833333333 0.1014537037037037
2 0.36009895833333333 0.5661574074074075 0.051609375 0.23995370370370367
2 0.24036458333333333 0.4321759259259259 0.04478125 0.1571759259259259
2 0.169171875 0.4210185185185185 0.030869791666666667 0.10090740740740742
2 0.31719791666666663 0.31228703703703703 0.030046874999999997 0.1303703703703704
2 0.3561875 0.25996296296296295 0.02469270833333333 0.11156481481481481
2 0.590640625 0.4040462962962963 0.04047395833333333 0.16573148148148148
2 0.700109375 0.46935185185185185 0.04413541666666666 0.1389351851851852
2 0.7448593750000001 0.4636018518518519 0.039890625 0.14762962962962964
2 0.8185 0.4252962962962963 0.037859375 0.07551851851851853
2 0.8548854166666667 0.40628703703703706 0.020348958333333333 0.07144444444444444
2 0.8941510416666667 0.4301388888888889 0.038119791666666666 0.11914814814814816
2 0.9313281250000001 0.42066666666666663 0.039552083333333335 0.11563888888888889
2 0.96775 0.41779629629629633 0.03775 0.11298148148148147
2 0.38519270833333336 0.2316851851851852 0.0219375 0.08953703703703704
2 0.4117135416666667 0.18938888888888888 0.019421874999999998 0.07592592592592592
2 0.4431614583333333 0.17689814814814817 0.018088541666666666 0.07563888888888888
2 0.5463229166666667 0.18538888888888888 0.026489583333333334 0.08952777777777778
2 0.5299427083333333 0.14246296296296299 0.019776041666666667 0.07157407407407407
2 0.519078125 0.09080555555555556 0.011151041666666667 0.05332407407407408
2 0.5362447916666666 0.0637962962962963 0.010760416666666666 0.04561111111111111
2 0.5494635416666667 0.06456481481481482 0.011161458333333334 0.04406481481481482
2 0.47799479166666664 0.1350277777777778 0.017531249999999998 0.04764814814814815
2 0.47618229166666665 0.11546296296296296 0.015635416666666666 0.05171296296296297
2 0.598140625 0.017499999999999998 0.006953125 0.03017592592592593
