2 0.5440104166666667 0.2587962962962963 0.0140625 0.03981481481481482
2 0.415453125 0.28117592592592594 0.023958333333333335 0.048768518518518524
2 0.5768229166666666 0.3449074074074074 0.019270833333333334 0.06944444444444445
2 0.61971875 0.34576851851851853 0.03184375 0.08836111111111111
2 0.56484375 0.2865740740740741 0.015104166666666667 0.049074074074074076
2 0.46510416666666665 0.2810185185185185 0.023958333333333335 0.049074074074074076
2 0.5131927083333333 0.29305555555555557 0.014932291666666668 0.05462962962962963
2 0.495140625 0.27762037037037035 0.02569270833333333 0.042898148148148144
2 0.5890625 0.375 0.019791666666666666 0.07962962962962963
2 0.51796875 0.36435185185185187 0.022395833333333334 0.08055555555555556
2 0.5557291666666667 0.399537037037037 0.025 0.08425925925925926
2 0.5481770833333334 0.4787037037037037 0.030729166666666665 0.11666666666666667
2 0.371875 0.5074074074074074 0.03958333333333333 0.14074074074074075
2 0.49375 0.7763888888888889 0.051041666666666666 0.2101851851851852
