2 0.11381250000000001 0.6538240740740741 0.22761979166666665 0.6923611111111111
2 0.14403125 0.3415185185185185 0.21075520833333333 0.2047962962962963
2 0.23840625000000001 0.21175925925925926 0.14325520833333333 0.2119537037037037
2 0.3674427083333333 0.24585185185185182 0.036744791666666665 0.1505
2 0.25596874999999997 0.3662592592592593 0.051296875 0.20242592592592593
2 0.26553645833333334 0.5223425925925926 0.06626562500000001 0.2738611111111111
2 0.5214427083333333 0.6050555555555556 0.06975520833333333 0.3170648148148148
2 0.6583541666666667 0.6619444444444444 0.11232291666666666 0.3345277777777778
2 0.673984375 0.8954907407407408 0.12274479166666666 0.20902777777777778
2 0.53025 0.24324074074074073 0.03319791666666667 0.14899074074074073
2 0.5018385416666666 0.06819444444444445 0.02206770833333333 0.08880555555555555
2 0.5775260416666667 0.1424814814814815 0.02645833333333333 0.07482407407407407
2 0.4798958333333333 0.047629629629629626 0.017536458333333334 0.06824999999999999
2 0.4533229166666667 0.07553703703703704 0.022265625 0.08908333333333333
2 0.4134114583333333 0.04487037037037037 0.019989583333333335 0.060675925925925925
2 0.38394791666666667 0.06473148148148147 0.042078125 0.10507407407407408
