2 0.2203125 0.32222222222222224 0.03854166666666667 0.14444444444444443
2 0.21075 0.4359166666666667 0.06257291666666667 0.23373148148148148
2 0.4453125 0.21666666666666667 0.030208333333333334 0.11296296296296296
2 0.05416666666666667 0.6656759259259258 0.086609375 0.3205
2 0.5806927083333334 0.21786111111111112 0.05096875 0.12460185185185184
2 0.34739583333333335 0.08935185185185185 0.06875 0.14351851851851852
2 0.49404687500000005 0.28776851851851853 0.039135416666666666 0.14669444444444446
2 0.09185416666666667 0.33637962962962964 0.06703645833333334 0.17989814814814814
2 0.42916666666666664 0.3375 0.04583333333333333 0.18055555555555555
2 0.48925 0.45119444444444445 0.06257291666666667 0.2462962962962963
2 0.3764895833333333 0.5744722222222222 0.070984375 0.28756481481481483
2 0.41119791666666666 0.10138888888888889 0.0234375 0.06759259259259259
2 0.484375 0.08425925925925926 0.019791666666666666 0.07962962962962963
2 0.4473958333333333 0.04722222222222222 0.017708333333333333 0.06481481481481481
2 0.51015625 0.19398148148148148 0.0296875 0.11574074074074074
2 0.490625 0.16527777777777777 0.04375 0.14722222222222223
2 0.12565104166666666 0.3038240740740741 0.053385416666666664 0.11226851851851852
2 0.7060989583333334 0.7896851851851852 0.07440625000000001 0.2645462962962963
