2 0.5403645833333334 0.2574074074074074 0.009895833333333333 0.03518518518518519
2 0.4359375 0.2638888888888889 0.022916666666666665 0.046296296296296294
2 0.49136979166666667 0.2896851851851852 0.016072916666666666 0.05212037037037037
1 0.89453125 0.7037037037037037 0.0765625 0.14074074074074075
2 0.5544270833333333 0.2675925925925926 0.011979166666666667 0.03888888888888889
2 0.6198645833333334 0.3456388888888889 0.03511979166666667 0.08676851851851851
2 0.5769322916666667 0.4041666666666667 0.025744791666666666 0.09166666666666666
2 0.58828125 0.5166666666666667 0.028645833333333332 0.1259259259259259
2 0.53046875 0.42962962962962964 0.025520833333333333 0.1037037037037037
1 0.588171875 0.3194444444444444 0.015625 0.06481481481481481
