2 0.5994791666666667 0.26990740740740743 0.0125 0.03796296296296296
2 0.57265625 0.26805555555555555 0.011979166666666667 0.03796296296296296
2 0.4549479166666667 0.2773148148148148 0.0265625 0.049074074074074076
1 0.4986979166666667 0.2824074074074074 0.05677083333333333 0.10925925925925926
2 0.4515625 0.4861111111111111 0.036458333333333336 0.12962962962962962
2 0.425 0.8472222222222222 0.06875 0.23333333333333334
2 0.496875 0.6699074074074074 0.04583333333333333 0.18425925925925926
2 0.6195208333333333 0.3435092592592593 0.034005208333333335 0.08476851851851852
2 0.6544895833333333 0.3658148148148148 0.04143229166666666 0.10469444444444444
2 0.6789947916666667 0.43568518518518523 0.07134895833333334 0.1333240740740741
