2 0.45755208333333336 0.37546296296296294 0.049479166666666664 0.13796296296296295
2 0.1953125 0.33240740740740743 0.059375 0.17037037037037037
2 0.43908854166666667 0.33354629629629634 0.039093750000000003 0.17859259259259258
2 0.12620833333333334 0.27980555555555553 0.06908333333333333 0.16260185185185186
2 0.43997916666666664 0.06962962962962964 0.01954166666666667 0.07741666666666666
2 0.39791666666666664 0.17824074074074073 0.027083333333333334 0.10092592592592593
2 0.37005208333333334 0.13333333333333333 0.025520833333333333 0.0962962962962963
2 0.44996875000000003 0.5933518518518519 0.07389583333333333 0.2947777777777778
2 0.55625 0.2412037037037037 0.034375 0.13055555555555556
2 0.5286458333333334 0.3239722222222222 0.042708333333333334 0.19278703703703703
2 0.3567708333333333 0.26430555555555557 0.034375 0.15656481481481482
2 0.20885416666666667 0.8226851851851852 0.09375 0.3509259259259259
2 0.26328125 0.27546296296296297 0.0453125 0.14537037037037037
2 0.26901041666666664 0.537962962962963 0.0640625 0.25
2 0.7042916666666666 0.7876203703703704 0.06811979166666667 0.260037037037037
2 0.37895833333333334 0.2210925925925926 0.032046875 0.13316666666666666
2 0.464078125 0.03160185185185185 0.016520833333333332 0.06319444444444444
