2 0.62109375 0.3449074074074074 0.034895833333333334 0.08055555555555556
2 0.42578125 0.32314814814814813 0.018229166666666668 0.06481481481481481
2 0.5291666666666667 0.29768518518518516 0.027083333333333334 0.04722222222222222
2 0.6848958333333334 0.5648148148148148 0.041666666666666664 0.14444444444444443
2 0.5229166666666667 0.45046296296296295 0.027083333333333334 0.11203703703703703
2 0.28098958333333335 0.9462962962962963 0.08177083333333333 0.10740740740740741
2 0.4747395833333333 0.6069444444444444 0.0421875 0.1638888888888889
2 0.16875 0.9069444444444444 0.090625 0.18425925925925926
2 0.5885416666666666 0.2759259259259259 0.0125 0.044444444444444446
2 0.6748125 0.4261388888888889 0.05603645833333334 0.13275925925925924
2 0.6557916666666667 0.3493981481481482 0.038828125 0.08421296296296296
