2 0.160046875 0.5685833333333333 0.06592187499999999 0.2906111111111111
2 0.459375 0.044444444444444446 0.016666666666666666 0.06296296296296296
2 0.3575520833333333 0.13789814814814816 0.021354166666666667 0.09457407407407407
2 0.27823437500000003 0.33994444444444444 0.03980729166666667 0.18306481481481482
2 0.5390625 0.15919444444444444 0.023958333333333335 0.11124074074074074
2 0.4315104166666667 0.040740740740740744 0.022395833333333334 0.07037037037037037
2 0.500671875 0.14947222222222223 0.024255208333333333 0.09735185185185186
2 0.3341145833333333 0.19305555555555556 0.028645833333333332 0.13055555555555556
2 0.40208333333333335 0.09537037037037037 0.022916666666666665 0.08703703703703704
2 0.37871875 0.18366666666666667 0.02619270833333333 0.12341666666666666
2 0.4786458333333333 0.23564814814814813 0.03229166666666667 0.10648148148148148
2 0.47291666666666665 0.12546296296296297 0.025 0.09351851851851851
2 0.48031770833333337 0.34867592592592594 0.04352604166666666 0.18042592592592593
2 0.5535729166666666 0.12698148148148147 0.025296875 0.10317592592592593
2 0.23511979166666666 0.21957407407407406 0.03422395833333333 0.13491666666666668
2 0.107515625 0.31349074074074074 0.037947916666666665 0.15608333333333332
2 0.48846875 0.0793611111111111 0.020088541666666668 0.08730555555555557
2 0.505578125 0.056212962962962965 0.017114583333333332 0.07539814814814816
2 0.5286458333333334 0.0793611111111111 0.018598958333333335 0.07407407407407407
2 0.4151770833333333 0.02512962962962963 0.01190625 0.05026851851851852
2 0.40439062499999995 0.0205 0.012651041666666666 0.04100925925925926
2 0.375 0.03438888888888889 0.016369791666666668 0.0582037037037037
2 0.7068437500000001 0.7910092592592592 0.07738020833333333 0.2698425925925926
