2 0.39616666666666667 0.17169444444444446 0.028796875 0.12116666666666667
2 0.48091666666666666 0.1551574074074074 0.083703125 0.17142592592592593
2 0.42373437500000005 0.09457407407407407 0.024552083333333332 0.09920370370370371
2 0.3511927083333333 0.17658333333333334 0.03125 0.11772222222222223
2 0.35714062500000004 0.10317592592592593 0.023807291666666668 0.09259259259259259
2 0.3854166666666667 0.11375925925925925 0.022322916666666668 0.08730555555555557
2 0.5669635416666666 0.18650925925925926 0.03422395833333333 0.10847222222222223
2 0.5758958333333334 0.24801851851851853 0.03869270833333334 0.14153703703703704
2 0.5885416666666666 0.32804629629629634 0.049109375000000004 0.17725000000000002
2 0.5431562499999999 0.2757962962962963 0.03422395833333333 0.15212037037037035
2 0.5267864583333333 0.34193518518518523 0.04761979166666667 0.1891574074074074
2 0.5420364583333334 0.4080740740740741 0.05133854166666666 0.1970925925925926
2 0.5572916666666666 0.5377037037037037 0.068453125 0.23941666666666667
2 0.48734895833333336 0.5046296296296297 0.07142708333333332 0.26587962962962963
2 0.3307291666666667 0.23809259259259258 0.030505208333333332 0.11639814814814814
2 0.3121302083333333 0.25793518518518516 0.03199479166666667 0.09259259259259259
2 0.3392864583333333 0.32407407407407407 0.0625 0.1455
2 0.2979895833333333 0.3293611111111111 0.052828125000000004 0.17989814814814814
2 0.2507447916666667 0.2222222222222222 0.025296875 0.1111111111111111
2 0.2593020833333333 0.25727777777777777 0.03496875 0.15212037037037035
2 0.23028125 0.31216666666666665 0.03943229166666666 0.16931481481481483
2 0.248140625 0.32407407407407407 0.04390104166666667 0.16931481481481483
2 0.25 0.4166666666666667 0.05505729166666666 0.22750925925925927
2 0.18452604166666667 0.36574074074074076 0.04761979166666667 0.17857407407407408
2 0.16555208333333335 0.4345277777777778 0.05878125 0.20237962962962963
2 0.16703645833333333 0.4748703703703704 0.060265624999999996 0.18783333333333335
2 0.21763541666666666 0.644175925925926 0.08109895833333333 0.32010185185185186
2 0.10788541666666666 0.4775092592592593 0.05505729166666666 0.20899074074074075
2 0.03496875 0.5410092592592592 0.0699375 0.27249074074074076
2 0.04724479166666666 0.7949722222222223 0.09449479166666667 0.37830555555555556
2 0.11011979166666667 0.6759259259259259 0.08928645833333333 0.3306851851851852
2 0.05059375 0.6045 0.075890625 0.2486759259259259
2 0.17224479166666665 0.5588611111111111 0.06175520833333333 0.28438888888888886
2 0.3191979166666667 0.5138888888888888 0.044645833333333336 0.26058333333333333
2 0.35453645833333336 0.5780462962962962 0.07663541666666666 0.2883611111111111
2 0.3169635416666667 0.7380925925925926 0.08184374999999999 0.36772222222222223
2 0.43973437499999996 0.6150833333333333 0.07142708333333332 0.32275
2 0.38839062500000004 0.8564814814814815 0.12648958333333335 0.28703703703703703
2 0.4713541666666667 0.8406111111111111 0.10044791666666668 0.31878703703703704
2 0.5543177083333333 0.7824074074074074 0.107140625 0.37169444444444444
2 0.603421875 0.9060833333333334 0.12797395833333333 0.18783333333333335
2 0.7016354166666667 0.7910092592592592 0.07886979166666667 0.2645462962962963
