1 0.7052083333333333 0.6837962962962963 0.0625 0.18425925925925926
2 0.7052083333333333 0.6837962962962963 0.0625 0.18425925925925926
1 0.5989583333333334 0.6356481481481482 0.03125 0.17314814814814813
2 0.6114583333333333 0.3990740740740741 0.021875 0.07592592592592592
2 0.553125 0.5555555555555556 0.041666666666666664 0.14444444444444443
2 0.35963541666666665 0.7944444444444444 0.0546875 0.22962962962962963
2 0.5473854166666666 0.3169166666666666 0.025145833333333333 0.05937962962962962
2 0.5120677083333333 0.30373148148148144 0.015270833333333334 0.057694444444444444
2 0.5683802083333334 0.2593981481481481 0.011572916666666665 0.03692592592592593
2 0.6046458333333333 0.36791666666666667 0.016401041666666664 0.07803703703703704
2 0.59675 0.3343888888888889 0.01797395833333333 0.06653703703703703
2 0.5781666666666666 0.3206388888888889 0.017260416666666667 0.057555555555555554
2 0.6771770833333334 0.42838888888888893 0.060770833333333336 0.13107407407407407
2 0.6569739583333334 0.3651111111111111 0.041192708333333335 0.1032962962962963
2 0.62753125 0.3031018518518519 0.027453125000000002 0.053342592592592594
