2 0.5763020833333333 0.287962962962963 0.019270833333333334 0.04814814814814815
2 0.5416666666666666 0.4148148148148148 0.025 0.07407407407407407
2 0.5484375 0.29212962962962963 0.013541666666666667 0.04537037037037037
2 0.48854166666666665 0.2712962962962963 0.03333333333333333 0.04814814814814815
2 0.5294270833333333 0.2851851851851852 0.0140625 0.04814814814814815
2 0.5122395833333333 0.32592592592592595 0.0171875 0.06481481481481481
2 0.59453125 0.3013888888888889 0.027604166666666666 0.05092592592592592
2 0.45898958333333334 0.32451851851851854 0.019020833333333334 0.06762037037037037
2 0.4613072916666667 0.3937407407407407 0.0268125 0.08377777777777778
2 0.446875 0.45231481481481484 0.029166666666666667 0.11203703703703703
2 0.5436145833333333 0.46337962962962964 0.027854166666666666 0.11397222222222222
2 0.4708333333333333 0.5069444444444444 0.03333333333333333 0.12314814814814815
2 0.52109375 0.9125 0.07552083333333333 0.17314814814814813
2 0.52890625 0.6699074074074074 0.0421875 0.17314814814814813
2 0.3263020833333333 0.8703703703703703 0.06614583333333333 0.24444444444444444
2 0.6776145833333334 0.4363796296296297 0.05990625 0.13472222222222222
2 0.6564583333333334 0.35108333333333336 0.045375000000000006 0.10610185185185185
2 0.5587083333333334 0.24837962962962962 0.018281250000000002 0.036500000000000005
