2 0.029942708333333335 0.35333333333333333 0.05988541666666667 0.3204722222222222
2 0.1396302083333333 0.33362037037037034 0.23046354166666666 0.3767314814814815
2 0.238125 0.2152777777777778 0.13925520833333332 0.19250925925925927
2 0.3009010416666667 0.15719444444444444 0.07210937499999999 0.13189814814814813
2 0.28915104166666666 0.5148796296296296 0.19507291666666668 0.4126574074074074
1 0.5839322916666667 0.20776851851851852 0.02705208333333333 0.1373703703703704
2 0.6650729166666667 0.8982407407407408 0.10947916666666666 0.20350925925925925
2 0.05046354166666667 0.8519444444444445 0.10093229166666666 0.2961018518518519
2 0.114203125 0.7527592592592592 0.09975520833333333 0.36624074074074076
2 0.44545833333333335 0.8504074074074075 0.11295833333333333 0.29918518518518517
2 0.5480260416666667 0.7525462962962963 0.09413020833333333 0.37507407407407406
2 0.42998958333333337 0.6699074074074074 0.08548958333333333 0.2653611111111111
2 0.5069791666666666 0.6015185185185185 0.064125 0.3291851851851852
2 0.45378124999999997 0.5030277777777777 0.05842708333333334 0.2680092592592592
2 0.5441822916666667 0.4444537037037037 0.04658333333333333 0.2368148148148148
2 0.57865625 0.4012685185185185 0.03636458333333333 0.2171111111111111
2 0.5024114583333333 0.3603981481481482 0.040130208333333334 0.19278703703703703
2 0.531703125 0.2901111111111111 0.03933333333333333 0.1633148148148148
2 0.38383333333333336 0.31242592592592594 0.03763541666666667 0.1725925925925926
2 0.4180729166666667 0.27428703703703705 0.04019791666666667 0.16130555555555556
2 0.35215104166666666 0.2699907407407407 0.03752604166666666 0.11938888888888889
2 0.348171875 0.19566666666666666 0.027484375000000002 0.11147222222222222
2 0.35475520833333335 0.1638888888888889 0.032317708333333334 0.11273148148148149
2 0.36619270833333334 0.1382962962962963 0.0208125 0.09487962962962963
2 0.3976354166666667 0.134 0.023286458333333333 0.09
2 0.40824479166666666 0.10112962962962962 0.017229166666666667 0.06819444444444445
2 0.5790833333333333 0.17756481481481481 0.07055729166666666 0.11230555555555556
1 0.5092291666666667 0.19090740740740741 0.03502083333333333 0.1260277777777778
2 0.5148645833333333 0.21469444444444444 0.03795833333333333 0.1272962962962963
2 0.5306354166666667 0.11797222222222221 0.021578125 0.09681481481481481
2 0.5011770833333333 0.08888888888888889 0.01891666666666667 0.08259259259259259
2 0.5169270833333334 0.07462037037037038 0.013947916666666667 0.06566666666666666
2 0.48386979166666666 0.030157407407407407 0.016588541666666668 0.06030555555555555
2 0.36891145833333333 0.026787037037037036 0.010635416666666668 0.05357407407407407
2 0.3948177083333333 0.04772222222222222 0.016609375 0.06558333333333333
2 0.44951562500000003 0.018787037037037036 0.011416666666666667 0.03758333333333334
2 0.42173958333333333 0.014583333333333334 0.011078125 0.029166666666666667
2 0.43066666666666664 0.012898148148148148 0.011223958333333334 0.025796296296296296
2 0.4068697916666667 0.012055555555555555 0.010505208333333333 0.02411111111111111
2 0.05757291666666667 0.49398148148148147 0.115140625 0.24682407407407406
2 0.16325520833333332 0.46591666666666665 0.09953645833333334 0.22718518518518518
2 0.16365104166666666 0.40797222222222224 0.10663541666666668 0.17471296296296296
