2 0.5437135416666667 0.270037037037037 0.04278125 0.15938888888888889
2 0.5051354166666667 0.8552870370370371 0.10565625000000001 0.28941666666666666
2 0.26242708333333337 0.2074074074074074 0.031697916666666666 0.12962962962962962
2 0.37753125 0.23247222222222222 0.039135416666666666 0.14008333333333334
2 0.244046875 0.3465648148148148 0.05773958333333333 0.20264814814814816
2 0.414734375 0.5320092592592593 0.20297395833333332 0.5751296296296297
2 0.21573437499999998 0.632537037037037 0.07581770833333333 0.3058240740740741
2 0.21168229166666666 0.24801851851851853 0.040921874999999996 0.13624074074074072
2 0.20238020833333334 0.3300277777777778 0.049109375000000004 0.17592592592592593
2 0.32738020833333337 0.21891666666666668 0.03571354166666666 0.14417592592592593
2 0.4877239583333333 0.04563888888888889 0.020088541666666668 0.06481481481481481
2 0.40327604166666664 0.10052777777777777 0.026786458333333332 0.08994444444444445
2 0.7079635416666666 0.7876944444444445 0.072171875 0.2632314814814815
2 0.6246302083333333 0.4828055555555555 0.06770833333333333 0.28571296296296295
2 0.43973437499999996 0.021824074074074076 0.016369791666666668 0.04364814814814815
