2 0.5455729166666666 0.29583333333333334 0.011979166666666667 0.04722222222222222
2 0.56484375 0.32083333333333336 0.013020833333333334 0.05648148148148148
2 0.3101979166666667 0.4648148148148148 0.03897395833333333 0.12222222222222222
2 0.5838541666666667 0.3055555555555556 0.0125 0.04814814814814815
2 0.5752604166666667 0.33178703703703705 0.0140625 0.06234259259259259
2 0.45390625 0.27870370370370373 0.028645833333333332 0.05
2 0.6739583333333333 0.5083333333333333 0.03125 0.12037037037037036
2 0.61015625 0.35648148148148145 0.018229166666666668 0.06666666666666667
2 0.503125 0.46435185185185185 0.029166666666666667 0.11203703703703703
2 0.5921875 0.6907407407407408 0.05 0.1814814814814815
2 0.67578125 0.43363888888888885 0.05902604166666667 0.12345370370370372
2 0.6529947916666666 0.3638148148148148 0.03428645833333333 0.08719444444444445
2 0.5212656250000001 0.2974537037037037 0.013890625 0.04398148148148148
2 0.6273854166666666 0.29127777777777775 0.022135416666666668 0.04243518518518519
2 0.5991770833333334 0.2793240740740741 0.009984375 0.03858333333333334
2 0.5551197916666666 0.2843333333333333 0.0078125 0.03935185185185185
2 0.5792083333333333 0.2800925925925926 0.010848958333333332 0.03858333333333334
2 0.5709635416666666 0.2889629629629629 0.01171875 0.04089814814814815
2 0.5631510416666666 0.2681296296296296 0.009984375 0.04089814814814815
