2 0.5901041666666667 0.300462962962963 0.015625 0.05092592592592592
2 0.5401041666666667 0.27546296296296297 0.013541666666666667 0.04722222222222222
2 0.56003125 0.31893518518518515 0.0169375 0.06582407407407408
2 0.52265625 0.3236111111111111 0.0171875 0.062037037037037036
2 0.4908854166666667 0.34953703703703703 0.0203125 0.0712962962962963
2 0.6041666666666666 0.3773148148148148 0.020833333333333332 0.0824074074074074
2 0.35390625 0.5935185185185186 0.04635416666666667 0.16111111111111112
2 0.44635416666666666 0.8532407407407407 0.0625 0.24351851851851852
2 0.67421875 0.4275462962962963 0.06353645833333334 0.1355648148148148
2 0.658828125 0.3658148148148148 0.05011458333333333 0.10469444444444444
