2 0.3416666666666667 0.23657407407407408 0.03958333333333333 0.13055555555555556
2 0.42161458333333335 0.11851851851851852 0.022395833333333334 0.07777777777777778
2 0.5464270833333333 0.4053611111111111 0.05952604166666667 0.23875925925925928
2 0.40130208333333334 0.15528703703703706 0.027453125000000002 0.10052777777777777
2 0.5127604166666667 0.17784259259259258 0.030729166666666665 0.11653703703703704
2 0.3731770833333333 0.5386203703703704 0.06614583333333333 0.27750925925925923
2 0.095609375 0.31878703703703704 0.048364583333333336 0.1587314814814815
2 0.30282812499999995 0.21957407407407406 0.037203125000000004 0.1375648148148148
2 0.6238854166666666 0.4761944444444444 0.06324479166666667 0.2301574074074074
2 0.3448645833333333 0.17327777777777775 0.030505208333333332 0.10052777777777777
2 0.3880208333333333 0.07229629629629629 0.01642708333333333 0.07050925925925926
2 0.40404687499999997 0.06552777777777777 0.014822916666666667 0.07264814814814814
2 0.7042395833333334 0.7903425925925927 0.07515104166666667 0.26587037037037037
2 0.36942187499999996 0.03438888888888889 0.017114583333333332 0.06878703703703705
