2 0.546875 0.27447222222222223 0.022916666666666665 0.04338888888888889
2 0.4484375 0.26435185185185184 0.023958333333333335 0.03611111111111111
2 0.5736979166666667 0.29583333333333334 0.013020833333333334 0.049074074074074076
2 0.51640625 0.28194444444444444 0.028645833333333332 0.04537037037037037
2 0.6096354166666667 0.34814814814814815 0.016145833333333335 0.06296296296296296
2 0.4630208333333333 0.3768518518518518 0.021875 0.07962962962962963
2 0.4484375 0.4064814814814815 0.023958333333333335 0.09074074074074075
2 0.5973958333333333 0.37222222222222223 0.017708333333333333 0.07222222222222222
2 0.4947916666666667 0.38551851851851854 0.021875 0.08769444444444444
2 0.4354166666666667 0.4878981481481481 0.034375 0.1220925925925926
2 0.4784947916666667 0.4910740740740741 0.036161458333333334 0.1321388888888889
2 0.5590052083333333 0.5323425925925925 0.032588541666666665 0.13505555555555557
2 0.47109375 0.6902129629629629 0.0546875 0.19524074074074074
2 0.6752447916666667 0.4292962962962963 0.05516666666666667 0.1236388888888889
2 0.6529895833333333 0.36314814814814816 0.034958333333333334 0.09319444444444445
1 0.570984375 0.2208148148148148 0.02372916666666667 0.05235185185185185
