2 0.5770833333333333 0.2763888888888889 0.0125 0.041666666666666664
2 0.45598958333333334 0.275 0.07760416666666667 0.05925925925925926
2 0.6104166666666667 0.31805555555555554 0.021875 0.05648148148148148
2 0.47578125 0.7680555555555556 0.0546875 0.21388888888888888
2 0.49166666666666664 0.43657407407407406 0.029166666666666667 0.10277777777777777
2 0.5526041666666667 0.4537037037037037 0.03854166666666667 0.1111111111111111
2 0.58046875 0.5180555555555556 0.03802083333333333 0.12685185185185185
2 0.559421875 0.2316851851851852 0.0058125 0.027805555555555556
2 0.67390625 0.4313981481481482 0.059432291666666665 0.12785185185185186
2 0.6550416666666667 0.35375 0.03558854166666667 0.08674074074074074
