2 0.44605729166666663 0.024537037037037038 0.021281249999999998 0.049074074074074076
2 0.3703125 0.2199722222222222 0.03229166666666667 0.1322777777777778
1 0.41744791666666664 0.24305555555555555 0.030729166666666665 0.10648148148148148
2 0.4953125 0.0719537037037037 0.022765625 0.0764537037037037
2 0.33645833333333336 0.17916666666666667 0.027083333333333334 0.11018518518518519
2 0.09594270833333333 0.666074074074074 0.0890625 0.33267592592592593
2 0.3925572916666667 0.1264537037037037 0.026786458333333332 0.1007962962962963
2 0.4693802083333333 0.029166666666666667 0.019421874999999998 0.058333333333333334
2 0.45661979166666666 0.20462962962962963 0.046578125000000005 0.13518518518518519
2 0.5155885416666667 0.7693148148148148 0.08459895833333334 0.36269444444444443
2 0.479984375 0.4646851851851852 0.062052083333333334 0.24656481481481482
2 0.07291666666666667 0.5985462962962963 0.06994270833333333 0.2949722222222222
2 0.650671875 0.8908703703703703 0.11830208333333332 0.21825
2 0.040177083333333335 0.8088611111111111 0.08035416666666667 0.37962962962962965
2 0.20386979166666666 0.24602777777777776 0.03571354166666666 0.1375648148148148
2 0.24702604166666667 0.32275 0.04315625 0.17195370370370372
2 0.2801354166666667 0.2876944444444444 0.040921874999999996 0.15475925925925924
2 0.3080364583333333 0.24537037037037038 0.03422395833333333 0.14417592592592593
2 0.2983645833333333 0.1448425925925926 0.028276041666666665 0.10713888888888888
2 0.30878125 0.19113888888888889 0.03571354166666666 0.09391666666666668
2 0.39620312500000004 0.2949722222222222 0.05431770833333334 0.17195370370370372
1 0.552453125 0.0985462962962963 0.021578125 0.10713888888888888
2 0.37797395833333336 0.044314814814814814 0.013390625 0.06216666666666667
2 0.41815625 0.059527777777777784 0.017859375 0.0793611111111111
2 0.704984375 0.7910092592592592 0.072171875 0.26719444444444446
