2 0.584375 0.2870092592592593 0.027083333333333334 0.050055555555555555
2 0.5388020833333333 0.27870370370370373 0.0140625 0.044444444444444446
2 0.5096354166666667 0.31666666666666665 0.0171875 0.06111111111111111
2 0.6078125 0.3087962962962963 0.015625 0.05277777777777778
2 0.5479166666666667 0.3037037037037037 0.016666666666666666 0.05555555555555555
2 0.5036458333333333 0.9305555555555556 0.078125 0.1388888888888889
2 0.4778645833333333 0.34120370370370373 0.021354166666666667 0.07314814814814814
2 0.38723958333333336 0.3800925925925926 0.024479166666666666 0.0824074074074074
2 0.5421875 0.40879629629629627 0.028125 0.09351851851851851
2 0.4674479166666667 0.4638888888888889 0.030729166666666665 0.11481481481481481
2 0.3653645833333333 0.4861111111111111 0.033854166666666664 0.12037037037037036
2 0.540625 0.5444444444444444 0.036458333333333336 0.13703703703703704
2 0.584375 0.4527777777777778 0.027083333333333334 0.10555555555555556
2 0.52109375 0.6537037037037037 0.0484375 0.17037037037037037
2 0.673546875 0.4275462962962963 0.056984375 0.1355648148148148
2 0.654171875 0.35185185185185186 0.037328125000000004 0.07368518518518519
2 0.5591041666666666 0.2540185185185185 0.009203125000000001 0.041490740740740745
2 0.5529895833333334 0.26878703703703705 0.010234374999999999 0.04410185185185186
2 0.5769270833333333 0.2622037037037037 0.008864583333333334 0.034305555555555554
2 0.6215468749999999 0.28688888888888886 0.010036458333333333 0.041574074074074076
