2 0.6200520833333333 0.32546296296296295 0.019270833333333334 0.06018518518518518
2 0.409375 0.26990740740740743 0.023958333333333335 0.049074074074074076
2 0.65721875 0.2836018518518519 0.08169791666666668 0.06137962962962964
2 0.44114583333333335 0.2763888888888889 0.023958333333333335 0.04722222222222222
2 0.42291666666666666 0.32407407407407407 0.01875 0.06481481481481481
2 0.5359375 0.3066759259259259 0.015625 0.057805555555555554
2 0.56171875 0.30833333333333335 0.016145833333333335 0.05555555555555555
2 0.4752604166666667 0.28062037037037035 0.028645833333333332 0.04616666666666667
2 0.46997916666666667 0.3301574074074074 0.019119791666666667 0.0656111111111111
2 0.5005208333333333 0.33611111111111114 0.01875 0.06851851851851852
2 0.5681927083333334 0.49702777777777774 0.031177083333333334 0.1279074074074074
2 0.5258906250000001 0.536175925925926 0.03303645833333333 0.1316111111111111
2 0.4267864583333333 0.5533703703703704 0.04211458333333333 0.14378703703703702
2 0.4732135416666667 0.7455648148148148 0.054463541666666664 0.19722222222222222
2 0.5381302083333334 0.23776851851851855 0.008557291666666666 0.02975925925925926
2 0.5571041666666667 0.23082407407407407 0.007067708333333334 0.027777777777777776
2 0.5621302083333333 0.23776851851851855 0.007442708333333333 0.02712037037037037
2 0.6772708333333333 0.4285740740740741 0.05840625 0.12830555555555556
