2 0.596875 0.37592592592592594 0.01875 0.07407407407407407
1 0.8953125 0.6986111111111111 0.06875 0.125
2 0.5609375 0.3768518518518518 0.019791666666666666 0.06851851851851852
2 0.5166666666666667 0.25277777777777777 0.03125 0.06481481481481481
2 0.58828125 0.41388888888888886 0.022395833333333334 0.08333333333333333
2 0.5247395833333334 0.36064814814814816 0.0203125 0.07314814814814814
2 0.17317708333333334 0.656462962962963 0.05572916666666667 0.1685462962962963
2 0.6779270833333333 0.42915740740740743 0.06401041666666667 0.12953703703703703
2 0.661671875 0.3585833333333333 0.05232291666666666 0.1303703703703704
2 0.5217604166666666 0.30275 0.015651041666666667 0.05592592592592593
2 0.6177916666666667 0.29524074074074075 0.028026041666666668 0.04708333333333333
2 0.5979427083333333 0.28525 0.010895833333333334 0.05024074074074074
1 0.5824739583333333 0.2655740740740741 0.00946875 0.04329629629629629
