1 0.5091145833333334 0.27546296296296297 0.022395833333333334 0.04722222222222222
2 0.478125 0.26666666666666666 0.025 0.044444444444444446
2 0.5 0.28935185185185186 0.022916666666666665 0.04722222222222222
2 0.6192708333333333 0.3013888888888889 0.013541666666666667 0.05277777777777778
2 0.4625 0.2652777777777778 0.021875 0.04722222222222222
2 0.5984375 0.3143518518518518 0.014583333333333334 0.058333333333333334
2 0.434375 0.32037037037037036 0.01875 0.06666666666666667
2 0.55 0.412962962962963 0.023958333333333335 0.09259259259259259
1 0.5533854166666666 0.2689814814814815 0.0546875 0.10092592592592593
2 0.44244791666666666 0.4703703703703704 0.0328125 0.11851851851851852
2 0.33619791666666665 0.5824074074074074 0.0421875 0.15925925925925927
2 0.6780468749999999 0.43062962962962964 0.05903645833333333 0.1293888888888889
2 0.655671875 0.3653888888888889 0.043796875 0.09150925925925926
