2 0.48489583333333336 0.1537037037037037 0.025 0.08888888888888889
2 0.08430208333333335 0.6601203703703703 0.08943229166666668 0.3295
2 0.39888541666666666 0.15542592592592594 0.03586458333333333 0.11508333333333334
2 0.7404739583333334 0.9464259259259259 0.13303645833333333 0.10713888888888888
2 0.3371302083333333 0.17083333333333334 0.035416666666666666 0.10833333333333334
2 0.35319791666666667 0.08114814814814815 0.06770833333333333 0.13823148148148148
2 0.5084427083333334 0.21091666666666667 0.03355729166666667 0.12076851851851853
2 0.21216145833333336 0.45363888888888887 0.06569791666666666 0.24457407407407405
2 0.43854166666666666 0.3928611111111111 0.05982291666666666 0.20158333333333334
2 0.5773802083333333 0.5685833333333333 0.07857291666666667 0.2876944444444444
2 0.48284895833333336 0.24913888888888888 0.037723958333333335 0.14166666666666666
2 0.45922395833333335 0.5101203703703703 0.07053645833333334 0.2588611111111111
2 0.37942708333333336 0.22361111111111112 0.027604166666666666 0.1175925925925926
2 0.32916666666666666 0.27685185185185185 0.035416666666666666 0.1425925925925926
2 0.3683020833333333 0.4105185185185185 0.056546874999999996 0.22897222222222222
2 0.43723958333333335 0.2564814814814815 0.041890625 0.14841666666666667
2 0.06584895833333333 0.549601851851852 0.07068229166666667 0.28175
2 0.18675520833333334 0.2764537037037037 0.04761979166666667 0.15079629629629632
2 0.20758854166666665 0.32407407407407407 0.049109375000000004 0.16931481481481483
2 0.22730729166666666 0.3630925925925926 0.06621875 0.18386111111111111
2 0.3206822916666667 0.23280555555555557 0.03125 0.1375648148148148
