2 0.67675 0.4345925925925926 0.06213020833333334 0.1104537037037037
2 0.5748489583333334 0.280287037037037 0.022619791666666667 0.04841666666666666
2 0.6022708333333333 0.29827777777777775 0.017036458333333334 0.05212037037037037
2 0.5052083333333334 0.9111111111111111 0.07083333333333333 0.17777777777777778
2 0.5546875 0.29259259259259257 0.026041666666666668 0.046296296296296294
2 0.5694947916666667 0.3811481481481481 0.025447916666666667 0.0882314814814815
2 0.5526041666666667 0.4662685185185185 0.031098958333333333 0.11772222222222223
2 0.654015625 0.35912962962962963 0.03869270833333334 0.08730555555555557
2 0.5626874999999999 0.23975000000000002 0.0078125 0.031083333333333334
2 0.49311979166666664 0.2609166666666667 0.017484375 0.03769444444444445
2 0.5712447916666666 0.23049074074074075 0.006322916666666667 0.023148148148148147
2 0.5634322916666666 0.21494444444444444 0.005578125000000001 0.018518518518518517
2 0.6049114583333334 0.2698425925925926 0.010416666666666666 0.02910185185185185
2 0.6333697916666666 0.2738055555555555 0.009302083333333332 0.03438888888888889
