2 0.3074427083333333 0.3295 0.04523958333333333 0.17750925925925926
2 0.4825520833333333 0.2162037037037037 0.0296875 0.11574074074074074
2 0.7252604166666666 0.9449074074074074 0.10260416666666666 0.11018518518518519
2 0.36220312499999996 0.35462962962962963 0.048067708333333334 0.2002685185185185
2 0.35703125 0.08287037037037037 0.06927083333333334 0.12314814814814815
2 0.375 0.24107407407407408 0.036458333333333336 0.13823148148148148
2 0.32834895833333333 0.15132407407407408 0.03125 0.10264814814814814
2 0.54375 0.26064814814814813 0.036458333333333336 0.14537037037037037
2 0.40048437499999995 0.1648148148148148 0.029093749999999998 0.11296296296296296
2 0.42310416666666667 0.12387962962962962 0.02715625 0.10225000000000001
2 0.6153645833333333 0.5837962962962963 0.0640625 0.28425925925925927
2 0.46770833333333334 0.2683240740740741 0.041666666666666664 0.1559537037037037
2 0.4230260416666667 0.6438518518518519 0.09814062500000001 0.3308240740740741
2 0.08333333333333333 0.5555555555555556 0.06398958333333334 0.28306481481481477
2 0.1484375 0.3862407407407407 0.04984895833333333 0.15608333333333332
2 0.162203125 0.3366388888888889 0.04613020833333333 0.11508333333333334
2 0.24590625 0.2956388888888889 0.036458333333333336 0.15475925925925924
2 0.28050520833333337 0.26587037037037037 0.044640624999999996 0.14814814814814814
2 0.521578125 0.1858425925925926 0.028276041666666665 0.12301851851851853
2 0.4702395833333333 0.08267592592592593 0.029760416666666668 0.08598148148148148
2 0.4077395833333333 0.05092592592592592 0.016369791666666668 0.07539814814814816
2 0.4252239583333333 0.046953703703703706 0.015625 0.07010185185185185
2 0.4389895833333333 0.027777777777777776 0.01190625 0.05555555555555555
2 0.39248437500000005 0.035055555555555555 0.011161458333333334 0.06481481481481481
2 0.5476197916666667 0.11508333333333334 0.022322916666666668 0.10317592592592593
2 0.5044635416666667 0.10119444444444445 0.052083333333333336 0.09656481481481483
2 0.6324427083333333 0.3611111111111111 0.041666666666666664 0.14021296296296296
2 0.45721875 0.031083333333333334 0.015625 0.06216666666666667
