2 0.5635416666666667 0.24675925925925926 0.010416666666666666 0.032407407407407406
2 0.678125 0.43703703703703706 0.06041666666666667 0.10740740740740741
2 0.609375 0.3148148148148148 0.016666666666666666 0.05185185185185185
2 0.546875 0.2675925925925926 0.0125 0.04259259259259259
2 0.4984375 0.27037037037037037 0.013541666666666667 0.046296296296296294
2 0.50703125 0.3023148148148148 0.015104166666666667 0.05648148148148148
2 0.5239583333333333 0.32685185185185184 0.01875 0.06481481481481481
2 0.4703125 0.3013888888888889 0.017708333333333333 0.06018518518518518
2 0.4908854166666667 0.34675925925925927 0.021354166666666667 0.075
2 0.56328125 0.4587962962962963 0.0296875 0.10833333333333334
2 0.45651041666666664 0.7935185185185185 0.07239583333333334 0.2222222222222222
2 0.5140625 0.537962962962963 0.03854166666666667 0.1388888888888889
2 0.390625 0.6148148148148148 0.04375 0.16296296296296298
2 0.654171875 0.3636388888888889 0.037328125000000004 0.10343518518518519
