2 0.5484375 0.3263888888888889 0.015625 0.05648148148148148
2 0.5614583333333333 0.2865740740740741 0.0125 0.04351851851851852
2 0.57578125 0.3106481481481482 0.016145833333333335 0.05648148148148148
2 0.5401041666666667 0.30277777777777776 0.015625 0.053703703703703705
2 0.47552083333333334 0.8597222222222223 0.071875 0.2361111111111111
2 0.6736666666666667 0.4367314814814815 0.05201041666666666 0.11999074074074075
2 0.661828125 0.3435740740740741 0.034645833333333334 0.08182407407407408
2 0.5906145833333334 0.2660277777777778 0.011625 0.04195370370370371
2 0.5723385416666668 0.2626296296296296 0.012005208333333333 0.033462962962962965
2 0.523671875 0.24452777777777776 0.0103125 0.03598148148148148
2 0.5457760416666667 0.22597222222222224 0.010015625 0.024120370370370372
