2 0.5755208333333334 0.27870370370370373 0.0125 0.040740740740740744
2 0.6778645833333333 0.4356481481481482 0.058854166666666666 0.10648148148148148
2 0.45234375 0.26481481481481484 0.0234375 0.04259259259259259
2 0.50078125 0.36342592592592593 0.022395833333333334 0.07314814814814814
2 0.5713177083333334 0.3332685185185185 0.01971875 0.06653703703703703
2 0.5450520833333333 0.35482407407407407 0.019270833333333334 0.07632407407407409
2 0.56796875 0.42262037037037037 0.0234375 0.09709259259259259
2 0.5206822916666667 0.5488055555555555 0.039286458333333336 0.14947222222222223
2 0.6644322916666667 0.3441388888888889 0.040484375 0.08912037037037036
2 0.5878333333333334 0.26311111111111113 0.010552083333333333 0.03510185185185185
2 0.5654583333333334 0.26002777777777775 0.012677083333333334 0.041277777777777774
2 0.556421875 0.23582407407407407 0.010229166666666668 0.03916666666666666
