2 0.4895833333333333 0.39166666666666666 0.019791666666666666 0.07037037037037037
2 0.41770833333333335 0.25833333333333336 0.014583333333333334 0.04259259259259259
2 0.48541666666666666 0.26944444444444443 0.027083333333333334 0.044444444444444446
2 0.3854166666666667 0.2898148148148148 0.023958333333333335 0.053703703703703705
2 0.5755208333333334 0.3101851851851852 0.015625 0.05
2 0.559375 0.3125 0.015625 0.05648148148148148
2 0.5106770833333333 0.3458333333333333 0.022395833333333334 0.06944444444444445
2 0.4875 0.43425925925925923 0.029166666666666667 0.1
2 0.5557291666666667 0.37916666666666665 0.021875 0.08055555555555556
2 0.59453125 0.38287037037037036 0.021354166666666667 0.0824074074074074
2 0.38177083333333334 0.5472222222222223 0.040625 0.1537037037037037
2 0.44423437499999996 0.4971574074074074 0.03430208333333333 0.12764814814814815
2 0.34140625 0.5143518518518518 0.03802083333333333 0.13425925925925927
2 0.4765260416666666 0.7475555555555555 0.063171875 0.20860185185185184
