2 0.452640625 0.11607407407407408 0.023286458333333333 0.10012962962962962
2 0.10740104166666667 0.44425000000000003 0.05543229166666667 0.23267592592592592
2 0.3886510416666667 0.18551851851851853 0.027307291666666667 0.11415740740740742
2 0.00546875 0.9356481481481481 0.0109375 0.1287037037037037
2 0.4171875 0.6162037037037037 0.06354166666666666 0.2824074074074074
2 0.2703125 0.24589814814814814 0.03511979166666667 0.1338611111111111
1 0.5585572916666667 0.3300925925925926 0.03869270833333334 0.1869074074074074
2 0.5453125 0.17195370370370372 0.026041666666666668 0.10423148148148148
2 0.16755729166666666 0.5310833333333334 0.06190625 0.26613888888888887
2 0.4154375 0.15860185185185185 0.02596875 0.10105555555555555
2 0.35598958333333336 0.0763888888888889 0.07135416666666666 0.12314814814814815
2 0.3659947916666667 0.22850925925925925 0.034078125 0.14299074074074075
2 0.22440625 0.3264537037037037 0.04047395833333333 0.18042592592592593
2 0.1078125 0.2973518518518518 0.14791666666666667 0.22010185185185185
2 0.3690104166666667 0.5439166666666666 0.05572916666666667 0.28253703703703703
2 0.32559375 0.20912962962962964 0.03363020833333333 0.14312037037037037
2 0.26971875 0.3787685185185185 0.045385416666666664 0.20542592592592593
2 0.4636927083333333 0.39061111111111113 0.04702604166666667 0.20475925925925925
2 0.45859375 0.7833333333333333 0.09114583333333333 0.362962962962963
2 0.29270833333333335 0.7513888888888889 0.1 0.3527777777777778
2 0.37871875 0.14417592592592593 0.026786458333333332 0.09259259259259259
2 0.43526562500000004 0.08135185185185186 0.017859375 0.08598148148148148
2 0.5744062499999999 0.1124351851851852 0.028276041666666665 0.10317592592592593
2 0.48846875 0.17063888888888887 0.030505208333333332 0.11639814814814814
2 0.6670364583333334 0.751324074074074 0.091515625 0.19047222222222224
2 0.6755937500000001 0.9034351851851852 0.11309374999999999 0.19312037037037036
