2 0.5697916666666667 0.25787037037037036 0.010416666666666666 0.03425925925925926
2 0.5585572916666667 0.27175925925925926 0.012947916666666667 0.03796296296296296
2 0.6010416666666667 0.287962962962963 0.029166666666666667 0.04259259259259259
2 0.41569791666666667 0.25866666666666666 0.015625 0.042722222222222224
2 0.56328125 0.3101851851851852 0.013020833333333334 0.05185185185185185
2 0.5713541666666667 0.3333333333333333 0.015625 0.06296296296296296
2 0.5822916666666667 0.35648148148148145 0.01875 0.06851851851851852
2 0.5479166666666667 0.4773148148148148 0.027083333333333334 0.12129629629629629
2 0.50859375 0.5060185185185185 0.0328125 0.1287037037037037
2 0.5338541666666666 0.6444444444444445 0.04479166666666667 0.17037037037037037
2 0.67090625 0.43237962962962967 0.06384895833333333 0.14833333333333332
2 0.6707447916666667 0.35079629629629633 0.05311458333333333 0.11787962962962963
