2 0.5565833333333334 0.25833333333333336 0.03608854166666667 0.1537037037037037
2 0.033890624999999994 0.6836666666666666 0.06778124999999999 0.33267592592592593
1 0.323625 0.19100925925925924 0.10617708333333334 0.17275
2 0.49683854166666663 0.28499074074074077 0.05230729166666667 0.1715648148148148
2 0.34341666666666665 0.407212962962963 0.05483854166666667 0.22182407407407406
2 0.105765625 0.2978796296296296 0.14382291666666666 0.22089814814814815
2 0.251859375 0.42394444444444446 0.07068229166666667 0.24206481481481482
2 0.38765104166666664 0.02973148148148148 0.014880208333333334 0.059453703703703696
2 0.40124479166666666 0.037564814814814815 0.014322916666666666 0.05860185185185185
2 0.44717187500000005 0.06084259259259259 0.025296875 0.07142592592592592
2 0.4769322916666667 0.03373148148148148 0.013390625 0.05687962962962963
2 0.4888385416666667 0.05225 0.020833333333333332 0.07275
2 0.580359375 0.1316111111111111 0.03869270833333334 0.09391666666666668
2 0.6569947916666667 0.7910092592592592 0.20684375 0.4179814814814815
2 0.673359375 0.9146851851851852 0.07738020833333333 0.1653425925925926
2 0.431640625 0.024305555555555556 0.01484375 0.04861111111111111
2 0.41106770833333334 0.028009259259259258 0.013802083333333333 0.056018518518518516
2 0.45846354166666664 0.02638888888888889 0.013802083333333333 0.05277777777777778
