2 0.56640625 0.2824074074074074 0.011979166666666667 0.037037037037037035
2 0.5927083333333333 0.274537037037037 0.009375 0.03425925925925926
2 0.5723958333333333 0.30648148148148147 0.0125 0.046296296296296294
2 0.5453125 0.30694444444444446 0.013541666666666667 0.05092592592592592
2 0.5591145833333333 0.3402777777777778 0.0171875 0.06574074074074074
2 0.490625 0.42268518518518516 0.028125 0.10092592592592593
2 0.5197916666666667 0.5078703703703704 0.035416666666666666 0.13796296296296295
2 0.5682291666666667 0.9009259259259259 0.053125 0.19444444444444445
2 0.2520833333333333 0.8958333333333334 0.078125 0.20833333333333334
2 0.6408854166666667 0.3685185185185185 0.019270833333333334 0.07777777777777778
2 0.6776510416666667 0.43371296296296297 0.05825 0.12322222222222223
