2 0.5666666666666667 0.2916666666666667 0.010416666666666666 0.037037037037037035
2 0.5390625 0.3611111111111111 0.042708333333333334 0.10185185185185185
1 0.5484375 0.21944444444444444 0.025 0.05
2 0.5494791666666666 0.2675925925925926 0.009375 0.03333333333333333
2 0.5591145833333333 0.2777777777777778 0.009895833333333333 0.03333333333333333
2 0.5270833333333333 0.275 0.0125 0.03888888888888889
2 0.45625 0.262037037037037 0.029166666666666667 0.040740740740740744
2 0.6796875 0.43703703703703706 0.059375 0.1111111111111111
2 0.5130208333333334 0.34305555555555556 0.019791666666666666 0.06574074074074074
2 0.5205729166666667 0.4134259259259259 0.024479166666666666 0.08796296296296297
2 0.5122395833333333 0.28888888888888886 0.028645833333333332 0.046296296296296294
2 0.60625 0.34953703703703703 0.022916666666666665 0.06759259259259259
2 0.5088541666666667 0.5365740740740741 0.034375 0.1398148148148148
2 0.6518437499999999 0.32323148148148145 0.048296875 0.07200000000000001
2 0.6409114583333333 0.36623148148148144 0.01964583333333333 0.07299074074074074
