2 0.6142239583333333 0.3004074074074074 0.014906250000000001 0.0510462962962963
2 0.6781614583333333 0.43644444444444447 0.061385416666666665 0.11415740740740742
2 0.57421875 0.30185185185185187 0.013020833333333334 0.04814814814814815
2 0.5833333333333334 0.33796296296296297 0.01875 0.06481481481481481
2 0.5575520833333333 0.3976851851851852 0.0265625 0.09351851851851851
2 0.5718020833333333 0.6134259259259259 0.04702604166666667 0.17632407407407408
2 0.634375 0.45 0.026041666666666668 0.09444444444444444
2 0.45260416666666664 0.2726851851851852 0.023958333333333335 0.04722222222222222
2 0.39869791666666665 0.29398148148148145 0.0328125 0.05277777777777778
2 0.6396510416666668 0.3645833333333333 0.018229166666666668 0.07060185185185185
2 0.5369479166666667 0.2494259259259259 0.023760416666666666 0.034722222222222224
2 0.5494791666666666 0.22077777777777777 0.006510416666666667 0.020259259259259258
2 0.55696875 0.21383333333333332 0.006510416666666667 0.019101851851851852
2 0.5056979166666667 0.2586851851851852 0.012692708333333334 0.03819444444444445
