2 0.6088541666666667 0.015148148148148148 0.025447916666666667 0.03028703703703704
2 0.4687135416666666 0.2300925925925926 0.043078124999999995 0.20462962962962963
2 0.17682291666666666 0.9125 0.10572916666666667 0.17314814814814813
2 0.4441197916666667 0.27975925925925926 0.05788541666666667 0.2190462962962963
2 0.5021927083333334 0.40562037037037035 0.0734375 0.25727777777777777
2 0.50684375 0.04113888888888889 0.035416666666666666 0.07857407407407407
2 0.5547239583333333 0.05026851851851852 0.03534375 0.10052777777777777
2 0.5264895833333333 0.12037037037037036 0.03869270833333334 0.1539722222222222
2 0.5794635416666666 0.260712962962963 0.054463541666666664 0.19814814814814816
2 0.3783489583333333 0.20284259259259257 0.04984895833333333 0.19589814814814815
2 0.28140104166666663 0.5008611111111111 0.07425520833333334 0.2882314814814815
2 0.546875 0.8458333333333333 0.1 0.30648148148148147
