2 0.6388020833333333 0.36435185185185187 0.0171875 0.06574074074074074
2 0.4234375 0.3236111111111111 0.01875 0.06574074074074074
2 0.5609375 0.26990740740740743 0.011458333333333333 0.03796296296296296
2 0.5411458333333333 0.26481481481481484 0.011458333333333333 0.040740740740740744
2 0.57578125 0.2902777777777778 0.013020833333333334 0.04537037037037037
2 0.634375 0.44722222222222224 0.022916666666666665 0.08888888888888889
2 0.6783854166666666 0.43842592592592594 0.058854166666666666 0.10833333333333334
2 0.5213541666666667 0.32731481481481484 0.023958333333333335 0.06388888888888888
2 0.55 0.7152777777777778 0.05 0.2064814814814815
2 0.5557291666666667 0.5430555555555555 0.034375 0.13240740740740742
