2 0.4283854166666667 0.16805555555555557 0.0296875 0.0787037037037037
2 0.1046875 0.30185185185185187 0.13958333333333334 0.21666666666666667
2 0.3815104166666667 0.18333333333333332 0.028645833333333332 0.09074074074074075
2 0.5138020833333333 0.6541666666666667 0.06927083333333334 0.30833333333333335
2 0.15714062499999998 0.662962962962963 0.08496875 0.3333333333333333
2 0.4473958333333333 0.1162037037037037 0.019791666666666666 0.0824074074074074
2 0.01953125 0.8166666666666667 0.0390625 0.3074074074074074
2 0.5358645833333333 0.10489814814814816 0.022765625 0.09153703703703704
2 0.2640625 0.2814814814814815 0.04375 0.13703703703703704
2 0.42265625 0.2273148148148148 0.0296875 0.10277777777777777
2 0.37154166666666666 0.2523148148148148 0.035046875000000005 0.14722222222222223
2 0.4933020833333333 0.06309259259259259 0.023067708333333332 0.07380555555555555
2 0.38776041666666666 0.6046296296296296 0.06614583333333333 0.29444444444444445
2 0.40677083333333336 0.4564814814814815 0.059375 0.21851851851851853
2 0.45286458333333335 0.4060185185185185 0.0546875 0.21944444444444444
2 0.5029739583333334 0.3445740740740741 0.04613020833333333 0.1891574074074074
2 0.2734375 0.5601851851851852 0.07068229166666667 0.2949722222222222
2 0.13690625 0.5403425925925927 0.06696354166666667 0.26851851851851855
2 0.15476041666666665 0.45172222222222225 0.05505729166666666 0.20502777777777778
2 0.16480729166666666 0.3458981481481481 0.05431770833333334 0.16005555555555556
2 0.33370312500000004 0.3055555555555556 0.048364583333333336 0.17195370370370372
2 0.236234375 0.4556851851851852 0.057291666666666664 0.2526481481481482
2 0.21540104166666665 0.2433888888888889 0.03199479166666667 0.08200925925925925
2 0.32998437500000005 0.16799074074074075 0.06175520833333333 0.1428611111111111
2 0.40810937500000005 0.13823148148148148 0.020088541666666668 0.08068518518518518
2 0.41480729166666663 0.17923148148148146 0.02753125 0.1124351851851852
2 0.4308020833333333 0.08399074074074074 0.022322916666666668 0.08333333333333333
2 0.3921145833333333 0.06216666666666667 0.017859375 0.07672222222222222
2 0.4613072916666667 0.02712037037037037 0.017859375 0.054231481481481485
2 0.4438229166666667 0.02512962962962963 0.015625 0.05026851851851852
2 0.5200885416666667 0.054231481481481485 0.017859375 0.0661388888888889
