2 0.40493229166666667 0.2036296296296296 0.031802083333333335 0.12791666666666668
2 0.4171875 0.10092592592592593 0.022916666666666665 0.07962962962962963
2 0.49216145833333336 0.18418518518518517 0.029119791666666665 0.12421296296296297
2 0.45036458333333335 0.03518518518518519 0.016348958333333333 0.05925925925925926
2 0.3776041666666667 0.25643518518518515 0.036458333333333336 0.15008333333333335
2 0.26328125 0.40850000000000003 0.05260416666666667 0.23485185185185184
2 0.46953125 0.10277777777777777 0.022395833333333334 0.08518518518518518
2 0.10234375 0.30925925925925923 0.1359375 0.20185185185185187
2 0.31775520833333337 0.25722222222222224 0.05026041666666667 0.15912037037037036
2 0.3301875 0.1585925925925926 0.06644270833333334 0.1347037037037037
2 0.40235937499999996 0.13887962962962963 0.02471354166666667 0.07872222222222222
2 0.38428645833333336 0.05203703703703704 0.01665625 0.07282407407407408
1 0.5463177083333334 0.11664814814814815 0.017802083333333333 0.10636111111111111
2 0.46048958333333334 0.026083333333333333 0.011072916666666667 0.05177777777777778
2 0.5124583333333333 0.05421296296296296 0.016057291666666664 0.07409259259259258
