2 0.45078125 0.2902777777777778 0.030729166666666665 0.04351851851851852
2 0.534375 0.35694444444444445 0.022916666666666665 0.075
2 0.5265625 0.4217592592592593 0.027083333333333334 0.09351851851851851
1 0.60546875 0.3722037037037037 0.022395833333333334 0.0824074074074074
2 0.49505208333333334 0.5324074074074074 0.03697916666666667 0.14444444444444443
2 0.63503125 0.4469074074074074 0.02508854166666667 0.09403703703703704
2 0.6389791666666667 0.3702314814814815 0.015619791666666666 0.07340740740740741
2 0.6608802083333334 0.3406296296296296 0.033380208333333335 0.08210185185185186
2 0.676390625 0.4384166666666667 0.05919270833333334 0.11101851851851853
1 0.559421875 0.20910185185185187 0.023171875 0.042111111111111106
