2 0.5911458333333334 0.30092592592592593 0.013541666666666667 0.04814814814814815
2 0.6346458333333334 0.4448611111111111 0.026578125 0.09360185185185185
2 0.57421875 0.29953703703703705 0.015104166666666667 0.05092592592592592
2 0.59921875 0.3125 0.0140625 0.049074074074074076
2 0.5541666666666667 0.2962962962962963 0.015625 0.053703703703703705
2 0.5713541666666667 0.36435185185185187 0.021875 0.075
1 0.42604166666666665 0.361 0.14583333333333334 0.2539351851851852
2 0.6419270833333334 0.29803703703703704 0.0234375 0.04976851851851852
2 0.6755625 0.4346296296296296 0.059270833333333335 0.11578703703703704
2 0.6598958333333333 0.34125925925925926 0.040088541666666665 0.08645370370370371
2 0.5510937499999999 0.24256481481481484 0.008255208333333333 0.03412037037037037
