2 0.42682291666666666 0.1375 0.0328125 0.08796296296296297
2 0.52421875 0.012037037037037037 0.0234375 0.024074074074074074
2 0.49947916666666664 0.03287037037037037 0.028125 0.06388888888888888
2 0.47604166666666664 0.022685185185185187 0.025 0.04537037037037037
2 0.04088541666666667 0.8930555555555556 0.08177083333333333 0.21203703703703702
2 0.6075520833333333 0.01898148148148148 0.025520833333333333 0.03796296296296296
2 0.22373437499999999 0.05925925925925926 0.037947916666666665 0.11851851851851852
2 0.42421875 0.23472222222222222 0.04739583333333333 0.18425925925925926
2 0.45078125 0.10648148148148148 0.0359375 0.13703703703703704
2 0.48046875 0.3199074074074074 0.058854166666666666 0.20277777777777778
2 0.34713541666666664 0.4652777777777778 0.06302083333333333 0.24351851851851852
2 0.5234375 0.1412037037037037 0.03854166666666667 0.16203703703703703
2 0.4322916666666667 0.029166666666666667 0.029166666666666667 0.05648148148148148
2 0.38031770833333334 0.10912962962962963 0.041890625 0.15212037037037035
2 0.5734375 0.1 0.034375 0.14074074074074075
2 0.06171875 0.7 0.09322916666666667 0.35
2 0.5815104166666667 0.29212962962962963 0.05260416666666667 0.19722222222222222
2 0.3059895833333333 0.7703703703703704 0.09114583333333333 0.3388888888888889
2 0.5942708333333333 0.5171296296296296 0.06770833333333333 0.28425925925925927
2 0.5033854166666667 0.4666018518518519 0.0609375 0.2593888888888889
1 0.3590052083333333 0.0205 0.11234895833333333 0.04100925925925926
