2 0.35762499999999997 0.2753333333333333 0.042484375 0.15938888888888889
2 0.07057291666666667 0.7788981481481482 0.10974479166666667 0.4096574074074074
2 0.2996302083333333 0.43703703703703706 0.059375 0.2433888888888889
2 0.10427604166666667 0.31130555555555556 0.142484375 0.20225
2 0.16038020833333333 0.4663981481481481 0.06659375 0.25608333333333333
2 0.31692708333333336 0.21706481481481482 0.03177083333333333 0.12512962962962962
2 0.5597135416666668 0.9056851851851851 0.13697916666666668 0.18862037037037038
1 0.5124635416666666 0.11077777777777778 0.09605729166666667 0.21786111111111112
2 0.3840052083333333 0.18313888888888888 0.102828125 0.23663888888888887
2 0.30948437500000003 0.8592592592592593 0.12209895833333334 0.2814814814814815
2 0.260046875 0.19576851851851854 0.08556770833333333 0.15079629629629632
2 0.236609375 0.32010185185185186 0.06994270833333333 0.17725000000000002
2 0.2827395833333333 0.32605555555555554 0.053572916666666665 0.18650925925925926
2 0.5628697916666667 0.19576851851851854 0.033484375000000004 0.12169444444444445
2 0.029760416666666668 0.8650833333333333 0.059520833333333335 0.26983333333333337
1 0.38206770833333337 0.02447222222222222 0.048364583333333336 0.04894444444444444
