2 0.6294270833333333 0.38101851851851853 0.0171875 0.06574074074074074
2 0.6333333333333333 0.44537037037037036 0.021875 0.08518518518518518
2 0.61015625 0.2953703703703704 0.028645833333333332 0.04814814814814815
2 0.23679166666666665 0.5525092592592593 0.05543229166666667 0.14576851851851852
2 0.5255208333333333 0.49675925925925923 0.03125 0.10462962962962963
2 0.5309895833333333 0.399537037037037 0.021354166666666667 0.0824074074074074
2 0.5065104166666666 0.42268518518518516 0.0234375 0.08796296296296297
2 0.559375 0.42083333333333334 0.021875 0.08425925925925926
2 0.6015625 0.4439814814814815 0.023958333333333335 0.08981481481481482
2 0.51953125 0.6018518518518519 0.0390625 0.15555555555555556
2 0.5674479166666667 0.5115740740740741 0.030729166666666665 0.12129629629629629
2 0.46328125 0.8175925925925925 0.06197916666666667 0.21296296296296297
2 0.27265625 0.7712962962962963 0.059895833333333336 0.21296296296296297
2 0.3958333333333333 0.9404722222222223 0.15327604166666667 0.11904629629629629
2 0.5014895833333334 0.2956388888888889 0.01934375 0.06481481481481481
