2 0.529546875 0.2872222222222222 0.015911458333333333 0.06075
2 0.53828125 0.30462962962962964 0.015104166666666667 0.05185185185185185
2 0.5596458333333333 0.27497222222222223 0.015119791666666667 0.05190740740740741
2 0.60546875 0.3384259259259259 0.018229166666666668 0.06388888888888888
2 0.6328125 0.44305555555555554 0.022916666666666665 0.08796296296296297
2 0.5216145833333333 0.362962962962963 0.021354166666666667 0.07407407407407407
2 0.49140625 0.33611111111111114 0.019270833333333334 0.06851851851851852
2 0.57890625 0.38935185185185184 0.021354166666666667 0.0824074074074074
2 0.55078125 0.5884259259259259 0.04010416666666667 0.15833333333333333
2 0.54765625 0.48703703703703705 0.033854166666666664 0.11296296296296296
2 0.49375 0.8930555555555556 0.07291666666666667 0.21388888888888888
2 0.35598958333333336 0.7481481481481481 0.05572916666666667 0.21666666666666667
2 0.4953125 0.7305555555555555 0.05520833333333333 0.18888888888888888
2 0.25286458333333334 0.8888888888888888 0.07447916666666667 0.2222222222222222
1 0.4010208333333333 0.3479907407407407 0.025817708333333335 0.08140740740740741
2 0.67346875 0.42838888888888893 0.060296875 0.13107407407407407
2 0.6608385416666667 0.3479259259259259 0.035041666666666665 0.08435185185185184
2 0.63984375 0.3592222222222222 0.013880208333333333 0.07299074074074074
