2 0.268265625 0.04492592592592593 0.05370833333333334 0.08985185185185186
2 0.4647135416666667 0.06948148148148149 0.03340625 0.13896296296296298
2 0.5380364583333334 0.035805555555555556 0.027276041666666664 0.07161111111111111
2 0.5490052083333333 0.10521296296296295 0.035328125 0.1544814814814815
2 0.5617135416666666 0.24466666666666667 0.03991145833333333 0.1926574074074074
2 0.65978125 0.6037592592592592 0.07111458333333333 0.2966388888888889
2 0.4117135416666667 0.3627314814814815 0.05415104166666666 0.23433333333333334
2 0.3445104166666667 0.2700648148148148 0.046473958333333336 0.2064074074074074
2 0.24565625000000002 0.4946759259259259 0.06578125 0.28470370370370374
2 0.36942187499999996 0.8836018518518518 0.103421875 0.23280555555555557
