2 0.4822239583333333 0.27800925925925923 0.023828125 0.04675925925925926
2 0.5052083333333334 0.2708333333333333 0.014583333333333334 0.04351851851851852
1 0.8927083333333333 0.7046296296296296 0.075 0.1388888888888889
2 0.6791666666666667 0.44074074074074077 0.059375 0.10740740740740741
2 0.546875 0.27314814814814814 0.014583333333333334 0.044444444444444446
2 0.6328125 0.449537037037037 0.022916666666666665 0.08796296296296297
2 0.5658854166666667 0.37222222222222223 0.0203125 0.07777777777777778
2 0.49921875 0.9277777777777778 0.06822916666666666 0.14074074074074075
2 0.5049479166666667 0.6784722222222223 0.05234375 0.1837962962962963
2 0.638671875 0.3721111111111111 0.022135416666666668 0.07060185185185185
2 0.6612760416666668 0.34343518518518523 0.034171875 0.08772222222222222
