2 0.04883333333333333 0.7071203703703705 0.08286458333333332 0.3619351851851852
2 0.17286458333333332 0.4538518518518519 0.124671875 0.22576851851851854
2 0.366546875 0.5661018518518518 0.07453645833333335 0.28729629629629627
2 0.40301041666666665 0.7597962962962963 0.08496875 0.37099074074074073
2 0.5036875000000001 0.611712962962963 0.06548958333333334 0.2970277777777778
2 0.6745520833333334 0.8973425925925926 0.11971354166666666 0.20532407407407408
2 0.5855625 0.46141666666666664 0.0603125 0.2489259259259259
2 0.345703125 0.2831666666666667 0.04153125 0.16558333333333333
2 0.2694010416666667 0.284962962962963 0.04257291666666666 0.1599074074074074
2 0.18407291666666667 0.33481481481481484 0.04509375 0.14851851851851852
2 0.3287760416666667 0.1353888888888889 0.03631770833333334 0.10151851851851852
2 0.43171354166666664 0.1274537037037037 0.023442708333333333 0.0879537037037037
2 0.38876562499999995 0.05735185185185185 0.016979166666666667 0.07042592592592593
2 0.397203125 0.04425 0.014317708333333333 0.06507407407407408
2 0.46849999999999997 0.04477777777777778 0.014989583333333334 0.06612037037037037
2 0.4796875 0.03231481481481481 0.013927083333333333 0.05739814814814815
2 0.5004062499999999 0.0430462962962963 0.016302083333333335 0.0695925925925926
2 0.5466718749999999 0.1347037037037037 0.026796875 0.10709259259259259
2 0.5385885416666666 0.18650925925925926 0.0275625 0.12967592592592594
2 0.5208333333333334 0.21890740740740738 0.031109374999999998 0.13427777777777777
1 0.37139062500000003 0.045148148148148146 0.017390625 0.07380555555555555
2 0.145875 0.24686111111111111 0.178328125 0.2781574074074074
