2 0.5334270833333333 0.1635925925925926 0.026609375 0.10833333333333334
2 0.37719270833333335 0.17434259259259258 0.030432291666666667 0.1124351851851852
2 0.41239062499999996 0.15039814814814814 0.030135416666666668 0.10846296296296297
2 0.5763385416666666 0.23082407407407407 0.041666666666666664 0.14841666666666667
2 0.06859895833333333 0.6342592592592593 0.08273958333333334 0.32989814814814816
2 0.5125 0.20046296296296295 0.030208333333333334 0.10277777777777777
2 0.04133333333333333 0.34821296296296295 0.08161979166666668 0.11971296296296295
2 0.3341145833333333 0.1837962962962963 0.0296875 0.0824074074074074
2 0.46644270833333334 0.1999351851851852 0.032588541666666665 0.1300277777777778
2 0.3972864583333333 0.22420370370370368 0.03742708333333333 0.14444444444444443
2 0.42883333333333334 0.5108425925925927 0.06525520833333334 0.26666666666666666
2 0.48913541666666666 0.29517592592592595 0.04047395833333333 0.1675925925925926
2 0.196984375 0.5086666666666667 0.070015625 0.26415740740740745
2 0.26328125 0.8027777777777778 0.0953125 0.34444444444444444
2 0.488953125 0.5920648148148148 0.079390625 0.2714259259259259
2 0.5292395833333333 0.3448425925925926 0.06190625 0.1854537037037037
2 0.47894270833333336 0.8583333333333333 0.10163541666666666 0.2833333333333333
2 0.37395833333333334 0.7708333333333334 0.09166666666666666 0.3787037037037037
2 0.2507447916666667 0.20833333333333334 0.107140625 0.17063888888888887
2 0.48792708333333334 0.1641388888888889 0.0279375 0.09932407407407406
2 0.6235104166666667 0.7883611111111111 0.075890625 0.24602777777777776
2 0.4449427083333333 0.4444444444444444 0.0625 0.21428703703703705
2 0.10119270833333333 0.29894444444444446 0.07886979166666667 0.09524074074074074
2 0.5553958333333333 0.12837037037037036 0.027463541666666664 0.09680555555555555
2 0.57978125 0.1523611111111111 0.026989583333333334 0.09932407407407406
2 0.3598489583333333 0.10353703703703702 0.02461979166666667 0.08586111111111111
2 0.3818645833333333 0.05934259259259259 0.015625 0.06481481481481481
2 0.4024635416666667 0.02146296296296296 0.014203125 0.04292592592592592
2 0.40743229166666667 0.10648148148148148 0.047822916666666666 0.10858333333333332
2 0.5345624999999999 0.08754629629629629 0.020833333333333332 0.08417592592592592
