2 0.559375 0.24027777777777778 0.009375 0.028703703703703703
2 0.5941197916666667 0.26917592592592593 0.014286458333333333 0.040212962962962964
2 0.565625 0.2564814814814815 0.010416666666666666 0.03518518518518519
2 0.5614583333333333 0.2967592592592593 0.014583333333333334 0.05092592592592592
2 0.41510416666666666 0.28075 0.030208333333333334 0.05039814814814815
2 0.5192708333333333 0.3194444444444444 0.01875 0.06111111111111111
2 0.50078125 0.37975925925925924 0.022395833333333334 0.08915740740740741
2 0.4090052083333333 0.4826759259259259 0.0375 0.12143518518518519
2 0.6644322916666667 0.35250925925925924 0.040177083333333335 0.09920370370370371
2 0.6781979166666667 0.43584259259259256 0.05878125 0.10978703703703703
