2 0.4166666666666667 0.19146296296296297 0.028125 0.1160462962962963
2 0.18736458333333333 0.6069722222222222 0.0799375 0.33421296296296293
1 0.19157291666666668 0.3085648148148148 0.04744270833333333 0.1802222222222222
2 0.40341666666666665 0.14125925925925925 0.020255208333333333 0.10658333333333334
2 0.49192708333333335 0.07037037037037037 0.018229166666666668 0.06481481481481481
2 0.03411458333333333 0.35 0.0671875 0.10740740740740741
2 0.43983333333333335 0.21903703703703703 0.026041666666666668 0.14155555555555555
2 0.37434375000000003 0.17287962962962963 0.0268125 0.11164814814814815
2 0.40598958333333335 0.26519444444444445 0.0328125 0.14183333333333334
2 0.6283854166666667 0.8087962962962963 0.08385416666666666 0.28055555555555556
2 0.08203125 0.8143518518518519 0.1015625 0.3675925925925926
2 0.471875 0.15627777777777777 0.027083333333333334 0.11522222222222223
2 0.37786458333333334 0.3700925925925926 0.04635416666666667 0.20056481481481483
2 0.30244270833333337 0.38335185185185183 0.05088541666666667 0.2015
2 0.30256249999999996 0.25512037037037033 0.04591666666666667 0.15491666666666667
2 0.32379166666666664 0.27805555555555556 0.06344270833333333 0.14832407407407408
2 0.36025520833333335 0.30906481481481485 0.03630208333333333 0.17329629629629628
2 0.6021614583333333 0.2159074074074074 0.034 0.13512962962962963
2 0.3365 0.20537962962962963 0.026984375 0.11408333333333333
2 0.3233958333333333 0.1325 0.03897395833333333 0.08868518518518519
2 0.4326302083333333 0.11531481481481481 0.017854166666666667 0.06974074074074073
2 0.44458333333333333 0.1106111111111111 0.019197916666666665 0.08195370370370371
2 0.37276562500000004 0.046287037037037036 0.014442708333333333 0.06749074074074074
2 0.4625 0.030194444444444444 0.013359375 0.06038888888888889
2 0.25769791666666664 0.20454629629629628 0.08196874999999999 0.16347222222222224
2 0.17158333333333334 0.4948518518518519 0.06886458333333333 0.22427777777777777
2 0.5266197916666667 0.14249074074074072 0.021989583333333333 0.09774074074074074
2 0.365453125 0.14969444444444444 0.022567708333333332 0.09567592592592593
2 0.404515625 0.030351851851851852 0.016203125 0.060703703703703704
2 0.41637500000000005 0.09311111111111112 0.01678125 0.06892592592592592
2 0.51446875 0.08693518518518518 0.02314583333333333 0.08127777777777778
