2 0.5622395833333333 0.19814814814814816 0.0359375 0.12222222222222222
2 0.5864583333333333 0.3421296296296296 0.04583333333333333 0.14166666666666666
2 0.19973958333333333 0.4573425925925926 0.06302083333333333 0.23901851851851852
2 0.5561770833333333 0.24034259259259258 0.033484375000000004 0.14524074074074075
2 0.534375 0.5796296296296296 0.06979166666666667 0.2611111111111111
2 0.2794270833333333 0.36898148148148147 0.049479166666666664 0.19722222222222222
2 0.56015625 0.8574074074074074 0.0921875 0.2814814814814815
2 0.317 0.15542592592592594 0.030880208333333332 0.10026851851851852
2 0.4010416666666667 0.08796296296296297 0.01875 0.07777777777777778
2 0.597765625 0.4506574074074074 0.065328125 0.2375648148148148
2 0.41302083333333334 0.10165740740740742 0.021875 0.0948425925925926
2 0.37838541666666664 0.1537037037037037 0.027604166666666666 0.10555555555555556
2 0.42864583333333334 0.04861111111111111 0.01875 0.06388888888888888
2 0.38828125 0.2861111111111111 0.044270833333333336 0.1111111111111111
2 0.49713541666666666 0.7666666666666667 0.0796875 0.34444444444444444
2 0.36041666666666666 0.20092592592592592 0.03125 0.12407407407407407
2 0.278015625 0.5826018518518519 0.06331770833333333 0.2866388888888889
2 0.4705729166666667 0.04894444444444444 0.0203125 0.06508333333333334
2 0.53828125 0.13518518518518519 0.025520833333333333 0.09444444444444444
2 0.11168229166666667 0.5800277777777777 0.08586458333333334 0.3066111111111111
2 0.3924479166666667 0.8578055555555555 0.12239583333333333 0.28438888888888886
2 0.37871875 0.6117685185185185 0.06696354166666667 0.26058333333333333
2 0.36532812499999995 0.7718240740740742 0.087796875 0.31349074074074074
2 0.247765625 0.3234166666666667 0.04315625 0.17857407407407408
2 0.2589270833333333 0.2109814814814815 0.08482291666666668 0.18121296296296296
2 0.19866145833333335 0.2354537037037037 0.032739583333333336 0.12962962962962962
2 0.619421875 0.7850555555555556 0.08854166666666667 0.26587037037037037
