2 0.41796875 0.3384259259259259 0.019270833333333334 0.05277777777777778
2 0.5800572916666666 0.2696388888888889 0.012203125 0.04113888888888889
2 0.59921875 0.2851851851851852 0.013020833333333334 0.044444444444444446
2 0.629875 0.38869444444444445 0.030578125 0.08531481481481482
2 0.4921875 0.32731481481481484 0.019791666666666666 0.062037037037037036
2 0.452671875 0.48048148148148145 0.040609374999999996 0.11680555555555557
2 0.5729166666666666 0.33796296296296297 0.01875 0.06666666666666667
2 0.559375 0.3990740740740741 0.021875 0.08518518518518518
2 0.6039427083333333 0.4734814814814815 0.031697916666666666 0.11362037037037036
2 0.691890625 0.7474907407407407 0.07663541666666666 0.19682407407407407
2 0.25085416666666666 0.7514537037037038 0.09203645833333333 0.22249074074074074
2 0.40565104166666666 0.28703703703703703 0.0244375 0.05127777777777778
