2 0.3026041666666667 0.300462962962963 0.053125 0.20462962962962963
2 0.5137239583333334 0.15739814814814815 0.03247395833333334 0.12305555555555556
2 0.366453125 0.20033333333333334 0.03654166666666667 0.17188888888888887
2 0.43669270833333335 0.2727962962962963 0.038135416666666665 0.18409259259259259
2 0.287171875 0.14077777777777778 0.03249479166666667 0.14227777777777778
2 0.30102083333333335 0.18883333333333333 0.04109895833333333 0.16122222222222224
1 0.3616770833333333 0.026685185185185187 0.063453125 0.053370370370370374
2 0.4110416666666667 0.03650925925925926 0.021557291666666666 0.07301851851851852
2 0.45784375 0.03650925925925926 0.03530208333333333 0.07301851851851852
2 0.021859375 0.5083518518518518 0.04371875 0.19842592592592595
