2 0.5052083333333334 0.075 0.022916666666666665 0.06666666666666667
2 0.26726041666666667 0.3205 0.06398958333333334 0.17169444444444446
2 0.02109375 0.6101851851851852 0.0421875 0.2740740740740741
2 0.3808020833333333 0.9091296296296296 0.12380729166666667 0.17804629629629629
2 0.29717187500000003 0.36527777777777776 0.04955208333333334 0.18981481481481483
2 0.47552083333333334 0.05185185185185185 0.01875 0.06666666666666667
2 0.26953125 0.23148148148148148 0.04010416666666667 0.1
2 0.40625 0.7708333333333334 0.09166666666666666 0.33240740740740743
2 0.04940625 0.7406111111111111 0.09672395833333333 0.387037037037037
2 0.40401562500000004 0.24060185185185187 0.036609375000000006 0.14232407407407408
2 0.44769270833333336 0.2337962962962963 0.037947916666666665 0.13187037037037036
2 0.16223958333333333 0.5082037037037037 0.0640625 0.2780462962962963
2 0.5421875 0.11435185185185186 0.023958333333333335 0.07685185185185185
2 0.5067708333333333 0.15833333333333333 0.023958333333333335 0.09074074074074075
2 0.458296875 0.30833333333333335 0.04278125 0.18650925925925926
2 0.42470312499999996 0.5251296296296296 0.06503125 0.2746018518518518
2 0.4828125 0.2013888888888889 0.028125 0.11574074074074074
2 0.5145833333333333 0.2808240740740741 0.040328125000000006 0.16005555555555556
2 0.19765625 0.8638888888888889 0.10260416666666666 0.2722222222222222
2 0.21041666666666667 0.32222222222222224 0.052083333333333336 0.1685185185185185
2 0.3509322916666667 0.625462962962963 0.07522395833333334 0.3117685185185185
2 0.5034947916666667 0.4433888888888889 0.052828125000000004 0.22645370370370368
2 0.6257447916666667 0.8855833333333333 0.20386979166666666 0.22883333333333333
2 0.6041666666666666 0.5218240740740742 0.08184374999999999 0.20237962962962963
2 0.41220312499999995 0.39219444444444446 0.05952604166666667 0.18121296296296296
2 0.611609375 0.7546296296296297 0.06994270833333333 0.23676851851851852
2 0.3277552083333333 0.11639814814814814 0.033484375000000004 0.08994444444444445
