2 0.54765625 0.24861111111111112 0.0109375 0.03611111111111111
2 0.5776041666666667 0.31527777777777777 0.017708333333333333 0.04537037037037037
2 0.634375 0.3712962962962963 0.020833333333333332 0.07407407407407407
2 0.5580729166666667 0.2537037037037037 0.011979166666666667 0.037037037037037035
2 0.5825520833333333 0.2689814814814815 0.0140625 0.04351851851851852
2 0.5690104166666666 0.3050925925925926 0.016145833333333335 0.05092592592592592
2 0.4515625 0.26342592592592595 0.023958333333333335 0.04351851851851852
2 0.580359375 0.3527777777777778 0.023510416666666666 0.06931481481481482
2 0.6222083333333334 0.3625648148148148 0.022546875 0.06772222222222223
1 0.509375 0.27314814814814814 0.04583333333333333 0.08703703703703704
2 0.6558802083333333 0.505361111111111 0.040328125000000006 0.12367592592592593
2 0.559484375 0.39675925925925926 0.026859375 0.09537037037037037
2 0.3828125 0.4050925925925926 0.028125 0.10092592592592593
2 0.3953125 0.4675925925925926 0.03125 0.11481481481481481
2 0.6067708333333334 0.4448425925925926 0.026041666666666668 0.1007962962962963
2 0.6343020833333333 0.2956388888888889 0.029015625 0.051583333333333335
2 0.6793177083333333 0.43584259259259256 0.05803645833333334 0.12037037037037036
