2 0.11908333333333333 0.21130555555555555 0.05171354166666667 0.16997222222222222
2 0.20022395833333334 0.062037037037037036 0.038989583333333334 0.12407407407407407
2 0.41156770833333334 0.01660185185185185 0.029239583333333333 0.0332037037037037
2 0.5843385416666667 0.07235185185185185 0.038614583333333334 0.14471296296296296
2 0.39851041666666664 0.10092592592592593 0.039734375 0.1388888888888889
2 0.619234375 0.05528703703703704 0.03713020833333334 0.11058333333333334
2 0.28671875 0.5370370370370371 0.07894270833333333 0.25925925925925924
2 0.6924479166666667 0.4359166666666667 0.06421354166666667 0.24299074074074076
2 0.6046510416666667 0.3589907407407407 0.05721875 0.2301574074074074
2 0.27496354166666664 0.8009259259259259 0.10796354166666666 0.37592592592592594
2 0.47180208333333334 0.44219444444444445 0.07246875 0.2751296296296296
2 0.026041666666666668 0.5760555555555555 0.052083333333333336 0.2738055555555555
2 0.13578645833333333 0.05290740740740741 0.13765104166666667 0.10582407407407408
