2 0.5828125 0.2722222222222222 0.010416666666666666 0.03888888888888889
2 0.43125 0.2638888888888889 0.019791666666666666 0.040740740740740744
2 0.5513020833333333 0.30925925925925923 0.0140625 0.05185185185185185
2 0.5700520833333333 0.36157407407407405 0.0171875 0.06759259259259259
2 0.5716145833333334 0.3055555555555556 0.0140625 0.05185185185185185
2 0.5953125 0.38657407407407407 0.03333333333333333 0.0712962962962963
2 0.559375 0.4027777777777778 0.019791666666666666 0.08333333333333333
2 0.47265625 0.41712962962962963 0.028645833333333332 0.10092592592592593
2 0.6229166666666667 0.44027777777777777 0.025 0.09907407407407408
1 0.03229166666666667 0.3787037037037037 0.06458333333333334 0.15925925925925927
2 0.2716145833333333 0.8958333333333334 0.0703125 0.20833333333333334
2 0.6767864583333334 0.43449074074074073 0.059984375 0.12167592592592592
2 0.6612343749999999 0.3481388888888889 0.035828125 0.10637962962962963
