2 0.6850625 0.7478796296296296 0.07406770833333334 0.20639814814814814
2 0.6650781250000001 0.6257685185185186 0.05296875 0.15686111111111112
2 0.5600885416666667 0.31160185185185185 0.013817708333333335 0.05814814814814814
2 0.5915572916666666 0.30212962962962964 0.015296875 0.04848148148148148
2 0.471984375 0.27649074074074076 0.027885416666666666 0.04473148148148148
2 0.5548593749999999 0.28335185185185185 0.024359375000000003 0.04572222222222223
2 0.5776458333333333 0.2893981481481482 0.024364583333333335 0.04625
2 0.6154895833333334 0.29000925925925924 0.023875 0.04398148148148148
2 0.6499270833333333 0.40035185185185185 0.036109375 0.0737037037037037
2 0.6461197916666667 0.37142592592592594 0.039572916666666666 0.0852962962962963
2 0.6374791666666667 0.3431018518518519 0.037911458333333335 0.0830462962962963
