2 0.6223958333333334 0.28703703703703703 0.0125 0.04259259259259259
2 0.5692708333333333 0.2962962962962963 0.013541666666666667 0.04814814814814815
2 0.5958333333333333 0.29583333333333334 0.014583333333333334 0.05277777777777778
2 0.5609375 0.3277777777777778 0.017708333333333333 0.06111111111111111
2 0.6150677083333334 0.33809259259259256 0.021802083333333333 0.07619444444444445
2 0.5670364583333334 0.42466666666666664 0.025744791666666666 0.10119444444444445
2 0.5741822916666667 0.6341296296296296 0.048364583333333336 0.17195370370370372
2 0.5005208333333333 0.2967592592592593 0.053125 0.10462962962962963
2 0.4027135416666667 0.6788981481481482 0.06451041666666667 0.1890185185185185
2 0.4203854166666667 0.25793518518518516 0.014880208333333334 0.042324074074074076
2 0.45721875 0.2625648148148148 0.023067708333333332 0.046296296296296294
2 0.6763125 0.42817592592592596 0.06251041666666667 0.1399166666666667
2 0.6599322916666667 0.3360648148148148 0.03843229166666667 0.08841666666666666
2 0.4686197916666667 0.2769351851851852 0.016916666666666667 0.04113888888888889
