2 0.46147916666666666 0.29138888888888886 0.09986458333333334 0.2675740740740741
2 0.2564635416666667 0.3350185185185185 0.045734375 0.19434259259259257
2 0.14829687500000002 0.30064814814814816 0.039463541666666664 0.15646296296296294
2 0.03152083333333334 0.6671018518518519 0.06304166666666668 0.3355092592592593
2 0.4018489583333333 0.7700092592592592 0.08650520833333333 0.3822314814814815
2 0.552125 0.4834537037037037 0.06066666666666667 0.2566481481481482
2 0.7127447916666667 0.927212962962963 0.12148958333333333 0.14557407407407408
2 0.27370833333333333 0.25722222222222224 0.03334895833333333 0.15912037037037036
2 0.34478125 0.24487962962962964 0.03486979166666667 0.1529537037037037
2 0.37757812500000004 0.16049074074074074 0.029276041666666665 0.11688888888888889
2 0.4182239583333333 0.12190740740740741 0.023765625000000002 0.1014537037037037
2 0.44947916666666665 0.020370370370370372 0.013354166666666667 0.04075
1 0.5234322916666667 0.04474074074074074 0.015432291666666665 0.07058333333333333
2 0.39881770833333335 0.08475925925925927 0.015239583333333334 0.08411111111111111
2 0.42728125 0.06712962962962964 0.017994791666666666 0.08402777777777778
2 0.4040520833333333 0.03328703703703704 0.014244791666666668 0.06078703703703704
2 0.39097916666666666 0.02600925925925926 0.011020833333333334 0.05177777777777778
2 0.37135416666666665 0.03352777777777778 0.012385416666666668 0.0670462962962963
2 0.42607291666666663 0.022583333333333334 0.016619791666666668 0.04516666666666667
