2 0.5547239583333333 0.4000648148148148 0.038614583333333334 0.0832037037037037
2 0.605359375 0.31269444444444444 0.014890625 0.05566666666666666
2 0.5625312499999999 0.32363888888888886 0.016598958333333334 0.06262962962962963
2 0.5291666666666667 0.29212962962962963 0.016666666666666666 0.05277777777777778
2 0.42890625 0.2962962962962963 0.0234375 0.05925925925925926
2 0.5841614583333333 0.3206388888888889 0.01623958333333333 0.059805555555555556
2 0.6114583333333333 0.39490740740740743 0.022916666666666665 0.08981481481481482
2 0.2721354166666667 0.5531574074074074 0.04739583333333333 0.19368518518518518
2 0.6789427083333333 0.43716666666666665 0.060265624999999996 0.12830555555555556
2 0.3777916666666667 0.2946388888888889 0.0234375 0.058861111111111114
2 0.53584375 0.25026851851851856 0.009192708333333332 0.03431481481481482
