2 0.5856770833333333 0.2912037037037037 0.0234375 0.04351851851851852
2 0.6028645833333334 0.3060185185185185 0.016145833333333335 0.04722222222222222
2 0.53984375 0.29187962962962966 0.0140625 0.05143518518518518
2 0.565625 0.37222222222222223 0.020833333333333332 0.07777777777777778
2 0.5619791666666667 0.2916666666666667 0.015625 0.04814814814814815
2 0.6078125 0.36157407407407405 0.019791666666666666 0.06944444444444445
2 0.5794270833333334 0.41574074074074074 0.025520833333333333 0.09259259259259259
2 0.5046875 0.2986111111111111 0.051041666666666666 0.1175925925925926
2 0.6784427083333333 0.4305555555555556 0.059828125 0.1323425925925926
2 0.5534114583333333 0.25715740740740745 0.007755208333333334 0.02889814814814815
2 0.5502135416666667 0.23480555555555555 0.006567708333333333 0.023083333333333334
2 0.5462343749999999 0.22992592592592592 0.0069479166666666665 0.024435185185185185
1 0.5640677083333333 0.21708333333333332 0.01864583333333333 0.04505555555555555
