2 0.553125 0.28935185185185186 0.014583333333333334 0.04537037037037037
2 0.52890625 0.31157407407407406 0.0171875 0.049074074074074076
2 0.3997395833333333 0.29953703703703705 0.021354166666666667 0.05648148148148148
2 0.22083333333333333 0.31527777777777777 0.019791666666666666 0.058333333333333334
2 0.5421875 0.30972222222222223 0.019791666666666666 0.05277777777777778
2 0.5682291666666667 0.33194444444444443 0.01875 0.058333333333333334
2 0.5971354166666667 0.3263888888888889 0.016145833333333335 0.05648148148148148
2 0.6122395833333333 0.34953703703703703 0.0171875 0.06388888888888888
2 0.5697916666666667 0.3787037037037037 0.021875 0.07407407407407407
2 0.5734375 0.45 0.026041666666666668 0.10185185185185185
1 0.46432291666666664 0.2972222222222222 0.0828125 0.1425925925925926
2 0.5182291666666666 0.3976851851851852 0.025 0.08981481481481482
2 0.471875 0.5402777777777777 0.03958333333333333 0.1361111111111111
2 0.46015625 0.7907407407407407 0.0515625 0.2111111111111111
2 0.32473958333333336 0.7805555555555556 0.0578125 0.20185185185185187
2 0.5822916666666667 0.663425925925926 0.04375 0.17685185185185184
