2 0.185359375 0.5144351851851852 0.058 0.27285185185185185
2 0.4296666666666667 0.43416666666666665 0.04869791666666667 0.2382314814814815
2 0.4970104166666667 0.4367685185185185 0.05421354166666667 0.23975000000000002
2 0.6554635416666666 0.7183333333333333 0.08779166666666667 0.26212962962962966
2 0.6770625 0.9001203703703704 0.118484375 0.1997685185185185
2 0.5455 0.28447222222222224 0.038697916666666665 0.15737962962962962
2 0.4911822916666667 0.18948148148148147 0.027979166666666666 0.11182407407407408
2 0.5111197916666667 0.17188888888888887 0.024098958333333333 0.10998148148148149
2 0.53346875 0.10617592592592592 0.02296875 0.0933611111111111
2 0.55965625 0.13924074074074075 0.027432291666666667 0.11135185185185185
2 0.3764375 0.22835185185185186 0.03390625 0.14512037037037037
2 0.32955729166666664 0.13773148148148148 0.023473958333333333 0.10091666666666667
2 0.3955208333333333 0.15422222222222223 0.024161458333333333 0.11167592592592593
2 0.4110052083333333 0.09574074074074075 0.019713541666666667 0.08731481481481482
2 0.370421875 0.029314814814814814 0.015625 0.058638888888888886
2 0.39964062499999997 0.03641666666666667 0.017812500000000002 0.061259259259259256
2 0.38728125 0.019222222222222224 0.016010416666666666 0.03844444444444445
2 0.181625 0.2239537037037037 0.15261458333333333 0.2548611111111111
2 0.048921875000000004 0.37946296296296295 0.09784895833333333 0.2769814814814815
