2 0.20375520833333333 0.6531759259259259 0.086828125 0.36508333333333337
2 0.35189583333333335 0.7866388888888889 0.10483854166666666 0.37592592592592594
2 0.35996875 0.5573425925925926 0.07515104166666667 0.2720925925925926
2 0.30182291666666666 0.2 0.0328125 0.08518518518518518
2 0.10111458333333333 0.40429629629629626 0.053421874999999994 0.12394444444444445
2 0.21197916666666666 0.3194444444444444 0.03958333333333333 0.1648148148148148
2 0.34199999999999997 0.17632407407407408 0.029838541666666666 0.11613888888888889
2 0.5778645833333333 0.17962962962962964 0.0234375 0.10185185185185185
2 0.0140625 0.5365740740740741 0.028125 0.25833333333333336
2 0.5651770833333334 0.27123148148148146 0.03765104166666667 0.14616666666666667
2 0.41789583333333336 0.2609166666666667 0.03474479166666666 0.15250925925925926
2 0.5435260416666666 0.36150925925925925 0.054614583333333334 0.17698148148148146
2 0.47369791666666666 0.7833333333333333 0.08177083333333333 0.29259259259259257
2 0.34739583333333335 0.23676851851851852 0.03854166666666667 0.1354537037037037
2 0.5286458333333334 0.5718240740740741 0.059375 0.25475925925925924
2 0.4895833333333333 0.28697222222222224 0.04077604166666667 0.16547222222222224
2 0.03515625 0.8787037037037037 0.0703125 0.2388888888888889
2 0.4375 0.5806851851851852 0.06041666666666667 0.28175
2 0.49814062499999995 0.9034351851851852 0.122765625 0.19312037037037036
2 0.30096875 0.7063518518518519 0.07961458333333334 0.33862037037037035
2 0.51934375 0.44907407407407407 0.06696354166666667 0.21825
2 0.27046354166666664 0.5138888888888888 0.06770833333333333 0.28703703703703703
2 0.208703125 0.2506574074074074 0.037947916666666665 0.13360185185185183
2 0.27269270833333337 0.21693518518518518 0.03496875 0.06878703703703705
2 0.4233645833333333 0.10250925925925926 0.023807291666666668 0.08598148148148148
2 0.38876562499999995 0.39947222222222223 0.055802083333333335 0.20635185185185187
2 0.38057812500000004 0.16666666666666666 0.026041666666666668 0.1111111111111111
2 0.3854166666666667 0.3445740740740741 0.053572916666666665 0.16269444444444445
2 0.6168177083333333 0.78175 0.075890625 0.2910092592592593
2 0.3802083333333333 0.5132314814814815 0.053572916666666665 0.25397222222222227
2 0.28496875 0.17460185185185184 0.026786458333333332 0.10052777777777777
1 0.4832604166666667 0.042324074074074076 0.06621875 0.08465740740740742
