2 0.5403645833333334 0.2796296296296296 0.0140625 0.044444444444444446
2 0.50996875 0.27982407407407406 0.02619270833333333 0.048546296296296296
2 0.6177812500000001 0.31289814814814815 0.017859375 0.057277777777777775
2 0.5953125 0.3144814814814815 0.015625 0.05860185185185185
2 0.5912552083333333 0.38754629629629633 0.024182291666666668 0.07490740740740741
2 0.46101041666666664 0.39312037037037034 0.024109375 0.09497222222222222
2 0.5679322916666667 0.3042592592592593 0.03496875 0.05418518518518519
2 0.595609375 0.4505925925925926 0.02663541666666667 0.10119444444444445
2 0.4894322916666667 0.4540370370370371 0.026786458333333332 0.11230555555555556
2 0.14375 0.7537685185185186 0.072171875 0.20410185185185187
2 0.6767135416666666 0.43650925925925926 0.055802083333333335 0.11904629629629629
2 0.6636927083333333 0.3551574074074074 0.041666666666666664 0.09656481481481483
2 0.5788697916666667 0.2665370370370371 0.010416666666666666 0.04100925925925926
