2 0.37395833333333334 0.01574074074074074 0.023958333333333335 0.03148148148148148
2 0.6952395833333332 0.27830555555555553 0.054760416666666666 0.20687962962962964
2 0.4890625 0.0125 0.023958333333333335 0.025
2 0.9657760416666666 0.5161388888888888 0.068453125 0.2582037037037037
2 0.575890625 0.10218518518518518 0.03824479166666667 0.14510185185185187
2 0.022135416666666668 0.30185185185185187 0.044270833333333336 0.22407407407407406
2 0.09010416666666667 0.18564814814814815 0.046875 0.14907407407407408
2 0.5002239583333333 0.18207407407407405 0.04419791666666666 0.17341666666666666
2 0.35911458333333335 0.046296296296296294 0.0328125 0.09074074074074075
2 0.5719479166666667 0.8189814814814815 0.110265625 0.36203703703703705
2 0.46458333333333335 0.06283333333333334 0.034375 0.1256574074074074
2 0.0625 0.8444444444444444 0.1 0.3074074074074074
2 0.343640625 0.21237037037037038 0.051859375 0.18399074074074076
2 0.054947916666666666 0.487962962962963 0.07760416666666667 0.26666666666666666
2 0.35911458333333335 0.8796296296296297 0.10572916666666667 0.24074074074074073
2 0.5151041666666667 0.04530555555555556 0.03229166666666667 0.09061111111111111
2 0.32444270833333333 0.575861111111111 0.08951041666666668 0.2943148148148148
2 0.4269739583333333 0.6476851851851851 0.08668229166666667 0.3435185185185185
2 0.5689375 0.33478703703703705 0.05721875 0.23253703703703701
2 0.13411458333333334 0.3 0.059895833333333336 0.21666666666666667
2 0.29252083333333334 0.35324074074074074 0.06108854166666667 0.24166666666666667
2 0.4349322916666667 0.27228703703703705 0.05007291666666667 0.20568518518518517
2 0.704984375 0.07275 0.06324479166666667 0.11639814814814814
