2 0.3234375 0.1420833333333333 0.026041666666666668 0.10100925925925926
2 0.578125 0.18287037037037038 0.09375 0.13055555555555556
2 0.20338541666666668 0.3541666666666667 0.05572916666666667 0.10833333333333334
2 0.24661458333333333 0.763 0.0765625 0.3536203703703704
2 0.22994791666666667 0.3166203703703704 0.043229166666666666 0.15749074074074074
1 0.10494791666666667 0.425462962962963 0.044270833333333336 0.14907407407407408
2 0.45677083333333335 0.5694444444444444 0.06770833333333333 0.2796296296296296
2 0.45677083333333335 0.5685185185185185 0.06770833333333333 0.2777777777777778
2 0.44869791666666664 0.25462962962962965 0.1203125 0.2833333333333333
2 0.3151041666666667 0.6282407407407408 0.07708333333333334 0.31203703703703706
2 0.4078125 0.8527777777777777 0.1 0.29074074074074074
2 0.6083177083333333 0.7831296296296296 0.07061979166666667 0.29426851851851854
2 0.52225 0.1680648148148148 0.021744791666666666 0.10735185185185185
2 0.39214062499999996 0.09630555555555556 0.016734375000000003 0.06567592592592593
2 0.4404010416666667 0.066 0.021249999999999998 0.07296296296296297
2 0.51128125 0.3909259259259259 0.04841666666666666 0.2228240740740741
