2 0.5786458333333333 0.28425925925925927 0.013541666666666667 0.046296296296296294
2 0.40996875 0.3463611111111111 0.022916666666666665 0.07287962962962963
2 0.5594114583333333 0.2603796296296296 0.028645833333333332 0.059657407407407416
2 0.4986979166666667 0.3351851851851852 0.0171875 0.06666666666666667
2 0.6 0.3611111111111111 0.015625 0.06481481481481481
2 0.51484375 0.3453703703703704 0.018229166666666668 0.06666666666666667
2 0.6125 0.38333333333333336 0.01875 0.07592592592592592
2 0.31744791666666666 0.45046296296296295 0.03177083333333333 0.10462962962962963
2 0.565625 0.41686111111111107 0.027083333333333334 0.09669444444444444
2 0.44605729166666663 0.28505555555555556 0.021578125 0.046296296296296294
2 0.5579583333333333 0.28464814814814815 0.013463541666666667 0.03973148148148148
2 0.673546875 0.439537037037037 0.056984375 0.12560185185185185
2 0.663484375 0.34975 0.045536458333333335 0.1003425925925926
