2 0.48125 0.27685185185185185 0.029166666666666667 0.05
2 0.4440104166666667 0.27546296296296297 0.028645833333333332 0.049074074074074076
2 0.42239583333333336 0.3087962962962963 0.01875 0.062037037037037036
2 0.5739583333333333 0.31296296296296294 0.014583333333333334 0.05555555555555555
2 0.53984375 0.34074074074074073 0.018229166666666668 0.06666666666666667
2 0.5893229166666667 0.3685185185185185 0.0203125 0.07592592592592592
2 0.446875 0.3333333333333333 0.01875 0.06296296296296296
2 0.4984375 0.3912037037037037 0.028125 0.08981481481481482
2 0.5609375 0.3212962962962963 0.015625 0.05925925925925926
2 0.5528645833333333 0.37037037037037035 0.0203125 0.07592592592592592
2 0.51640625 0.42916666666666664 0.0265625 0.10092592592592593
2 0.5859739583333333 0.45112037037037034 0.024479166666666666 0.0985462962962963
2 0.6127604166666667 0.5258611111111111 0.028645833333333332 0.12764814814814815
2 0.5442708333333334 0.4828703703703704 0.028125 0.1175925925925926
2 0.5107135416666667 0.8561481481481481 0.06815625 0.25675000000000003
2 0.5171875 0.6019814814814815 0.036458333333333336 0.1669351851851852
1 0.39359895833333336 0.36508333333333337 0.017859375 0.08200925925925925
2 0.5728802083333334 0.2723703703703704 0.030989583333333334 0.04744444444444445
2 0.6780468749999999 0.4330185185185185 0.05903645833333333 0.12181481481481482
2 0.6660104166666667 0.344 0.043645833333333335 0.09500925925925927
