2 0.17076041666666666 0.9226203703703704 0.084078125 0.15475925925925924
2 0.2879479166666667 0.7929907407407407 0.056546874999999996 0.22089814814814815
2 0.2894322916666667 0.5601851851851852 0.041666666666666664 0.15475925925925924
2 0.4155520833333333 0.6243425925925925 0.03943229166666666 0.16666666666666666
2 0.3929947916666666 0.5256759259259259 0.032197916666666666 0.13551851851851854
2 0.48863541666666666 0.47475 0.034088541666666666 0.12289814814814815
2 0.5317239583333333 0.5012592592592593 0.036932291666666665 0.12374074074074073
2 0.6285520833333333 0.5433518518518519 0.04024479166666666 0.15572222222222223
2 0.6848958333333334 0.6325740740740741 0.109375 0.1523611111111111
2 0.4190364583333333 0.35689814814814813 0.017994791666666666 0.07744444444444444
2 0.4481510416666667 0.34049074074074076 0.017520833333333333 0.06818518518518518
2 0.5227291666666667 0.29335185185185186 0.03125 0.04798148148148148
2 0.56084375 0.2887222222222222 0.013729166666666666 0.04882407407407407
2 0.5859375 0.2798796296296296 0.009942708333333333 0.04292592592592592
2 0.6006145833333334 0.2664166666666667 0.009942708333333333 0.036194444444444446
2 0.5369322916666667 0.2512592592592593 0.00946875 0.03450925925925926
2 0.54853125 0.2441111111111111 0.008046875 0.033666666666666664
2 0.55634375 0.24958333333333335 0.007578125000000001 0.031148148148148147
2 0.5660520833333333 0.24158333333333334 0.008046875 0.030305555555555554
2 0.5104166666666666 0.2718888888888889 0.052083333333333336 0.04376851851851852
2 0.586171875 0.3724722222222222 0.06344791666666666 0.1523611111111111
2 0.6555416666666667 0.4238240740740741 0.04877083333333333 0.12205555555555556
2 0.48863541666666666 0.3148148148148148 0.035984375 0.07575925925925925
1 0.5601302083333334 0.2104351851851852 0.017046875 0.033666666666666664
