2 0.584375 0.31157407407407406 0.014583333333333334 0.049074074074074076
2 0.5760416666666667 0.2902777777777778 0.0125 0.04537037037037037
2 0.559375 0.2912037037037037 0.014583333333333334 0.04722222222222222
2 0.6098958333333333 0.32175925925925924 0.015625 0.05277777777777778
2 0.59921875 0.3541666666666667 0.019270833333333334 0.06388888888888888
2 0.5515625 0.36944444444444446 0.019791666666666666 0.07592592592592592
2 0.5171875 0.27912037037037035 0.026041666666666668 0.05656481481481482
2 0.4783854166666667 0.4064814814814815 0.0265625 0.09259259259259259
2 0.5875 0.44074074074074077 0.027083333333333334 0.10185185185185185
2 0.5122395833333333 0.6199074074074075 0.04114583333333333 0.16574074074074074
2 0.39088541666666665 0.8972222222222223 0.07552083333333333 0.20555555555555555
2 0.6751666666666666 0.43210185185185185 0.058484375000000005 0.12925
2 0.6646666666666667 0.3540277777777778 0.047906250000000004 0.10581481481481482
2 0.5903958333333333 0.2836018518518519 0.013317708333333334 0.04744444444444445
2 0.5399635416666667 0.23456481481481484 0.006833333333333333 0.03047222222222222
