2 0.5802083333333333 0.32731481481481484 0.014583333333333334 0.05092592592592592
2 0.5171875 0.38564814814814813 0.023958333333333335 0.075
2 0.63203125 0.3861111111111111 0.025520833333333333 0.09444444444444444
2 0.48984375 0.4412037037037037 0.0265625 0.09351851851851851
2 0.49453125 0.9333333333333333 0.07239583333333334 0.13148148148148148
2 0.6041666666666666 0.3574074074074074 0.016666666666666666 0.06296296296296296
2 0.5893229166666667 0.41203703703703703 0.0203125 0.08333333333333333
2 0.5372395833333333 0.4537037037037037 0.025520833333333333 0.10740740740740741
2 0.5666666666666667 0.4398148148148148 0.021875 0.10925925925925926
2 0.47708333333333336 0.4930555555555556 0.0375 0.125
2 0.3536458333333333 0.7666666666666667 0.06041666666666667 0.21481481481481482
2 0.20572916666666666 0.9342592592592592 0.08541666666666667 0.12777777777777777
2 0.5372395833333333 0.6027777777777777 0.03697916666666667 0.1574074074074074
2 0.4817708333333333 0.6694444444444444 0.04583333333333333 0.17962962962962964
2 0.56328125 0.7550925925925925 0.0578125 0.20833333333333334
2 0.61328125 0.2912037037037037 0.0140625 0.05092592592592592
2 0.5791666666666667 0.2972222222222222 0.021875 0.05
