2 0.5260416666666666 0.32314814814814813 0.016666666666666666 0.05185185185185185
2 0.59296875 0.2916666666666667 0.0140625 0.046296296296296294
2 0.5158854166666667 0.35 0.0171875 0.07037037037037037
2 0.5989583333333334 0.32222222222222224 0.014583333333333334 0.053703703703703705
2 0.5690104166666666 0.29814814814814816 0.016145833333333335 0.05185185185185185
2 0.6161458333333333 0.3574074074074074 0.01875 0.07037037037037037
2 0.6908854166666667 0.5601851851851852 0.0328125 0.12962962962962962
2 0.4895833333333333 0.36944444444444446 0.020833333333333332 0.07777777777777778
2 0.5802083333333333 0.37592592592592594 0.021875 0.07962962962962963
2 0.5302083333333333 0.37175925925925923 0.020833333333333332 0.0787037037037037
2 0.5567708333333333 0.35462962962962963 0.019791666666666666 0.07222222222222222
2 0.5125 0.899074074074074 0.06041666666666667 0.19814814814814816
2 0.54296875 0.513425925925926 0.028645833333333332 0.12314814814814815
2 0.6083333333333333 0.48657407407407405 0.028125 0.1175925925925926
2 0.06484375 0.8652777777777778 0.0828125 0.21203703703703702
2 0.5543697916666667 0.25349999999999995 0.009598958333333333 0.03748148148148148
