2 0.4942708333333333 0.35694444444444445 0.021875 0.06574074074074074
2 0.5364583333333334 0.3236111111111111 0.016666666666666666 0.058333333333333334
2 0.49947916666666664 0.3861111111111111 0.025 0.08148148148148149
2 0.54765625 0.3509259259259259 0.018229166666666668 0.06111111111111111
2 0.5552083333333333 0.4166666666666667 0.025 0.09074074074074075
2 0.6067708333333334 0.3490740740740741 0.019791666666666666 0.06851851851851852
2 0.5875 0.5666666666666667 0.03958333333333333 0.15185185185185185
2 0.4981770833333333 0.28935185185185186 0.0296875 0.049074074074074076
2 0.296875 0.5851851851851851 0.053125 0.15925925925925927
2 0.10989583333333333 0.850925925925926 0.08125 0.23148148148148148
2 0.559125 0.24429629629629626 0.008296875 0.028787037037037038
2 0.5688333333333334 0.2558888888888889 0.007828125 0.03009259259259259
