2 0.8823489583333333 0.6217222222222223 0.23530729166666667 0.32075000000000004
2 0.36841666666666667 0.17897222222222223 0.04939583333333333 0.10072222222222223
2 0.9449791666666666 0.9108888888888889 0.11004166666666666 0.17330555555555555
2 0.052890625 0.7107685185185185 0.07883854166666666 0.24924074074074073
2 0.13102604166666668 0.5403703703703704 0.05653645833333333 0.18623148148148147
2 0.09344270833333333 0.5082777777777778 0.04238541666666666 0.18553703703703703
2 0.258578125 0.3097962962962963 0.027421875 0.08223148148148149
2 0.398515625 0.25125000000000003 0.029020833333333333 0.10799074074074073
2 0.6236927083333333 0.31965740740740745 0.022526041666666666 0.09136111111111112
2 0.7006510416666667 0.4709351851851852 0.04994791666666667 0.13730555555555554
2 0.7479010416666667 0.46582407407407406 0.04475520833333334 0.1403148148148148
2 0.8243802083333333 0.4563333333333333 0.03253645833333333 0.0895925925925926
2 0.8626041666666667 0.4393888888888889 0.034578125 0.08743518518518519
2 0.8958906249999999 0.4280833333333333 0.035666666666666666 0.11245370370370371
2 0.9355677083333334 0.4326481481481481 0.03615625 0.13216666666666668
2 0.9717239583333334 0.4289814814814815 0.035557291666666664 0.1274722222222222
2 0.47604166666666664 0.16185185185185186 0.01740625 0.07735185185185185
2 0.45142187500000003 0.1456574074074074 0.017338541666666665 0.07746296296296296
2 0.5003229166666666 0.11112962962962962 0.014989583333333334 0.06111111111111111
2 0.475734375 0.0904537037037037 0.013885416666666667 0.032574074074074075
2 0.5221458333333333 0.08219444444444444 0.012151041666666666 0.05167592592592593
2 0.5324895833333333 0.0661388888888889 0.01040625 0.04236111111111111
2 0.51553125 0.06646296296296296 0.009343750000000001 0.04300925925925926
2 0.5468072916666666 0.05937962962962962 0.010192708333333333 0.04165740740740741
2 0.5544010416666667 0.07277777777777777 0.011760416666666666 0.04850925925925926
2 0.5763645833333333 0.06737037037037037 0.010822916666666666 0.04249074074074074
2 0.5470781250000001 0.03983333333333334 0.006734375 0.022509259259259257
2 0.56915625 0.036787037037037035 0.00921875 0.036361111111111115
2 0.596765625 0.05957407407407408 0.011557291666666667 0.04774074074074074
2 0.5874791666666667 0.04009259259259259 0.009005208333333332 0.04011111111111111
2 0.6012447916666667 0.03775925925925926 0.007697916666666666 0.03830555555555555
2 0.608515625 0.030027777777777778 0.007005208333333333 0.03565740740740741
2 0.6226302083333334 0.019537037037037037 0.007192708333333334 0.03462037037037037
