2 0.5328125 0.31342592592592594 0.014583333333333334 0.05277777777777778
2 0.5400677083333334 0.3976851851851852 0.027010416666666665 0.075
2 0.6333333333333333 0.2986111111111111 0.014583333333333334 0.05092592592592592
2 0.521875 0.29398148148148145 0.014583333333333334 0.049074074074074076
2 0.5473229166666667 0.3632314814814815 0.021723958333333335 0.07169444444444445
2 0.5671145833333333 0.3486111111111111 0.019640625000000002 0.06388888888888888
2 0.5859375 0.31851851851851853 0.015625 0.05555555555555555
2 0.6140625 0.2962962962962963 0.013541666666666667 0.05
2 0.578125 0.3814814814814815 0.017708333333333333 0.07592592592592592
2 0.5437135416666667 0.4734814814814815 0.02805208333333333 0.11626851851851851
2 0.60390625 0.39444444444444443 0.021354166666666667 0.08333333333333333
2 0.5026041666666666 0.5268518518518519 0.034375 0.12962962962962962
2 0.4033489583333333 0.6226203703703703 0.05133854166666666 0.1928611111111111
2 0.5246666666666667 0.6845925925925926 0.04724479166666666 0.19139814814814815
2 0.527453125 0.8930555555555556 0.07366145833333333 0.21388888888888888
2 0.614546875 0.7385648148148148 0.051265625 0.22024074074074076
2 0.6499270833333333 0.42526851851851855 0.029015625 0.09921296296296298
2 0.5457604166666666 0.2301574074074074 0.029015625 0.05290740740740741
