2 0.5825885416666666 0.7401481481481481 0.09940625 0.3757962962962963
2 0.6078125 0.9351851851851852 0.12291666666666666 0.12962962962962962
2 0.5780885416666667 0.8339907407407408 0.10275520833333333 0.3320092592592592
2 0.5656614583333333 0.1712962962962963 0.035046875000000005 0.1
2 0.11208854166666667 0.6361111111111111 0.07477604166666667 0.3256574074074074
2 0.515328125 0.35191666666666666 0.05684375 0.2096574074074074
2 0.10703125 0.2845925925925926 0.050520833333333334 0.1604537037037037
2 0.5639531249999999 0.2904074074074074 0.05007291666666667 0.16812037037037036
1 0.625 0.5523148148148148 0.08333333333333333 0.262037037037037
2 0.3191197916666667 0.5861111111111111 0.36354166666666665 0.8277777777777777
2 0.091140625 0.5476203703703704 0.064734375 0.26720370370370367
2 0.4520104166666667 0.10052777777777777 0.026041666666666668 0.09259259259259259
