2 0.3359375 0.02175925925925926 0.026041666666666668 0.041666666666666664
2 0.014359375 0.17314814814814813 0.02871875 0.16296296296296298
2 0.5333333333333333 0.02175925925925926 0.028125 0.04351851851851852
2 0.24921875 0.24934259259259262 0.059895833333333336 0.2124351851851852
2 0.28984375 0.18611111111111112 0.04010416666666667 0.16296296296296298
2 0.303234375 0.09517592592592593 0.04784375 0.1448425925925926
2 0.40182291666666664 0.02175925925925926 0.024479166666666666 0.041666666666666664
2 0.10130208333333333 0.06527777777777778 0.04010416666666667 0.1287037037037037
2 0.13184374999999998 0.1609814814814815 0.042859375000000005 0.17619444444444443
2 0.164171875 0.11462037037037037 0.04084895833333334 0.16124074074074074
2 0.21916145833333334 0.13419444444444445 0.044421875000000006 0.16917592592592592
2 0.1889114583333333 0.3464907407407407 0.05892708333333333 0.24061111111111114
2 0.3768229166666667 0.2095925925925926 0.044270833333333336 0.18082407407407405
2 0.4127239583333333 0.10225000000000001 0.04508854166666666 0.15212037037037035
2 0.49051562499999996 0.04510185185185185 0.04010416666666667 0.09021296296296297
2 0.3723958333333333 0.03888888888888889 0.026041666666666668 0.07222222222222222
2 0.31220312499999997 0.3458333333333333 0.06607291666666666 0.2263240740740741
