2 0.6625 0.4356481481481482 0.023958333333333335 0.08981481481481482
2 0.43515625 0.9300925925925926 0.07239583333333334 0.1361111111111111
2 0.4434895833333333 0.28935185185185186 0.0265625 0.05277777777777778
2 0.53828125 0.28425925925925927 0.013020833333333334 0.04814814814814815
2 0.56875 0.3314814814814815 0.017708333333333333 0.06296296296296296
2 0.5671875 0.4148148148148148 0.026041666666666668 0.08518518518518518
2 0.51640625 0.28888888888888886 0.015104166666666667 0.05555555555555555
2 0.5739583333333333 0.46064814814814814 0.027083333333333334 0.10462962962962963
2 0.5994791666666667 0.3763888888888889 0.01875 0.0787037037037037
2 0.4984375 0.32916666666666666 0.019791666666666666 0.0712962962962963
2 0.5833333333333334 0.34814814814814815 0.01875 0.06481481481481481
2 0.39348958333333334 0.3814814814814815 0.024479166666666666 0.08888888888888889
2 0.6057291666666667 0.5055555555555555 0.030208333333333334 0.12037037037037036
2 0.5169270833333334 0.38333333333333336 0.025520833333333333 0.08703703703703704
2 0.3841145833333333 0.6023148148148149 0.05260416666666667 0.15648148148148147
2 0.49921875 0.6449074074074074 0.044270833333333336 0.1824074074074074
2 0.4654635416666667 0.2717407407407408 0.027963541666666664 0.04310185185185185
2 0.6603645833333334 0.3453981481481481 0.037562500000000006 0.09782407407407408
