2 0.0296875 0.35771296296296295 0.059375 0.11049074074074074
2 0.0203125 0.8 0.040625 0.2814814814814815
2 0.14153125 0.46108333333333335 0.0549375 0.24079629629629629
2 0.21354166666666666 0.4666666666666667 0.05625 0.24444444444444444
2 0.6166666666666667 0.7620370370370371 0.08541666666666667 0.2759259259259259
2 0.4239583333333333 0.10016666666666667 0.022916666666666665 0.08485185185185186
2 0.17600000000000002 0.663074074074074 0.07195833333333333 0.33312037037037034
2 0.3424479166666667 0.21574074074074073 0.030729166666666665 0.11666666666666667
2 0.09140625 0.6100833333333333 0.07864583333333333 0.3168611111111111
2 0.3859375 0.1925925925925926 0.028125 0.10925925925925926
2 0.21302083333333333 0.25330555555555556 0.036458333333333336 0.14708333333333332
2 0.3953125 0.6342592592592593 0.07291666666666667 0.26666666666666666
2 0.47734375 0.21712962962962962 0.03177083333333333 0.12685185185185185
2 0.31692708333333336 0.5194444444444445 0.0640625 0.25555555555555554
2 0.43984375 0.2 0.028645833333333332 0.12407407407407407
2 0.46171875 0.4726851851851852 0.05677083333333333 0.25462962962962965
2 0.50703125 0.23148148148148148 0.0328125 0.13518518518518519
2 0.37604166666666666 0.8305555555555556 0.09166666666666666 0.3351851851851852
2 0.3969947916666667 0.1411296296296296 0.021234375000000003 0.0966851851851852
2 0.3502291666666667 0.12948148148148148 0.023197916666666665 0.09190740740740741
2 0.3246614583333333 0.16567592592592592 0.020666666666666667 0.11492592592592593
1 0.158171875 0.33543518518518517 0.033171874999999997 0.17666666666666667
2 0.48101041666666666 0.08985185185185186 0.017390625 0.08980555555555556
2 0.45788541666666666 0.07300925925925926 0.01628125 0.087
2 0.46909375 0.07462962962962963 0.014390624999999999 0.08096296296296296
2 0.44217708333333333 0.056388888888888884 0.016119791666666668 0.07535185185185185
2 0.27217708333333335 0.3263240740740741 0.043541666666666666 0.1892962962962963
