2 0.5822916666666667 0.36712962962962964 0.016666666666666666 0.0712962962962963
2 0.5424479166666667 0.3106481481481482 0.013020833333333334 0.05092592592592592
2 0.49505208333333334 0.30787037037037035 0.0140625 0.05648148148148148
2 0.6635416666666667 0.43472222222222223 0.025 0.09351851851851851
2 0.509375 0.33055555555555555 0.015625 0.05740740740740741
2 0.49453125 0.36574074074074076 0.0171875 0.07407407407407407
1 0.6166666666666667 0.3388888888888889 0.016666666666666666 0.07037037037037037
2 0.5307291666666667 0.35509259259259257 0.015625 0.0712962962962963
2 0.5859375 0.30092592592592593 0.014583333333333334 0.05185185185185185
2 0.4265625 0.3337962962962963 0.019791666666666666 0.0712962962962963
2 0.5455729166666666 0.3726851851851852 0.018229166666666668 0.075
2 0.5078125 0.38981481481481484 0.019791666666666666 0.08333333333333333
2 0.46197916666666666 0.3638888888888889 0.019791666666666666 0.07962962962962963
2 0.5729166666666666 0.39861111111111114 0.021875 0.08425925925925926
2 0.39765625 0.4148148148148148 0.027604166666666666 0.0962962962962963
2 0.54609375 0.4824074074074074 0.0265625 0.12222222222222222
2 0.57265625 0.5472222222222223 0.033854166666666664 0.13703703703703704
2 0.6177083333333333 0.5328703703703703 0.03125 0.13425925925925927
