2 0.35625 0.9666666666666667 0.07604166666666666 0.06296296296296296
2 0.465625 0.30416666666666664 0.01875 0.05092592592592592
2 0.5893229166666667 0.3013888888888889 0.013020833333333334 0.04722222222222222
2 0.5971354166666667 0.30972222222222223 0.015104166666666667 0.049074074074074076
2 0.48854166666666665 0.3087962962962963 0.016666666666666666 0.05648148148148148
2 0.5671875 0.32546296296296295 0.014583333333333334 0.05462962962962963
2 0.5528645833333333 0.36574074074074076 0.0171875 0.06666666666666667
2 0.4705729166666667 0.3458333333333333 0.0203125 0.0712962962962963
2 0.53515625 0.3138888888888889 0.015104166666666667 0.05555555555555555
2 0.51328125 0.3314814814814815 0.0171875 0.06296296296296296
2 0.5979166666666667 0.38287037037037036 0.022916666666666665 0.08055555555555556
2 0.5221354166666666 0.48148148148148145 0.0265625 0.12222222222222222
2 0.54765625 0.4324074074074074 0.024479166666666666 0.1
2 0.61015625 0.5166666666666667 0.028645833333333332 0.12962962962962962
2 0.19869791666666667 0.712037037037037 0.2786458333333333 0.43148148148148147
2 0.5372083333333334 0.9183055555555555 0.07076041666666667 0.1633888888888889
