2 0.58984375 0.30277777777777776 0.0140625 0.05
2 0.6140625 0.31475000000000003 0.014583333333333334 0.051722222222222225
2 0.3956822916666667 0.35 0.021578125 0.05555555555555555
2 0.6044270833333333 0.35138888888888886 0.0171875 0.058333333333333334
2 0.6020833333333333 0.41382407407407407 0.020833333333333332 0.0869074074074074
2 0.46120833333333333 0.38189814814814815 0.023453125000000002 0.08989814814814816
2 0.6182291666666667 0.48148148148148145 0.028125 0.1111111111111111
2 0.44296875 0.45978703703703705 0.027604166666666666 0.11216666666666666
2 0.5097083333333333 0.7900833333333332 0.06108854166666667 0.21799074074074073
1 0.5539270833333333 0.2467685185185185 0.010510416666666666 0.03443518518518518
2 0.6616666666666667 0.34420370370370373 0.034958333333333334 0.08617592592592592
