2 0.6130208333333333 0.7652777777777777 0.096875 0.28055555555555556
2 0.48984375 0.8694444444444445 0.0921875 0.2537037037037037
2 0.21815625 0.2684537037037037 0.036609375000000006 0.11786111111111111
2 0.48125 0.3585462962962963 0.052083333333333336 0.13291666666666668
2 0.4954322916666667 0.04485185185185185 0.018515624999999997 0.06770370370370371
2 0.31328125 0.1912037037037037 0.0296875 0.05648148148148148
2 0.20338541666666668 0.3126296296296296 0.03697916666666667 0.15436111111111112
2 0.2799479166666667 0.19305555555555556 0.03177083333333333 0.06944444444444445
2 0.5197604166666667 0.4552777777777778 0.053187500000000006 0.2283425925925926
2 0.34869791666666666 0.1534259259259259 0.024479166666666666 0.10612037037037036
2 0.17786458333333333 0.3686481481481481 0.044270833333333336 0.1923240740740741
2 0.45625 0.22546296296296298 0.0375 0.10462962962962963
2 0.47201041666666665 0.09556481481481481 0.022145833333333333 0.08664814814814814
2 0.46197916666666666 0.2997222222222222 0.036458333333333336 0.15241666666666667
2 0.5507708333333333 0.3450740740740741 0.039046875 0.18762962962962962
2 0.47759375 0.51525 0.059390625 0.2695
2 0.5105416666666667 0.2661574074074074 0.035166666666666666 0.1380462962962963
2 0.37173958333333335 0.4770370370370371 0.05285416666666667 0.24778703703703706
2 0.4078125 0.805425925925926 0.08958333333333333 0.35582407407407407
1 0.08776041666666666 0.6916666666666667 0.17552083333333332 0.6111111111111112
2 0.37375 0.0927962962962963 0.02509895833333333 0.08952777777777778
2 0.38306250000000003 0.03112962962962963 0.015942708333333333 0.0557037037037037
2 0.5473854166666666 0.24789814814814817 0.042505208333333336 0.1497222222222222
2 0.037947916666666665 0.35250925925925924 0.075890625 0.1045
