2 0.291578125 0.7146388888888888 0.05585416666666666 0.19548148148148148
2 0.4030052083333333 0.8276481481481481 0.06413020833333333 0.2252037037037037
2 0.5410625 0.5298518518518519 0.029921875 0.13969444444444445
2 0.5766354166666667 0.47464814814814815 0.029302083333333333 0.11364814814814814
2 0.68565625 0.5821666666666667 0.03438541666666666 0.1435
2 0.6783958333333333 0.5070925925925925 0.026807291666666667 0.10857407407407407
2 0.6124375000000001 0.39643518518518517 0.018734375 0.08686111111111111
2 0.41654166666666664 0.44393518518518515 0.027411458333333336 0.10777777777777778
2 0.5019166666666667 0.38657407407407407 0.018755208333333332 0.08976851851851853
2 0.427015625 0.3279537037037037 0.015942708333333333 0.06306481481481481
2 0.5088333333333334 0.3512314814814815 0.017546875 0.07258333333333333
2 0.54978125 0.3006666666666667 0.010604166666666666 0.049324074074074076
2 0.5871458333333333 0.34874074074074074 0.01797395833333333 0.0664537037037037
2 0.56171875 0.2845648148148148 0.009473958333333334 0.04675
2 0.5558125 0.2669259259259259 0.007385416666666667 0.03492592592592592
2 0.5653958333333333 0.2546111111111111 0.007802083333333334 0.03375
2 0.5750885416666667 0.307 0.024411458333333334 0.054592592592592595
2 0.5950104166666667 0.29664814814814816 0.02119270833333333 0.045
2 0.47009895833333337 0.2649814814814815 0.016515625 0.04215740740740741
1 0.5411041666666667 0.25101851851851853 0.027963541666666664 0.04878703703703703
2 0.5301145833333334 0.23710185185185184 0.024046875000000002 0.053064814814814815
2 0.5617968750000001 0.22311111111111112 0.013104166666666667 0.023842592592592592
2 0.6440572916666666 0.3527777777777778 0.03109375 0.08193518518518518
2 0.6548229166666667 0.4257870370370371 0.04429166666666667 0.11313888888888889
