2 0.5411458333333333 0.2847222222222222 0.013541666666666667 0.04537037037037037
2 0.6356770833333333 0.36018518518518516 0.018229166666666668 0.06111111111111111
2 0.5815104166666667 0.31342592592592594 0.0140625 0.05092592592592592
2 0.4140625 0.31342592592592594 0.019791666666666666 0.062037037037037036
2 0.5958333333333333 0.3277777777777778 0.015625 0.05555555555555555
2 0.43411458333333336 0.3226851851851852 0.0171875 0.06388888888888888
2 0.6046875 0.37546296296296294 0.019791666666666666 0.07314814814814814
2 0.47682291666666665 0.4041666666666667 0.025520833333333333 0.09722222222222222
2 0.5213541666666667 0.6171296296296296 0.0375 0.16203703703703703
2 0.5311510416666666 0.2904074074074074 0.011864583333333335 0.049749999999999996
1 0.46096875 0.2690092592592592 0.025145833333333333 0.05325925925925926
2 0.5607083333333333 0.28135185185185185 0.011947916666666667 0.044000000000000004
2 0.5558125 0.2558240740740741 0.009109375 0.03613888888888889
