2 0.024739583333333332 0.9194444444444444 0.049479166666666664 0.1574074074074074
2 0.6293541666666667 0.32096296296296295 0.01838020833333333 0.05860185185185185
2 0.5828125 0.3148148148148148 0.015625 0.05925925925925926
2 0.4283854166666667 0.40185185185185185 0.024479166666666666 0.09814814814814815
2 0.6043906250000001 0.41712962962962963 0.023364583333333334 0.09351851851851851
1 0.5114583333333333 0.28055555555555556 0.05520833333333333 0.1111111111111111
2 0.36328125 0.5097222222222222 0.0328125 0.1361111111111111
2 0.4078125 0.5106481481481482 0.036458333333333336 0.1361111111111111
2 0.6592604166666667 0.34498148148148144 0.03188020833333333 0.08462962962962964
2 0.5490677083333334 0.2336574074074074 0.0060260416666666665 0.025768518518518517
2 0.560828125 0.24211111111111114 0.0069791666666666665 0.025694444444444443
2 0.56625 0.2336574074074074 0.004807291666666667 0.025768518518518517
