2 0.28686979166666665 0.32519444444444445 0.047098958333333336 0.17737962962962964
2 0.06953125 0.36792592592592593 0.06451041666666667 0.18505555555555556
2 0.1123125 0.5720925925925926 0.08206770833333334 0.31825
2 0.22258333333333333 0.5555555555555556 0.06733854166666667 0.26216666666666666
2 0.31064062499999995 0.23432407407407407 0.03690625 0.13505555555555557
2 0.3229166666666667 0.15601851851851853 0.026041666666666668 0.08055555555555556
2 0.5594114583333333 0.1550925925925926 0.02715625 0.11997222222222222
2 0.11227604166666666 0.31045370370370373 0.05788541666666667 0.17750925925925926
2 0.3932291666666667 0.12056481481481482 0.026932291666666667 0.0969537037037037
2 0.5351197916666667 0.25324074074074077 0.03571354166666666 0.14854629629629632
2 0.5340416666666666 0.5851203703703703 0.075671875 0.34061111111111114
2 0.4630208333333333 0.28320370370370374 0.04925520833333333 0.1640185185185185
2 0.44375 0.4211666666666667 0.06607291666666666 0.22936111111111113
2 0.33690625 0.848675925925926 0.11726041666666666 0.30264814814814817
2 0.20238020833333334 0.9166666666666666 0.11755729166666667 0.16666666666666666
2 0.053572916666666665 0.9060833333333334 0.107140625 0.18783333333333335
2 0.22619270833333335 0.32804629629629634 0.05505729166666666 0.17725000000000002
1 0.21986458333333334 0.24602777777777776 0.037947916666666665 0.13491666666666668
2 0.2808802083333333 0.17658333333333334 0.04984895833333333 0.11772222222222223
2 0.036828124999999996 0.3485462962962963 0.072171875 0.1309537037037037
2 0.24367708333333335 0.38491666666666663 0.055802083333333335 0.2037037037037037
