2 0.5651041666666666 0.2884259259259259 0.0125 0.04351851851851852
2 0.47760416666666666 0.962037037037037 0.078125 0.07592592592592592
2 0.46197916666666666 0.27361111111111114 0.026041666666666668 0.04351851851851852
2 0.58984375 0.29212962962962963 0.015104166666666667 0.05277777777777778
2 0.5575520833333333 0.31712962962962965 0.0171875 0.058333333333333334
2 0.5333333333333333 0.30833333333333335 0.016666666666666666 0.053703703703703705
2 0.5723958333333333 0.3439814814814815 0.019791666666666666 0.06388888888888888
2 0.51484375 0.3662037037037037 0.021354166666666667 0.07685185185185185
2 0.587203125 0.38783333333333336 0.02440625 0.08676851851851851
2 0.54453125 0.375 0.028645833333333332 0.07777777777777778
2 0.48776041666666664 0.3819444444444444 0.022395833333333334 0.08611111111111111
2 0.4557291666666667 0.37777777777777777 0.023958333333333335 0.08703703703703704
2 0.5744791666666667 0.49854629629629627 0.035265624999999995 0.13306481481481483
2 0.3411458333333333 0.45846296296296296 0.03765104166666667 0.11323148148148149
2 0.48734895833333336 0.48756481481481484 0.036609375000000006 0.1301574074074074
2 0.5305052083333334 0.5058888888888889 0.03392708333333334 0.1321388888888889
2 0.38117708333333333 0.9041666666666667 0.06443229166666667 0.19166666666666668
2 0.6776041666666667 0.7226851851851852 0.059375 0.2175925925925926
2 0.6346354166666667 0.33055555555555555 0.0171875 0.05740740740740741
