2 0.6244791666666667 0.3486111111111111 0.015625 0.062037037037037036
2 0.5684895833333333 0.32037037037037036 0.0140625 0.04814814814814815
2 0.5300885416666666 0.31272222222222223 0.028921875 0.05603703703703704
2 0.47708333333333336 0.325 0.016666666666666666 0.05740740740740741
2 0.5015625 0.3136851851851852 0.017708333333333333 0.06522222222222222
2 0.5384947916666667 0.3669259259259259 0.020744791666666665 0.0791111111111111
2 0.56875 0.3901388888888889 0.021875 0.08269444444444445
2 0.5932291666666667 0.3610462962962963 0.017708333333333333 0.07419444444444444
2 0.5486979166666667 0.45787037037037037 0.0265625 0.10277777777777777
2 0.6088541666666667 0.37849999999999995 0.01875 0.08188888888888889
2 0.3958333333333333 0.6032407407407407 0.05416666666666667 0.16574074074074074
2 0.5640625 0.5662037037037037 0.03333333333333333 0.14351851851851852
2 0.5484375 0.8583333333333333 0.057291666666666664 0.22037037037037038
2 0.6428541666666666 0.33222222222222225 0.01478125 0.05649074074074074
2 0.5953697916666666 0.3191388888888889 0.011583333333333333 0.052055555555555556
2 0.6097291666666667 0.33344444444444443 0.013864583333333335 0.055574074074074074
2 0.56278125 0.3503611111111111 0.015619791666666666 0.06919444444444445
2 0.5703177083333333 0.27727777777777773 0.011744791666666667 0.04087962962962963
2 0.5873020833333332 0.2725 0.008781249999999999 0.03973148148148148
2 0.5555052083333333 0.25022222222222223 0.008640625 0.032231481481481486
2 0.5620937500000001 0.26086111111111115 0.006666666666666667 0.04003703703703704
2 0.5420104166666667 0.23947222222222223 0.0072187499999999995 0.02924074074074074
