2 0.56015625 0.8115740740740741 0.0796875 0.3490740740740741
2 0.649109375 0.5883425925925926 0.07009375000000001 0.29738888888888887
2 0.45546875 0.03611111111111111 0.028645833333333332 0.07222222222222222
2 0.49713541666666666 0.052314814814814814 0.0296875 0.10462962962962963
2 0.65 0.3939814814814815 0.05520833333333333 0.20833333333333334
2 0.48385416666666664 0.31805555555555554 0.053125 0.22685185185185186
2 0.51875 0.14027777777777778 0.03854166666666667 0.14351851851851852
2 0.53359375 0.27175925925925926 0.04635416666666667 0.20277777777777778
2 0.55703125 0.5462962962962963 0.0734375 0.28888888888888886
2 0.09375 0.8847222222222222 0.103125 0.23055555555555557
2 0.5989583333333334 0.11018518518518519 0.034375 0.14629629629629629
2 0.459375 0.5268518518518519 0.07083333333333333 0.2833333333333333
2 0.28229166666666666 0.7541666666666667 0.08125 0.3675925925925926
1 0.3059895833333333 0.22361111111111112 0.2296875 0.4361111111111111
