2 0.5604166666666667 0.30972222222222223 0.014583333333333334 0.05277777777777778
2 0.5861979166666667 0.2986111111111111 0.015104166666666667 0.05277777777777778
2 0.6028645833333334 0.3106481481481482 0.016145833333333335 0.05462962962962963
2 0.5520833333333334 0.34074074074074073 0.01875 0.06666666666666667
2 0.49453125 0.3925925925925926 0.0234375 0.09074074074074075
2 0.54296875 0.4513888888888889 0.027604166666666666 0.10092592592592593
2 0.5265625 0.5657407407407408 0.03854166666666667 0.1425925925925926
2 0.44427083333333334 0.6976851851851852 0.05 0.19722222222222222
2 0.5033854166666667 0.26435185185185184 0.018229166666666668 0.041666666666666664
2 0.6579583333333333 0.3423796296296296 0.031328125 0.07579629629629629
