2 0.4328125 0.10178703703703704 0.026041666666666668 0.08530555555555555
1 0.08036458333333334 0.32637037037037037 0.07115104166666668 0.16021296296296297
2 0.46041145833333336 0.12957407407407406 0.027072916666666665 0.10381481481481482
2 0.4 0.21012962962962964 0.03229166666666667 0.139
2 0.53046875 0.21342592592592594 0.03177083333333333 0.13055555555555556
2 0.14716145833333333 0.3214814814814815 0.0615 0.17652777777777778
2 0.25753645833333333 0.18158333333333335 0.032317708333333334 0.11805555555555555
2 0.36582291666666666 0.1185462962962963 0.02203125 0.09074074074074075
2 0.38934375 0.08940740740740741 0.018145833333333337 0.0797962962962963
2 0.31586458333333334 0.19585185185185186 0.025125 0.09513888888888888
2 0.49270833333333336 0.04984259259259259 0.017697916666666664 0.07474074074074075
2 0.5325885416666667 0.07533333333333334 0.021078125 0.07427777777777778
2 0.40844270833333335 0.03263888888888889 0.014677083333333334 0.05678703703703704
2 0.37484375000000003 0.03314814814814815 0.013458333333333333 0.05575925925925926
2 0.38836979166666663 0.036981481481481476 0.012723958333333334 0.059305555555555556
2 0.42228125 0.02837962962962963 0.012260416666666666 0.050333333333333334
2 0.433515625 0.028175925925925927 0.015052083333333332 0.056351851851851854
1 0.47807812499999996 0.03553703703703704 0.030114583333333333 0.058472222222222224
1 0.33088541666666665 0.12294444444444444 0.019286458333333333 0.09130555555555556
1 0.29016145833333334 0.18897222222222224 0.016541666666666666 0.0957962962962963
1 0.2716145833333333 0.20324074074074075 0.019958333333333335 0.09346296296296296
2 0.6016510416666667 0.16648148148148148 0.026093750000000002 0.09401851851851853
2 0.6079895833333333 0.23031481481481483 0.026041666666666668 0.08794444444444445
2 0.4143072916666667 0.1714351851851852 0.022942708333333332 0.11216666666666666
