2 0.51640625 0.2523148148148148 0.013020833333333334 0.041666666666666664
2 0.5484375 0.2847222222222222 0.014583333333333334 0.04537037037037037
2 0.6005208333333333 0.3662037037037037 0.01875 0.06759259259259259
2 0.5286458333333334 0.275 0.01875 0.046296296296296294
2 0.5494791666666666 0.35648148148148145 0.019791666666666666 0.06851851851851852
2 0.58125 0.3287037037037037 0.016666666666666666 0.06111111111111111
2 0.5567708333333333 0.3921296296296296 0.019791666666666666 0.07685185185185185
2 0.5911458333333334 0.40185185185185185 0.021875 0.08333333333333333
2 0.615625 0.5370370370370371 0.03333333333333333 0.13703703703703704
2 0.5080729166666667 0.6287037037037037 0.0390625 0.16296296296296298
2 0.5489583333333333 0.7824074074074074 0.053125 0.20925925925925926
2 0.4049479166666667 0.6759259259259259 0.050520833333333334 0.17777777777777778
2 0.6604479166666667 0.3390185185185185 0.03425 0.08813888888888889
2 0.5633645833333334 0.29145370370370366 0.013703125 0.048574074074074075
