2 0.05505729166666666 0.31342592592592594 0.04761979166666667 0.1720925925925926
2 0.12998437499999999 0.41388888888888886 0.048364583333333336 0.1896851851851852
1 0.14691145833333333 0.27387962962962964 0.03444791666666667 0.14351851851851852
1 0.5610104166666667 0.208 0.03333333333333333 0.13928703703703704
2 0.44434375 0.3413333333333333 0.05 0.1890185185185185
2 0.5005208333333333 0.0645462962962963 0.019791666666666666 0.0661388888888889
2 0.4739583333333333 0.055092592592592596 0.020833333333333332 0.06944444444444445
2 0.58203125 0.10833333333333334 0.025520833333333333 0.09074074074074075
2 0.25227083333333333 0.21871296296296297 0.03891145833333333 0.13690740740740742
2 0.39036458333333335 0.11990740740740741 0.021354166666666667 0.0787037037037037
2 0.3683020833333333 0.254962962962963 0.041666666666666664 0.15860185185185185
2 0.39427083333333335 0.18975 0.028125 0.11468518518518518
2 0.3113854166666667 0.1935185185185185 0.031098958333333333 0.12037037037037036
2 0.187796875 0.7095277777777778 0.08214062500000001 0.3314814814814815
2 0.4915572916666667 0.20575000000000002 0.034151041666666666 0.13187962962962962
2 0.26733854166666665 0.4957685185185185 0.09359895833333334 0.2529074074074074
2 0.43720312499999997 0.1735462962962963 0.03288541666666667 0.11746296296296296
2 0.5371666666666666 0.3327407407407407 0.04828645833333333 0.19510185185185186
2 0.4044270833333333 0.5643518518518519 0.0609375 0.2712962962962963
2 0.49609375 0.47824074074074074 0.058854166666666666 0.24589814814814814
2 0.34170312500000005 0.8398148148148148 0.10632291666666666 0.32037037037037036
1 0.6015625 0.7771203703703703 0.12574479166666666 0.3743425925925926
1 0.622765625 0.8836018518518518 0.11011979166666667 0.23279629629629628
2 0.44121875 0.2771203703703704 0.04613020833333333 0.16005555555555556
2 0.2659947916666667 0.4014537037037037 0.05878125 0.20767592592592593
2 0.2552083333333333 0.29894444444444446 0.04315625 0.15608333333333332
2 0.166296875 0.4603148148148148 0.06324479166666667 0.23809259259259258
2 0.28348437499999996 0.3068796296296296 0.041666666666666664 0.16666666666666666
2 0.12165104166666667 0.5667962962962962 0.07366145833333333 0.29232407407407407
1 0.3604895833333333 0.16997222222222222 0.024552083333333332 0.10185185185185185
2 0.5424114583333334 0.16799074074074075 0.023807291666666668 0.11639814814814814
2 0.5223229166666666 0.1514537037037037 0.025296875 0.12830555555555556
2 0.6086302083333333 0.22817592592592592 0.03125 0.10185185185185185
