2 0.45703125 0.3421296296296296 0.016145833333333335 0.06759259259259259
2 0.61796875 0.36898148148148147 0.018229166666666668 0.0712962962962963
2 0.5916666666666667 0.3574074074074074 0.01875 0.07407407407407407
2 0.4666666666666667 0.3939814814814815 0.022916666666666665 0.08611111111111111
2 0.384375 0.3958333333333333 0.10416666666666667 0.14722222222222223
2 0.434375 0.49027777777777776 0.035416666666666666 0.12685185185185185
2 0.6484375 0.6763888888888889 0.042708333333333334 0.1787037037037037
2 0.35078125 0.5625 0.03802083333333333 0.14722222222222223
2 0.29661458333333335 0.6134259259259259 0.04739583333333333 0.16018518518518518
2 0.6660104166666667 0.3483425925925926 0.043645833333333335 0.09753703703703705
2 0.5984895833333332 0.2850740740740741 0.014505208333333333 0.050111111111111106
2 0.6323489583333333 0.3352314814814815 0.01625 0.0620462962962963
2 0.45160937500000004 0.2941944444444445 0.013041666666666667 0.045907407407407404
2 0.5171979166666667 0.28625925925925927 0.025531250000000002 0.05053703703703703
