1 0.585046875 0.6234166666666666 0.11503125 0.31296296296296294
2 0.008854166666666666 0.5125 0.017708333333333333 0.19166666666666668
2 0.22630208333333332 0.3648148148148148 0.0453125 0.13518518518518519
2 0.48671875 0.1486111111111111 0.022395833333333334 0.08796296296296297
2 0.28590104166666663 0.28690740740740744 0.04650520833333334 0.1582037037037037
2 0.40703125 0.13703703703703704 0.024479166666666666 0.08888888888888889
2 0.12161458333333333 0.39054629629629634 0.04858854166666667 0.2101851851851852
2 0.321875 0.17175925925925925 0.03229166666666667 0.09537037037037037
2 0.42295312500000004 0.2310185185185185 0.03534375 0.14669444444444446
2 0.3609375 0.2300925925925926 0.034375 0.14351851851851852
2 0.08980729166666666 0.6931851851851851 0.08794791666666667 0.32843518518518516
2 0.5574010416666667 0.16190740740740742 0.027307291666666667 0.11323148148148149
2 0.24326562499999999 0.28002777777777776 0.04278125 0.13624074074074072
2 0.39010416666666664 0.22037037037037038 0.029166666666666667 0.12962962962962962
2 0.46343229166666666 0.2122314814814815 0.03444791666666667 0.1366388888888889
2 0.42046354166666666 0.5259907407407408 0.06830208333333333 0.2464259259259259
2 0.539953125 0.18987962962962962 0.03288541666666667 0.12579629629629632
2 0.5015625 0.4166666666666667 0.06145833333333333 0.22037037037037038
2 0.5536822916666666 0.3125648148148148 0.04338020833333334 0.17804629629629629
2 0.5069947916666666 0.21917592592592594 0.031697916666666666 0.1354537037037037
2 0.43359375 0.6545 0.08400520833333333 0.31084259259259256
2 0.154390625 0.46296296296296297 0.06324479166666667 0.2433888888888889
2 0.19270833333333334 0.49272222222222223 0.06696354166666667 0.2632314814814815
2 0.2879479166666667 0.32804629629629634 0.05059375 0.1534351851851852
2 0.2845989583333333 0.4074074074074074 0.057291666666666664 0.21428703703703705
2 0.328125 0.30489814814814814 0.04761979166666667 0.17327777777777775
2 0.21726041666666665 0.5251296296296296 0.09226041666666666 0.317462962962963
2 0.3958333333333333 0.08796296296296297 0.01934375 0.08598148148148148
2 0.46875 0.046953703703703706 0.016369791666666668 0.06746296296296296
2 0.4817708333333333 0.03836111111111111 0.015625 0.0661388888888889
2 0.49590625 0.02975925925925926 0.012651041666666666 0.05951851851851852
2 0.3597447916666667 0.09325 0.03496875 0.09391666666666668
