2 0.2792760416666667 0.9402777777777778 0.07209895833333334 0.11944444444444445
2 0.42682291666666666 0.31851851851851853 0.0171875 0.05740740740740741
2 0.50234375 0.32828703703703704 0.015104166666666667 0.06582407407407408
2 0.5285260416666666 0.3333333333333333 0.01747395833333333 0.06919444444444445
2 0.665328125 0.9064814814814814 0.08065625000000001 0.18703703703703703
2 0.56796875 0.34629629629629627 0.016145833333333335 0.06666666666666667
2 0.5530781250000001 0.36969444444444444 0.01884375 0.07726851851851853
2 0.4265625 0.9314814814814815 0.078125 0.13703703703703704
2 0.43404166666666666 0.3463796296296296 0.020171875 0.06986111111111111
2 0.585703125 0.34599074074074077 0.017234375000000003 0.06789814814814815
2 0.48955729166666667 0.35509259259259257 0.019744791666666664 0.07263888888888889
2 0.51875 0.39490740740740743 0.022916666666666665 0.08055555555555556
2 0.6078125 0.37849074074074074 0.019791666666666666 0.07921296296296296
2 0.6303541666666667 0.47734259259259254 0.0268125 0.11394444444444445
2 0.5391145833333333 0.47400925925925924 0.03363020833333333 0.11441666666666667
2 0.59121875 0.4750648148148149 0.030359375 0.11864814814814814
2 0.5653020833333334 0.6251018518518519 0.04697395833333333 0.1643425925925926
2 0.50078125 0.5363796296296296 0.03802083333333333 0.13941666666666666
2 0.553125 0.7992685185185185 0.06488020833333333 0.22552777777777777
2 0.6171875 0.3198611111111111 0.016572916666666666 0.05555555555555555
2 0.6448854166666667 0.2891388888888889 0.0123125 0.04461111111111111
2 0.6274322916666667 0.33240740740740743 0.021526041666666666 0.05987962962962963
