2 0.8724427083333333 0.5450462962962963 0.2551145833333333 0.2934074074074074
2 0.2803802083333334 0.7021759259259259 0.06579166666666666 0.26816666666666666
2 0.13926041666666666 0.8650648148148148 0.07174479166666667 0.26987037037037037
2 0.5947083333333333 0.7046296296296296 0.06075520833333334 0.25763888888888886
2 0.7016875 0.47075925925925927 0.04729166666666666 0.14174074074074075
2 0.7477031249999999 0.46696296296296297 0.04209895833333333 0.14650925925925926
2 0.819328125 0.4302037037037037 0.03778125 0.0853425925925926
2 0.859421875 0.42045370370370366 0.038109375 0.09362037037037037
2 0.8941510416666667 0.42992592592592593 0.038119791666666666 0.12799074074074074
2 0.932078125 0.4224907407407408 0.04278645833333334 0.1316388888888889
2 0.9681458333333333 0.4195462962962963 0.03853645833333333 0.13191666666666665
2 0.5711822916666667 0.41603703703703704 0.04148958333333333 0.1557685185185185
2 0.39328125 0.2629074074074074 0.029437500000000002 0.10566666666666667
2 0.4298645833333333 0.20222222222222222 0.021005208333333334 0.09233333333333334
2 0.4232760416666667 0.187 0.019979166666666666 0.0835
2 0.4960833333333333 0.14246296296296299 0.018026041666666666 0.07157407407407407
2 0.5789166666666666 0.06592592592592593 0.011817708333333335 0.04504629629629629
2 0.5914375 0.05203703703703704 0.010421875 0.03988888888888889
2 0.5558541666666666 0.041249999999999995 0.008385416666666668 0.038509259259259264
2 0.5637760416666667 0.028120370370370372 0.007182291666666666 0.03414814814814815
2 0.5716302083333333 0.023722222222222224 0.008692708333333334 0.03376851851851852
2 0.6059427083333334 0.016481481481481482 0.007239583333333333 0.03295370370370371
2 0.5863125 0.022611111111111113 0.007750000000000001 0.029861111111111113
2 0.5942135416666667 0.017796296296296296 0.0074531250000000005 0.030324074074074073
2 0.4456875 0.15671296296296297 0.013432291666666667 0.05396296296296296
2 0.32928125 0.2543240740740741 0.03440625 0.06231481481481481
2 0.4200520833333333 0.16115740740740742 0.01992708333333333 0.05274074074074074
2 0.16826041666666666 0.41886111111111113 0.025885416666666668 0.10392592592592592
2 0.49007812500000003 0.7546759259259259 0.083359375 0.2730462962962963
