2 0.4503697916666667 0.2746018518518518 0.018005208333333335 0.04735185185185185
2 0.4158854166666667 0.31666666666666665 0.016145833333333335 0.053703703703703705
2 0.5721354166666667 0.31342592592592594 0.015104166666666667 0.05648148148148148
2 0.42239583333333336 0.34120370370370373 0.017708333333333333 0.062037037037037036
2 0.6135416666666667 0.3486111111111111 0.01875 0.06759259259259259
2 0.584375 0.3435185185185185 0.020833333333333332 0.07037037037037037
2 0.5484375 0.33287037037037037 0.017708333333333333 0.06574074074074074
2 0.5197916666666667 0.3402777777777778 0.01875 0.06759259259259259
2 0.547359375 0.5121666666666667 0.03638541666666666 0.1354537037037037
2 0.45390625 0.487962962962963 0.034895833333333334 0.12777777777777777
2 0.49847395833333336 0.6855185185185185 0.05111458333333333 0.19139814814814815
2 0.221875 0.8875 0.07916666666666666 0.22314814814814815
2 0.5931197916666666 0.2892777777777778 0.014187499999999999 0.04730555555555556
