2 0.04375 0.3476851851851852 0.06145833333333333 0.09351851851851851
2 0.34375 0.13564814814814816 0.027083333333333334 0.09166666666666666
2 0.3958333333333333 0.3337962962962963 0.03854166666666667 0.14907407407407408
2 0.4939427083333333 0.07644444444444444 0.04283333333333333 0.08992592592592594
2 0.4875 0.3560185185185185 0.03958333333333333 0.15833333333333333
2 0.19086979166666668 0.2654537037037037 0.039093750000000003 0.15426851851851853
2 0.63515625 0.5671296296296297 0.0734375 0.2675925925925926
2 0.25546875 0.2439814814814815 0.033854166666666664 0.13240740740740742
2 0.5770833333333333 0.3731481481481482 0.040625 0.1814814814814815
2 0.42916666666666664 0.2884259259259259 0.03958333333333333 0.15092592592592594
2 0.4125 0.4287037037037037 0.057291666666666664 0.21296296296296297
2 0.48385416666666664 0.4981481481481482 0.05625 0.2111111111111111
2 0.47760416666666666 0.7703703703703704 0.084375 0.37037037037037035
2 0.32760416666666664 0.6972222222222222 0.08854166666666667 0.32037037037037036
2 0.39174479166666665 0.10058333333333333 0.015947916666666666 0.07114814814814815
2 0.54959375 0.11825925925925926 0.01914583333333333 0.10033333333333333
2 0.5412708333333334 0.3203611111111111 0.038953125000000005 0.1927962962962963
2 0.502125 0.29082407407407407 0.033578125 0.1676851851851852
2 0.5579635416666666 0.2226388888888889 0.03240625 0.13008333333333333
2 0.60890625 0.2250925925925926 0.028395833333333335 0.08869444444444445
2 0.486140625 0.22691666666666666 0.027651041666666668 0.13555555555555557
