2 0.6319583333333333 0.9537685185185184 0.12403125 0.0869074074074074
2 0.35390625 0.03287037037037037 0.0265625 0.06574074074074074
2 0.03690625 0.2501296296296296 0.07380729166666668 0.29656481481481484
2 0.5145833333333333 0.014351851851851852 0.021875 0.028703703703703703
2 0.559375 0.01990740740740741 0.027083333333333334 0.03796296296296296
2 0.309375 0.04490740740740741 0.03958333333333333 0.08981481481481482
2 0.41458333333333336 0.038425925925925926 0.040625 0.07685185185185185
2 0.217078125 0.19774999999999998 0.05647395833333334 0.1880925925925926
2 0.15465104166666668 0.3021851851851852 0.06034375 0.21176851851851852
2 0.3411458333333333 0.09305555555555556 0.0375 0.15462962962962962
2 0.14665104166666668 0.5652777777777778 0.08765104166666667 0.30277777777777776
2 0.41234895833333335 0.11500925925925926 0.04628125 0.16124074074074074
2 0.24646354166666665 0.07837037037037037 0.043973958333333334 0.1506574074074074
2 0.3614583333333333 0.2763888888888889 0.05 0.20462962962962963
2 0.48444791666666664 0.06024999999999999 0.03422395833333333 0.12024074074074076
2 0.29605729166666667 0.13994444444444443 0.04419791666666666 0.1669351851851852
2 0.7042395833333334 0.6791666666666667 0.080359375 0.30462962962962964
2 0.2015625 0.875 0.11145833333333334 0.2462962962962963
2 0.5018229166666667 0.18472222222222223 0.03802083333333333 0.1675925925925926
2 0.5555416666666667 0.14027777777777778 0.04352604166666666 0.15462962962962962
2 0.6124635416666667 0.22003703703703703 0.0484375 0.1826759259259259
2 0.38664583333333336 0.4185185185185185 0.061385416666666665 0.2462962962962963
2 0.5520833333333334 0.4393518518518518 0.058333333333333334 0.25277777777777777
