2 0.6182291666666667 0.3351851851851852 0.015625 0.06111111111111111
2 0.5234375 0.30648148148148147 0.013541666666666667 0.05185185185185185
2 0.49166666666666664 0.3199074074074074 0.015625 0.05648148148148148
2 0.554015625 0.3300277777777778 0.020833333333333332 0.06587037037037037
2 0.47578125 0.34074074074074073 0.018229166666666668 0.06296296296296296
2 0.5065104166666666 0.3347222222222222 0.016145833333333335 0.062037037037037036
2 0.53671875 0.32083333333333336 0.015104166666666667 0.05648148148148148
2 0.42083333333333334 0.3263888888888889 0.01875 0.06388888888888888
2 0.5640625 0.36475 0.017708333333333333 0.07394444444444444
2 0.49270833333333336 0.3736111111111111 0.020833333333333332 0.08055555555555556
1 0.6288333333333332 0.3587314814814815 0.018677083333333334 0.08253703703703703
2 0.47105729166666666 0.4121666666666667 0.02753125 0.09656481481481483
2 0.5432291666666667 0.3890185185185185 0.021875 0.09047222222222222
2 0.5955729166666667 0.3640185185185185 0.020760416666666667 0.07619444444444445
2 0.33470833333333333 0.4526481481481482 0.035046875000000005 0.11639814814814814
2 0.70215625 0.8089907407407407 0.058484375000000005 0.22910185185185186
2 0.5484375 0.8449722222222222 0.06145833333333333 0.22698148148148148
2 0.583703125 0.2883611111111111 0.030505208333333332 0.05026851851851852
