2 0.39869791666666665 0.520962962962963 0.06213020833333334 0.265212962962963
2 0.38859895833333336 0.24336111111111108 0.037270833333333336 0.15092592592592594
2 0.3628489583333333 0.18987037037037038 0.030901041666666667 0.11326851851851852
2 0.33958333333333335 0.6680555555555555 0.07083333333333333 0.3194444444444444
2 0.5283854166666667 0.14629629629629629 0.022395833333333334 0.08888888888888889
2 0.44107291666666665 0.4294351851851852 0.052234375000000006 0.22182407407407406
2 0.43558854166666666 0.16450925925925924 0.025812500000000002 0.10062037037037037
2 0.07473958333333333 0.5388240740740741 0.07373437499999999 0.2765833333333333
2 0.31953125 0.49953703703703706 0.058854166666666666 0.23981481481481481
2 0.465625 0.20555555555555555 0.026041666666666668 0.1
1 0.540328125 0.4867037037037037 0.10357291666666667 0.26230555555555557
2 0.33255208333333336 0.24583333333333332 0.0328125 0.1361111111111111
2 0.5036458333333333 0.6194444444444445 0.075 0.2462962962962963
2 0.43828125 0.2689814814814815 0.03697916666666667 0.13425925925925927
2 0.4825520833333333 0.2884259259259259 0.0328125 0.1398148148148148
2 0.55234375 0.8421296296296297 0.10572916666666667 0.31203703703703706
2 0.04352604166666666 0.3492037037037037 0.06770833333333333 0.11904629629629629
2 0.10305208333333334 0.3220925925925926 0.06770833333333333 0.10978703703703703
2 0.10602604166666667 0.32539814814814816 0.06324479166666667 0.12169444444444445
2 0.18638541666666666 0.36508333333333337 0.048364583333333336 0.1587314814814815
2 0.18601041666666665 0.42592592592592593 0.05952604166666667 0.21693518518518518
2 0.23921354166666667 0.24074074074074073 0.02753125 0.14021296296296296
2 0.24255729166666665 0.26058333333333333 0.03869270833333334 0.15608333333333332
2 0.2890625 0.18055555555555555 0.03199479166666667 0.09126851851851851
2 0.2864583333333333 0.2175925925925926 0.03422395833333333 0.11508333333333334
2 0.2622760416666667 0.3551574074074074 0.052828125000000004 0.1891574074074074
2 0.29092187500000005 0.2757962962962963 0.041666666666666664 0.14417592592592593
2 0.3392864583333333 0.21296296296296297 0.029760416666666668 0.10846296296296297
2 0.5269114583333333 0.31533333333333335 0.04224479166666666 0.18210185185185185
2 0.5561354166666667 0.23456481481481484 0.037036458333333334 0.1460925925925926
2 0.5049166666666667 0.21811111111111112 0.041088541666666666 0.1399166666666667
2 0.026411458333333335 0.8703703703703703 0.052828125000000004 0.25925925925925924
2 0.4073645833333333 0.12102777777777779 0.020088541666666668 0.09920370370370371
