2 0.37983854166666664 0.062037037037037036 0.034671875 0.12407407407407407
2 0.24255729166666665 0.20324074074074075 0.04702604166666667 0.17235185185185184
2 0.07868229166666667 0.36283333333333334 0.076859375 0.25475925925925924
2 0.643640625 0.18049074074074076 0.04918229166666667 0.16679629629629628
2 0.6841145833333333 0.2485462962962963 0.0484375 0.18438888888888888
2 0.16488541666666665 0.3585277777777778 0.06979166666666667 0.24537037037037038
2 0.3421875 0.8183888888888889 0.10833333333333334 0.3595277777777778
2 0.6284583333333333 0.48604629629629625 0.06956770833333333 0.2691851851851852
1 0.49453125 0.15648148148148147 0.1734375 0.3055555555555556
2 0.6702395833333333 0.7742037037037037 0.07380729166666668 0.3391574074074074
2 0.6402552083333333 0.12037037037037036 0.04241145833333334 0.1375648148148148
2 0.6447187499999999 0.0667962962962963 0.04390104166666667 0.11772222222222223
2 0.2808802083333333 0.15938888888888889 0.048364583333333336 0.1309537037037037
2 0.3061770833333333 0.13690740740740742 0.04241145833333334 0.14682407407407408
2 0.33296354166666664 0.10846296296296297 0.03943229166666666 0.15608333333333332
2 0.40141145833333336 0.08928703703703704 0.036458333333333336 0.1574074074074074
