1 0.57840625 0.3586574074074074 0.033364583333333336 0.15828703703703703
2 0.5239479166666666 0.35837962962962966 0.028614583333333332 0.13920370370370372
2 0.4824322916666667 0.43119444444444444 0.035859375 0.16755555555555557
2 0.23618229166666668 0.4453611111111111 0.04683333333333333 0.15885185185185186
2 0.16759374999999999 0.42025 0.027713541666666668 0.10245370370370371
2 0.292296875 0.29237037037037034 0.0340625 0.07200000000000001
2 0.3665260416666667 0.25427777777777777 0.024536458333333334 0.09767592592592592
2 0.39596875 0.29650925925925925 0.024072916666666666 0.11703703703703704
2 0.4203177083333333 0.23660185185185184 0.02273958333333333 0.09935185185185184
2 0.4377552083333333 0.20012037037037037 0.019432291666666667 0.08812962962962964
2 0.46423958333333337 0.1746574074074074 0.018567708333333332 0.07732407407407407
2 0.4906770833333333 0.19725 0.019369791666666667 0.08546296296296296
2 0.49778125 0.14105555555555555 0.016213541666666668 0.06875925925925927
2 0.5129739583333334 0.10226851851851852 0.015822916666666666 0.06216666666666667
2 0.5847187500000001 0.05912037037037037 0.011265625 0.05304629629629629
2 0.5316822916666667 0.07755555555555556 0.010229166666666668 0.04548148148148148
2 0.49489583333333337 0.09963888888888889 0.01146875 0.04418518518518518
2 0.538484375 0.06917592592592592 0.008682291666666668 0.04387037037037037
2 0.566421875 0.047870370370370376 0.009640625000000002 0.042111111111111106
2 0.558328125 0.05207407407407408 0.009463541666666667 0.04287962962962963
2 0.6991302083333333 0.47092592592592597 0.052515624999999996 0.1402962962962963
2 0.745796875 0.4659537037037037 0.043578125 0.1471759259259259
2 0.8207864583333334 0.4297777777777778 0.028546875000000003 0.07213888888888889
2 0.8579635416666667 0.41967592592592595 0.029979166666666668 0.09514814814814815
2 0.8937552083333333 0.43076851851851855 0.037328125000000004 0.12349074074074075
2 0.9334583333333334 0.4263425925925926 0.03686979166666667 0.1239074074074074
2 0.9653802083333333 0.4181388888888889 0.03301041666666667 0.12910185185185186
2 0.8741770833333333 0.5453148148148149 0.25164583333333335 0.2816111111111111
2 0.41988020833333334 0.14772222222222223 0.023609375 0.06666666666666667
2 0.32932291666666663 0.25539814814814815 0.03259895833333334 0.059416666666666666
