2 0.5221354166666666 0.3490740740740741 0.0171875 0.06481481481481481
2 0.5645833333333333 0.3617037037037037 0.016666666666666666 0.06971296296296296
2 0.5955729166666667 0.3851203703703704 0.018229166666666668 0.07314814814814814
2 0.6533854166666667 0.9675925925925926 0.0703125 0.06481481481481481
2 0.58046875 0.40879629629629627 0.0203125 0.0787037037037037
2 0.42239583333333336 0.32222222222222224 0.017708333333333333 0.06296296296296296
2 0.17682291666666666 0.9277777777777778 0.09010416666666667 0.14444444444444443
2 0.6125 0.3726851851851852 0.016666666666666666 0.07314814814814814
2 0.49635416666666665 0.3763888888888889 0.021875 0.08055555555555556
2 0.6771927083333333 0.5076759259259259 0.03638541666666666 0.12275
2 0.5440104166666667 0.38055555555555554 0.0203125 0.07962962962962963
2 0.5208333333333334 0.42314814814814816 0.025 0.09074074074074075
2 0.47109375 0.45046296296296295 0.025520833333333333 0.09537037037037037
2 0.512390625 0.5126296296296297 0.033703124999999994 0.13346296296296295
2 0.6421510416666667 0.6220277777777777 0.03846875 0.15700925925925927
2 0.23180729166666666 0.8170000000000001 0.07403124999999999 0.21362037037037038
2 0.5456458333333334 0.7939166666666666 0.056921875000000004 0.22327777777777777
2 0.623140625 0.34524074074074074 0.015625 0.06084259259259259
2 0.6395104166666666 0.35317592592592595 0.017114583333333332 0.06349074074074074
