2 0.3359375 0.2652777777777778 0.03125 0.10277777777777777
2 0.32083333333333336 0.18518518518518517 0.03333333333333333 0.08888888888888889
2 0.40970833333333334 0.07426851851851851 0.05171354166666667 0.0948425925925926
2 0.16692708333333334 0.36064814814814816 0.05364583333333333 0.1824074074074074
2 0.5065468750000001 0.24166666666666667 0.05133854166666666 0.1425925925925926
2 0.3659947916666667 0.3395462962962963 0.046578125000000005 0.18836111111111112
2 0.5698645833333333 0.2638240740740741 0.04315625 0.14616666666666667
2 0.36770833333333336 0.16527777777777777 0.026041666666666668 0.10277777777777777
2 0.40703125 0.19490740740740742 0.0328125 0.11944444444444445
2 0.558109375 0.3888888888888889 0.05133854166666666 0.2021111111111111
2 0.5154010416666667 0.8231481481481482 0.09866145833333334 0.34629629629629627
2 0.030135416666666668 0.7738055555555556 0.060265624999999996 0.37037037037037035
2 0.24330208333333334 0.28571296296296295 0.049109375000000004 0.14814814814814814
2 0.048364583333333336 0.3445740740740741 0.06547395833333333 0.10713888888888888
2 0.18340625 0.25397222222222227 0.040921874999999996 0.1322777777777778
1 0.3504479166666667 0.12037037037037036 0.022322916666666668 0.08730555555555557
2 0.31175520833333337 0.24669444444444444 0.032739583333333336 0.12830555555555556
2 0.4776770833333333 0.08928703703703704 0.016369791666666668 0.08333333333333333
2 0.5584062500000001 0.0985462962962963 0.018598958333333335 0.08598148148148148
2 0.4955364583333333 0.06944444444444445 0.017859375 0.08068518518518518
2 0.44754687499999996 0.05026851851851852 0.017114583333333332 0.07407407407407407
2 0.46317187499999996 0.07737962962962962 0.018598958333333335 0.08333333333333333
