2 0.5747395833333333 0.3472222222222222 0.016145833333333335 0.06111111111111111
2 0.517484375 0.36157407407407405 0.019197916666666665 0.07314814814814814
2 0.5018958333333333 0.38101851851851853 0.021505208333333335 0.0824074074074074
2 0.619234375 0.35317592592592595 0.018677083333333334 0.0656111111111111
2 0.5916666666666667 0.3688518518518519 0.01875 0.07897222222222222
2 0.6776770833333334 0.5076018518518519 0.038390625 0.12262037037037038
2 0.56953125 0.40681481481481485 0.021354166666666667 0.09510185185185184
2 0.5371302083333334 0.485712962962963 0.03586458333333333 0.12698148148148147
2 0.603796875 0.4945092592592593 0.03809375 0.1321388888888889
2 0.3374270833333333 0.5980833333333333 0.038989583333333334 0.16521296296296298
2 0.602234375 0.8870370370370371 0.06354166666666666 0.22592592592592592
2 0.4389895833333333 0.26719444444444446 0.028276041666666665 0.044972222222222226
2 0.45498437500000005 0.26587037037037037 0.023067708333333332 0.039685185185185184
