2 0.3837760416666667 0.8993611111111111 0.06424479166666666 0.19649074074074074
2 0.5333125 0.7326759259259259 0.05505729166666666 0.20586111111111113
2 0.678359375 0.5123796296296297 0.026406250000000003 0.12115740740740741
2 0.5159791666666667 0.43607407407407406 0.022473958333333332 0.10709259259259259
2 0.47153645833333335 0.4422129629629629 0.02420833333333333 0.10827777777777778
2 0.43218229166666666 0.3989074074074074 0.020505208333333334 0.09387962962962963
2 0.4726927083333334 0.33417592592592593 0.017156249999999998 0.07181481481481482
2 0.541125 0.27575 0.008177083333333333 0.04387037037037037
2 0.5884791666666668 0.27499074074074076 0.009140625000000001 0.03864814814814815
2 0.5287135416666666 0.2472962962962963 0.008364583333333333 0.035111111111111114
2 0.5393958333333334 0.25534259259259257 0.00784375 0.030814814814814816
2 0.5498385416666667 0.23636111111111113 0.006854166666666666 0.03174074074074074
2 0.5789635416666666 0.27912037037037035 0.009140625000000001 0.036500000000000005
2 0.5562968749999999 0.22847222222222222 0.006052083333333333 0.023685185185185184
2 0.654171875 0.42167592592592595 0.04728645833333334 0.12100000000000001
2 0.6440572916666666 0.35390740740740745 0.032260416666666666 0.0862962962962963
