2 0.39176041666666667 0.2481759259259259 0.035229166666666666 0.1555
2 0.5921875 0.4722222222222222 0.053125 0.17777777777777778
2 0.553125 0.2726851851851852 0.03229166666666667 0.1398148148148148
2 0.5408854166666667 0.8422685185185185 0.08385416666666666 0.31546296296296295
2 0.5635416666666667 0.15416666666666667 0.027083333333333334 0.10277777777777777
2 0.58984375 0.6587962962962963 0.06927083333333334 0.3194444444444444
2 0.49865104166666663 0.713962962962963 0.07525 0.3596388888888889
2 0.06496354166666667 0.6443703703703704 0.09328645833333334 0.2883611111111111
2 0.079796875 0.4861851851851852 0.06045833333333333 0.2343425925925926
2 0.07960416666666667 0.3153055555555555 0.06874479166666667 0.15800925925925927
2 0.125734375 0.34343518518518523 0.041213541666666666 0.18031481481481482
2 0.16077604166666667 0.42164814814814816 0.045322916666666664 0.1978611111111111
2 0.2769114583333333 0.246212962962963 0.029333333333333333 0.12783333333333333
2 0.21574479166666669 0.25139814814814815 0.02853125 0.12587037037037035
2 0.24589583333333334 0.2636759259259259 0.029802083333333333 0.10412962962962963
2 0.36221875000000003 0.2241203703703704 0.026406250000000003 0.11652777777777777
2 0.44378645833333336 0.2057314814814815 0.028088541666666668 0.11122222222222222
2 0.5322916666666667 0.21835185185185185 0.03009895833333333 0.13648148148148148
2 0.45969791666666665 0.04406481481481482 0.01615625 0.06752777777777778
2 0.47513541666666664 0.030074074074074073 0.013697916666666667 0.060148148148148145
2 0.44653125 0.02965740740740741 0.016911458333333334 0.059305555555555556
2 0.40893229166666667 0.017027777777777777 0.012546875 0.034055555555555554
2 0.42628645833333334 0.017027777777777777 0.012880208333333334 0.034055555555555554
2 0.3929270833333333 0.06132407407407408 0.018036458333333335 0.065
2 0.50575 0.06649999999999999 0.01971875 0.06980555555555555
2 0.488203125 0.024185185185185185 0.016921875 0.04836111111111111
2 0.32935416666666667 0.13110185185185186 0.02109375 0.08874074074074075
2 0.3683020833333333 0.11397222222222222 0.02086979166666667 0.09438888888888888
