2 0.40157291666666667 0.2202962962962963 0.050015625 0.10569444444444445
1 0.04052083333333333 0.5078981481481482 0.07999479166666666 0.21013888888888888
2 0.37395833333333334 0.26157407407407407 0.06458333333333334 0.14166666666666666
2 0.19102604166666665 0.54375 0.06851562500000001 0.28656481481481483
2 0.08481770833333332 0.31342592592592594 0.07901041666666667 0.14537037037037037
2 0.27227604166666663 0.20774074074074075 0.03309895833333333 0.13450925925925927
2 0.49895833333333334 0.20462962962962963 0.028125 0.09814814814814815
2 0.31692708333333336 0.25601851851851853 0.050520833333333334 0.13796296296296295
2 0.38671875 0.8643518518518518 0.0953125 0.2675925925925926
2 0.52421875 0.5587962962962963 0.06927083333333334 0.27870370370370373
2 0.45026041666666666 0.7425925925925926 0.0765625 0.3388888888888889
2 0.6071770833333333 0.31642592592592594 0.10132291666666667 0.23432407407407407
2 0.45547916666666666 0.18826851851851853 0.030567708333333332 0.12306481481481481
2 0.47177604166666665 0.16785185185185186 0.02322916666666667 0.11618518518518518
2 0.5548020833333334 0.1438611111111111 0.026093750000000002 0.10524074074074073
2 0.4222916666666666 0.09433333333333332 0.018005208333333335 0.08643518518518518
2 0.40448958333333335 0.08353703703703703 0.018869791666666667 0.07717592592592593
2 0.4793125 0.0594074074074074 0.019208333333333334 0.07212037037037038
