2 0.56328125 0.3560185185185185 0.016145833333333335 0.06388888888888888
2 0.6390989583333333 0.47579629629629633 0.04114583333333333 0.13730555555555554
2 0.58671875 0.35324074074074074 0.016145833333333335 0.06388888888888888
2 0.60078125 0.37777777777777777 0.0171875 0.07037037037037037
2 0.6416666666666667 0.39351851851851855 0.01875 0.07222222222222222
2 0.61640625 0.4050925925925926 0.019270833333333334 0.0787037037037037
2 0.5213541666666667 0.3888888888888889 0.021875 0.07407407407407407
2 0.5481770833333334 0.3416666666666667 0.0171875 0.06481481481481481
2 0.5972864583333333 0.5548981481481481 0.031473958333333336 0.1338611111111111
2 0.49449479166666666 0.4412685185185185 0.02753125 0.10105555555555555
2 0.5825885416666666 0.4769166666666667 0.02871875 0.11494444444444445
2 0.5590052083333333 0.4261944444444445 0.026338541666666666 0.09682407407407406
2 0.5263385416666667 0.46885185185185185 0.03184375 0.11362037037037036
1 0.45755208333333336 0.3094537037037037 0.064953125 0.10039814814814815
2 0.6273072916666667 0.6013888888888889 0.04449479166666667 0.16309259259259257
2 0.378125 0.7864444444444445 0.06458333333333334 0.22314814814814815
2 0.4966510416666667 0.6496018518518519 0.05371875 0.1880925925925926
2 0.4745520833333333 0.5251296296296296 0.04077604166666667 0.13360185185185183
2 0.5691979166666666 0.8382962962962963 0.06458333333333334 0.23135185185185186
2 0.2875729166666667 0.9464259259259259 0.11383854166666667 0.10713888888888888
