2 0.60625 0.6204999999999999 0.06979166666666667 0.26269444444444445
2 0.45598958333333334 0.1527777777777778 0.0921875 0.16666666666666666
2 0.29635416666666664 0.6212962962962963 0.3177083333333333 0.7388888888888889
2 0.115328125 0.8247314814814816 0.099703125 0.35052777777777777
2 0.064734375 0.6078055555555555 0.07291666666666667 0.30026851851851855
2 0.5930052083333333 0.8465648148148148 0.09077604166666667 0.3068796296296296
2 0.5338541666666666 0.535712962962963 0.07663541666666666 0.2910092592592593
2 0.5747760416666666 0.45304629629629634 0.05431770833333334 0.2235462962962963
2 0.50371875 0.4742037037037037 0.061010416666666664 0.24206481481481482
2 0.4754479166666667 0.38425925925925924 0.04613020833333333 0.21561111111111111
2 0.5107864583333334 0.29364814814814816 0.040921874999999996 0.15079629629629632
2 0.5669635416666666 0.2506574074074074 0.041666666666666664 0.14417592592592593
2 0.607140625 0.31150925925925926 0.09077604166666667 0.22883333333333333
2 0.052828125000000004 0.4570092592592592 0.05505729166666666 0.20502777777777778
2 0.119046875 0.38425925925925924 0.03571354166666666 0.19179629629629627
2 0.14025520833333335 0.5264537037037037 0.04390104166666667 0.2248703703703704
2 0.165921875 0.317462962962963 0.04315625 0.1428611111111111
2 0.15588020833333335 0.28175 0.036458333333333336 0.11639814814814814
2 0.20647395833333335 0.25727777777777777 0.03199479166666667 0.1045
2 0.2574427083333333 0.23082407407407407 0.03422395833333333 0.09126851851851851
2 0.29873437500000005 0.23148148148148148 0.033484375000000004 0.08730555555555557
2 0.28831770833333337 0.18518518518518517 0.030505208333333332 0.10846296296296297
2 0.34003125 0.20039814814814816 0.029760416666666668 0.12037037037037036
2 0.36532812499999995 0.1587314814814815 0.022322916666666668 0.1111111111111111
2 0.39546354166666664 0.1858425925925926 0.029015625 0.12301851851851853
2 0.3735104166666667 0.21561111111111111 0.032739583333333336 0.10317592592592593
2 0.560265625 0.15212037037037035 0.028276041666666665 0.10846296296296297
