2 0.5640625 0.30787037037037035 0.0125 0.049074074074074076
2 0.6341145833333334 0.3384259259259259 0.015104166666666667 0.05648148148148148
2 0.48837499999999995 0.30547222222222226 0.015291666666666667 0.05689814814814815
2 0.4160989583333333 0.33328703703703705 0.01571875 0.06860185185185186
2 0.6182291666666667 0.34305555555555556 0.015625 0.06018518518518518
2 0.446875 0.32407407407407407 0.017708333333333333 0.06111111111111111
2 0.4825520833333333 0.3384259259259259 0.0171875 0.062037037037037036
2 0.5748125000000001 0.3312685185185185 0.014203125 0.07449074074074075
2 0.42578125 0.3375 0.021354166666666667 0.06944444444444445
2 0.6361979166666667 0.3990740740740741 0.0203125 0.07962962962962963
2 0.3887291666666667 0.37483333333333335 0.02158854166666667 0.08366666666666667
2 0.5980104166666667 0.4145185185185185 0.0248125 0.08948148148148148
2 0.47570833333333334 0.38455555555555554 0.019411458333333336 0.0845925925925926
2 0.5565104166666667 0.39490740740740743 0.022395833333333334 0.0824074074074074
2 0.55234375 0.49722222222222223 0.0296875 0.10925925925925926
2 0.49661458333333336 0.40850000000000003 0.0234375 0.09781481481481481
2 0.23861458333333332 0.5764537037037037 0.051932291666666665 0.15264814814814817
2 0.5875 0.5421296296296296 0.030208333333333334 0.13240740740740742
2 0.5229166666666667 0.5861111111111111 0.0375 0.14629629629629629
2 0.04088541666666667 0.8675277777777778 0.08177083333333333 0.22420370370370368
2 0.54609375 0.8083333333333333 0.0546875 0.2111111111111111
2 0.5859375 0.3223888888888889 0.014677083333333334 0.05724074074074074
2 0.54521875 0.2975555555555556 0.011838541666666667 0.05134259259259259
2 0.5146770833333333 0.25462962962962965 0.008520833333333333 0.032824074074074075
1 0.5748125000000001 0.22895370370370371 0.026515624999999998 0.050509259259259254
2 0.5520833333333334 0.28787962962962965 0.00946875 0.04713888888888888
