2 0.6445000000000001 0.3954259259259259 0.023494791666666667 0.08343518518518518
2 0.445875 0.27674074074074073 0.018828124999999998 0.04836111111111111
2 0.5544270833333333 0.3199074074074074 0.0171875 0.058333333333333334
2 0.6177083333333333 0.3680555555555556 0.01875 0.06388888888888888
2 0.5325520833333334 0.3486111111111111 0.0171875 0.06944444444444445
2 0.46125 0.33005555555555555 0.023890625 0.06750925925925925
2 0.42051041666666666 0.35005555555555556 0.021234375000000003 0.07540740740740741
2 0.5824895833333333 0.3441574074074074 0.016265625 0.06724074074074074
2 0.618 0.42926851851851855 0.025578125 0.09742592592592593
2 0.5442708333333334 0.42274074074074075 0.021875 0.09547222222222222
2 0.5592604166666667 0.37951851851851853 0.020604166666666666 0.08310185185185186
2 0.33654687499999997 0.8125 0.06163020833333333 0.21944444444444444
2 0.4322604166666667 0.6913611111111111 0.05109895833333333 0.19197222222222224
