2 0.13639583333333333 0.6271203703703704 0.07257291666666667 0.2426574074074074
2 0.26141145833333335 0.48028703703703707 0.051770833333333335 0.18974074074074074
2 0.2879791666666666 0.4070833333333333 0.04032291666666667 0.15443518518518518
2 0.28120833333333334 0.3366574074074074 0.033026041666666665 0.11358333333333334
2 0.17053645833333334 0.4203796296296296 0.034604166666666665 0.11437962962962964
2 0.34073437500000003 0.34388888888888886 0.033328125 0.1428611111111111
2 0.4844583333333333 0.40278703703703705 0.039531250000000004 0.15628703703703703
2 0.46390625 0.2662222222222222 0.027588541666666667 0.10975925925925926
2 0.4202447916666667 0.22760185185185186 0.027765625000000002 0.10287962962962963
2 0.35868229166666665 0.2760648148148148 0.029640624999999997 0.10352777777777777
2 0.6108020833333333 0.20925925925925926 0.025552083333333333 0.09582407407407408
2 0.7006354166666667 0.46649074074074076 0.044807291666666665 0.13992592592592593
2 0.7462395833333333 0.46009259259259255 0.04643229166666667 0.1493611111111111
2 0.89621875 0.4332592592592593 0.040130208333333334 0.12900925925925927
2 0.8649635416666667 0.4265277777777778 0.04011979166666667 0.1155462962962963
2 0.822625 0.4381388888888889 0.04143229166666666 0.10914814814814815
2 0.936515625 0.4226481481481481 0.0353125 0.1300277777777778
2 0.9643125 0.4219814814814815 0.03466145833333333 0.12127777777777776
2 0.4794375 0.1663425925925926 0.021156249999999998 0.08407407407407406
2 0.4599739583333333 0.16087037037037039 0.022187500000000002 0.07818518518518518
