2 0.5921875 0.29583333333333334 0.013541666666666667 0.04722222222222222
2 0.3059895833333333 0.924074074074074 0.06927083333333334 0.14814814814814814
2 0.44560937500000003 0.36719444444444443 0.023510416666666666 0.08042592592592593
2 0.503125 0.30185185185185187 0.016666666666666666 0.05555555555555555
2 0.5625 0.3388888888888889 0.017708333333333333 0.06666666666666667
2 0.58984375 0.35648148148148145 0.021354166666666667 0.07222222222222222
2 0.51640625 0.35185185185185186 0.021354166666666667 0.07037037037037037
2 0.41432291666666665 0.5504629629629629 0.0359375 0.1361111111111111
2 0.48072916666666665 0.5093888888888889 0.034375 0.12936111111111112
2 0.5461614583333334 0.22236111111111112 0.024432291666666665 0.04926851851851852
2 0.4371302083333333 0.33135185185185184 0.015625 0.06216666666666667
