2 0.013020833333333334 0.4287037037037037 0.026041666666666668 0.12777777777777777
2 0.057291666666666664 0.8683888888888889 0.10863020833333333 0.2632314814814815
2 0.27753125 0.8538333333333333 0.12351041666666666 0.29232407407407407
2 0.41220312499999995 0.8353148148148148 0.11607291666666668 0.3293611111111111
2 0.5305052083333334 0.8379629629629629 0.09226041666666666 0.32407407407407407
2 0.6927083333333334 0.8571388888888889 0.12351041666666666 0.28571296296296295
2 0.6860104166666667 0.7169351851851852 0.087796875 0.32804629629629634
2 0.6008177083333333 0.733462962962963 0.08258854166666667 0.3690462962962963
2 0.4754479166666667 0.7559537037037036 0.09523958333333334 0.36639814814814814
2 0.39620312500000004 0.7089907407407408 0.09300520833333333 0.3333333333333333
2 0.22581770833333334 0.3928611111111111 0.05431770833333334 0.19576851851851854
2 0.45796354166666664 0.5443148148148148 0.07663541666666666 0.26058333333333333
2 0.5442708333333334 0.6276481481481482 0.072171875 0.25793518518518516
2 0.6354166666666666 0.6104537037037037 0.06398958333333334 0.31349074074074074
2 0.6636927083333333 0.5125648148148149 0.06398958333333334 0.2791018518518519
2 0.5461302083333333 0.48478703703703707 0.06547395833333333 0.20767592592592593
2 0.122765625 0.2619074074074074 0.04761979166666667 0.14021296296296296
2 0.48028125 0.39749074074074076 0.04984895833333333 0.18121296296296296
2 0.2957604166666667 0.3353148148148148 0.05431770833333334 0.10978703703703703
2 0.3470989583333333 0.3082037037037037 0.04984895833333333 0.08730555555555557
2 0.19419791666666666 0.35185185185185186 0.040177083333333335 0.17460185185185184
2 0.263765625 0.2625648148148148 0.037947916666666665 0.1388888888888889
2 0.5874270833333333 0.4708981481481481 0.05878125 0.2301574074074074
2 0.29203645833333336 0.26917592592592593 0.03496875 0.12301851851851853
2 0.3177083333333333 0.16799074074074075 0.029760416666666668 0.10582407407407408
2 0.158484375 0.2559537037037037 0.037203125000000004 0.1309537037037037
2 0.27753125 0.18386111111111111 0.023807291666666668 0.10052777777777777
2 0.5319947916666666 0.35383333333333333 0.041666666666666664 0.16269444444444445
2 0.46279687500000005 0.3359814814814815 0.040177083333333335 0.17460185185185184
2 0.4624270833333333 0.31283333333333335 0.048364583333333336 0.17063888888888887
