2 0.23058333333333333 0.506537037037037 0.04779166666666667 0.2441574074074074
2 0.1748229166666667 0.47278703703703706 0.04564583333333334 0.2106296296296296
2 0.09771354166666667 0.392537037037037 0.03726041666666667 0.15506481481481482
2 0.18733333333333332 0.24508333333333332 0.023786458333333333 0.11324074074074074
2 0.21243229166666666 0.26402777777777775 0.02884375 0.15112962962962964
2 0.260734375 0.26437962962962963 0.08378645833333334 0.2907222222222222
2 0.6540572916666666 0.31257407407407406 0.11175 0.2111759259259259
2 0.68278125 0.755 0.06851041666666666 0.3645555555555556
2 0.5866562500000001 0.8465462962962963 0.095 0.3069074074074074
2 0.49908854166666666 0.7636944444444445 0.07438020833333334 0.33874074074074073
2 0.6236666666666667 0.5316481481481481 0.05097395833333333 0.2696944444444444
2 0.46699999999999997 0.2679537037037037 0.032776041666666665 0.17133333333333334
2 0.37525000000000003 0.2577129629629629 0.03156770833333333 0.1385
2 0.32478125 0.26311111111111113 0.03305729166666667 0.12769444444444444
2 0.55034375 0.3395092592592593 0.03974479166666667 0.1601111111111111
2 0.588859375 0.30814814814814817 0.03691666666666667 0.14987037037037038
2 0.3510989583333333 0.11622222222222221 0.021463541666666665 0.06230555555555556
2 0.5792291666666666 0.18714814814814815 0.02459895833333333 0.10847222222222223
