2 0.5733645833333333 0.30191666666666667 0.016515625 0.051722222222222225
2 0.43705208333333334 0.32466666666666666 0.020984375 0.06230555555555556
2 0.4640625 0.9194444444444444 0.08541666666666667 0.16111111111111112
2 0.5221354166666666 0.2967592592592593 0.015104166666666667 0.05277777777777778
2 0.5369791666666667 0.3194444444444444 0.015625 0.05555555555555555
2 0.6630208333333333 0.924074074074074 0.065625 0.14814814814814814
2 0.51875 0.3731481481481482 0.019791666666666666 0.07592592592592592
2 0.6346354166666667 0.4101851851851852 0.022395833333333334 0.08518518518518518
2 0.5072916666666667 0.3365740740740741 0.01875 0.06574074074074074
2 0.5638020833333334 0.35648148148148145 0.019270833333333334 0.07222222222222222
2 0.5317708333333333 0.4298240740740741 0.029015625 0.10648148148148148
2 0.6081822916666667 0.46580555555555553 0.03229166666666667 0.1167962962962963
2 0.2994791666666667 0.8078703703703703 0.065625 0.23055555555555557
2 0.46361458333333333 0.47076851851851853 0.032442708333333334 0.11719444444444443
2 0.4114947916666667 0.49854629629629627 0.03638541666666666 0.12301851851851853
2 0.3143958333333333 0.5337314814814814 0.041296875000000004 0.14524074074074075
2 0.5347447916666667 0.5792314814814815 0.03511979166666667 0.15105555555555555
2 0.4895833333333333 0.26851851851851855 0.025296875 0.042324074074074076
2 0.6030520833333333 0.2903425925925926 0.014135416666666668 0.04894444444444444
