1 0.2234375 0.7904074074074074 0.446875 0.4191759259259259
2 0.4877239583333333 0.8842592592592593 0.08854166666666667 0.23148148148148148
2 0.6476927083333333 0.876324074074074 0.115328125 0.24735185185185185
2 0.568078125 0.8095277777777777 0.103421875 0.3809444444444445
2 0.661828125 0.6904722222222223 0.08258854166666667 0.29894444444444446
2 0.5148802083333334 0.7109814814814815 0.08630729166666667 0.32407407407407407
2 0.595984375 0.6230185185185185 0.06547395833333333 0.2804259259259259
2 0.49144270833333337 0.5972222222222222 0.07663541666666666 0.2738055555555555
2 0.4077395833333333 0.5489444444444445 0.06547395833333333 0.2354537037037037
2 0.34189062499999995 0.5066111111111111 0.06175520833333333 0.19841666666666666
2 0.15513541666666666 0.5105833333333333 0.06621875 0.1534351851851852
2 0.11086458333333334 0.49537037037037035 0.052083333333333336 0.17592592592592593
2 0.045015625000000004 0.4206388888888889 0.052828125000000004 0.18518518518518517
1 0.024927083333333332 0.3624351851851852 0.04984895833333333 0.17989814814814814
2 0.220984375 0.4464259259259259 0.061010416666666664 0.23412962962962963
2 0.1796875 0.48412962962962963 0.05878125 0.21163888888888888
2 0.14136979166666666 0.42460185185185184 0.04613020833333333 0.17989814814814814
2 0.3128697916666667 0.3730185185185185 0.048364583333333336 0.18783333333333335
2 0.2526041666666667 0.3346574074074074 0.05133854166666666 0.18783333333333335
2 0.5651041666666666 0.5337314814814814 0.07366145833333333 0.24735185185185185
2 0.3794635416666667 0.265212962962963 0.03422395833333333 0.15212037037037035
2 0.4702395833333333 0.5238055555555556 0.06547395833333333 0.2645462962962963
2 0.5182291666666666 0.46561111111111114 0.04984895833333333 0.21428703703703705
2 0.6294635416666666 0.4947129629629629 0.061010416666666664 0.25397222222222227
2 0.08482291666666668 0.35648148148148145 0.044640624999999996 0.1574074074074074
2 0.115328125 0.26917592592592593 0.03571354166666666 0.14682407407407408
2 0.35453645833333336 0.23412962962962963 0.03496875 0.1375648148148148
2 0.138765625 0.3207685185185185 0.033484375000000004 0.12301851851851853
2 0.3013385416666667 0.2943148148148148 0.04613020833333333 0.15475925925925924
2 0.591515625 0.4007962962962963 0.049109375000000004 0.16931481481481483
2 0.5130208333333334 0.3730185185185185 0.057291666666666664 0.1455
