2 0.05546875 0.8518518518518519 0.1109375 0.2962962962962963
2 0.23515625 0.25601851851851853 0.0453125 0.175
2 0.23679166666666665 0.5464259259259259 0.08296354166666667 0.2904722222222222
2 0.35230729166666663 0.4583333333333333 0.07366145833333333 0.26058333333333333
2 0.15327604166666667 0.2962962962962963 0.05952604166666667 0.20635185185185187
2 0.328125 0.24074074074074073 0.0625 0.16931481481481483
2 0.032739583333333336 0.22619444444444445 0.05059375 0.17460185185185184
2 0.020833333333333332 0.4279074074074074 0.041666666666666664 0.22883333333333333
2 0.49702604166666664 0.15079629629629632 0.044640624999999996 0.12962962962962962
2 0.4542395833333333 0.044314814814814814 0.029015625 0.08862037037037036
2 0.2109375 0.16071296296296295 0.05133854166666666 0.15212037037037035
