2 0.60078125 0.3103148148148148 0.013020833333333334 0.05212037037037037
2 0.5522708333333333 0.350462962962963 0.019119791666666667 0.06018518518518518
2 0.5401041666666667 0.31639814814814815 0.020088541666666668 0.06243518518518519
2 0.5017864583333334 0.300462962962963 0.017114583333333332 0.060712962962962955
2 0.6274947916666667 0.33346296296296296 0.016890625 0.059527777777777784
2 0.5774947916666666 0.35191666666666666 0.016890625 0.06415740740740741
2 0.5979166666666667 0.38287037037037036 0.01875 0.08901851851851852
2 0.6133177083333333 0.43141666666666667 0.025890625 0.09960185185185184
2 0.5552083333333333 0.39364814814814814 0.021875 0.08730555555555557
2 0.5239583333333333 0.3676574074074074 0.020833333333333332 0.08531481481481482
2 0.5723229166666666 0.9087962962962963 0.06265104166666667 0.18055555555555555
2 0.3 0.6453703703703704 0.04375 0.19444444444444445
2 0.5861979166666667 0.5069444444444444 0.03177083333333333 0.12129629629629629
2 0.4828125 0.9115740740740741 0.059375 0.175
2 0.5583333333333333 0.5745370370370371 0.035416666666666666 0.13796296296296295
2 0.2638020833333333 0.5902777777777778 0.0484375 0.1638888888888889
2 0.328125 0.7074074074074074 0.058333333333333334 0.20925925925925926
2 0.2296875 0.9138888888888889 0.08020833333333334 0.17222222222222222
2 0.53828125 0.7726851851851851 0.050520833333333334 0.20462962962962963
1 0.517859375 0.27249074074074076 0.03869270833333334 0.07407407407407407
1 0.560640625 0.20436111111111113 0.021578125 0.046296296296296294
2 0.4713541666666667 0.2645462962962963 0.03199479166666667 0.05026851851851852
2 0.47730729166666663 0.2890185185185185 0.024552083333333332 0.07275
