1 0.3233958333333333 0.5877870370370369 0.346875 0.7916666666666666
2 0.5833333333333334 0.2295 0.026786458333333332 0.14153703703703704
2 0.5610104166666667 0.24139814814814814 0.026786458333333332 0.12301851851851853
2 0.5654739583333334 0.17063888888888887 0.023807291666666668 0.0582037037037037
2 0.5963541666666666 0.3068796296296296 0.037947916666666665 0.17725000000000002
2 0.5208333333333334 0.23478703703703704 0.029760416666666668 0.16005555555555556
2 0.5316197916666667 0.25727777777777777 0.04390104166666667 0.1388888888888889
2 0.5513385416666666 0.3214259259259259 0.037203125000000004 0.16666666666666666
2 0.544640625 0.37102777777777773 0.04761979166666667 0.20237962962962963
2 0.5130208333333334 0.4206388888888889 0.046875 0.21957407407407406
2 0.6041666666666666 0.45304629629629634 0.06696354166666667 0.23941666666666667
2 0.587796875 0.5648148148148148 0.06994270833333333 0.2513240740740741
2 0.640625 0.49867592592592597 0.07291666666666667 0.2301574074074074
2 0.5587812499999999 0.6884907407407408 0.10267708333333332 0.3373055555555556
2 0.6651770833333334 0.7698425925925926 0.10565625000000001 0.36772222222222223
2 0.564734375 0.8141574074074074 0.099703125 0.3611111111111111
2 0.3645833333333333 0.09687037037037037 0.02323958333333333 0.07976851851851853
2 0.35596875 0.1285648148148148 0.028447916666666666 0.0904537037037037
2 0.38942187500000003 0.0957962962962963 0.024036458333333333 0.09330555555555556
2 0.47836458333333337 0.08439814814814815 0.025640624999999997 0.043444444444444445
1 0.24444791666666665 0.244 0.03388541666666667 0.1361388888888889
2 0.292265625 0.17841666666666667 0.030046874999999997 0.099
2 0.30648958333333337 0.2037037037037037 0.03125 0.08262037037037037
2 0.255953125 0.26851851851851855 0.041666666666666664 0.08200925925925925
2 0.20052083333333334 0.2526481481481482 0.03496875 0.12962962962962962
2 0.18898958333333335 0.3478796296296296 0.049109375000000004 0.12434259259259259
2 0.12463020833333333 0.265212962962963 0.037947916666666665 0.1388888888888889
2 0.07180208333333334 0.3088611111111111 0.05431770833333334 0.1653425925925926
2 0.103796875 0.30621296296296296 0.04241145833333334 0.15212037037037035
2 0.12351041666666666 0.33135185185185184 0.040177083333333335 0.14682407407407408
2 0.150296875 0.3445740740740741 0.041666666666666664 0.1388888888888889
2 0.08258854166666667 0.41203703703703703 0.052083333333333336 0.1970925925925926
2 0.025296875 0.4834629629629629 0.049109375000000004 0.23941666666666667
2 0.033484375000000004 0.5337314814814814 0.052083333333333336 0.25793518518518516
2 0.10826041666666668 0.46693518518518523 0.05431770833333334 0.19047222222222224
2 0.055802083333333335 0.5740740740740741 0.06398958333333334 0.28306481481481477
2 0.10081770833333333 0.5899444444444444 0.06324479166666667 0.23809259259259258
2 0.01934375 0.6673240740740741 0.03869270833333334 0.26058333333333333
2 0.11383854166666667 0.7936481481481481 0.09672395833333333 0.3888888888888889
2 0.04761979166666667 0.8690462962962964 0.09523958333333334 0.2619074074074074
2 0.6834062500000001 0.8849166666666667 0.11979166666666667 0.2301574074074074
