2 0.4901041666666667 0.2986111111111111 0.015625 0.05092592592592592
2 0.6234375 0.3287037037037037 0.014583333333333334 0.05740740740740741
2 0.4192708333333333 0.3314814814814815 0.01875 0.06481481481481481
2 0.46640625 0.30185185185185187 0.016145833333333335 0.05740740740740741
2 0.4119791666666667 0.3736111111111111 0.023958333333333335 0.09537037037037037
2 0.60625 0.3344537037037037 0.016666666666666666 0.06812962962962962
2 0.4890625 0.33935185185185185 0.022916666666666665 0.06574074074074074
2 0.565625 0.3421296296296296 0.017708333333333333 0.06759259259259259
2 0.5294270833333333 0.9513888888888888 0.07552083333333333 0.09537037037037037
2 0.5828125 0.37083333333333335 0.019791666666666666 0.06944444444444445
2 0.546875 0.48009259259259257 0.029166666666666667 0.10833333333333334
2 0.47578125 0.43657407407407406 0.027604166666666666 0.10648148148148148
2 0.603125 0.5046296296296297 0.029166666666666667 0.12407407407407407
2 0.5111979166666667 0.7023148148148148 0.0453125 0.18796296296296297
2 0.4036458333333333 0.5638888888888889 0.04479166666666667 0.1537037037037037
2 0.5450520833333333 0.5861111111111111 0.0421875 0.15
2 0.6966145833333334 0.825925925925926 0.059895833333333336 0.2222222222222222
2 0.5345416666666666 0.24506481481481482 0.008380208333333333 0.030324074074074073
2 0.5446822916666666 0.25183333333333335 0.008770833333333334 0.03208333333333333
2 0.5523854166666666 0.24896296296296297 0.007135416666666667 0.03475925925925926
2 0.5877291666666667 0.27212037037037035 0.009640625000000002 0.03897222222222223
2 0.5992708333333333 0.3003888888888889 0.021010416666666667 0.043638888888888894
2 0.5519791666666667 0.29082407407407407 0.0243125 0.04440740740740741
