2 0.5921875 0.33935185185185185 0.015625 0.062037037037037036
2 0.59453125 0.3013888888888889 0.0140625 0.049074074074074076
2 0.4350833333333333 0.35562037037037036 0.023286458333333333 0.07367592592592592
2 0.5358958333333333 0.4161296296296296 0.029947916666666668 0.08687962962962963
2 0.45807291666666666 0.3458333333333333 0.0203125 0.0712962962962963
2 0.5822916666666667 0.962037037037037 0.07916666666666666 0.07592592592592592
2 0.6390625 0.37407407407407406 0.01875 0.06296296296296296
2 0.4786458333333333 0.33796296296296297 0.017708333333333333 0.07037037037037037
2 0.6106770833333334 0.3902777777777778 0.0203125 0.08425925925925926
2 0.5848958333333333 0.38101851851851853 0.019791666666666666 0.08055555555555556
2 0.6315104166666666 0.4597222222222222 0.027604166666666666 0.11018518518518519
2 0.4258177083333334 0.5256574074074074 0.04107291666666667 0.14762037037037037
2 0.46491666666666664 0.42030555555555554 0.027755208333333333 0.10012962962962962
2 0.6050572916666667 0.6417314814814815 0.04761979166666667 0.17975925925925926
2 0.3296145833333333 0.6604537037037037 0.05297395833333333 0.18941666666666665
2 0.3572916666666667 0.8962314814814815 0.08556770833333333 0.20753703703703702
2 0.48615624999999996 0.5273148148148148 0.040015625 0.14351851851851852
2 0.4056197916666667 0.6431851851851852 0.049776041666666666 0.17287962962962963
2 0.5158125 0.8022499999999999 0.059744791666666665 0.21931481481481482
2 0.654078125 0.30516666666666664 0.029515625 0.047064814814814816
