2 0.5828125 0.28379629629629627 0.0125 0.04537037037037037
2 0.5291666666666667 0.2833333333333333 0.014583333333333334 0.044444444444444446
2 0.621875 0.36666666666666664 0.016666666666666666 0.06296296296296296
2 0.50853125 0.2653888888888889 0.009697916666666667 0.03761111111111111
2 0.546875 0.29259259259259257 0.0125 0.046296296296296294
2 0.5546875 0.31296296296296294 0.013541666666666667 0.05185185185185185
2 0.6 0.3175925925925926 0.014583333333333334 0.053703703703703705
2 0.571875 0.29583333333333334 0.013541666666666667 0.049074074074074076
2 0.528125 0.32685185185185184 0.015625 0.05740740740740741
2 0.6125 0.39675925925925926 0.020833333333333332 0.0787037037037037
2 0.5140625 0.3472222222222222 0.017708333333333333 0.06851851851851852
2 0.55234375 0.37037037037037035 0.0203125 0.07777777777777778
2 0.6747395833333333 0.5248055555555555 0.033854166666666664 0.12076851851851853
2 0.5278645833333333 0.39166666666666666 0.0234375 0.08703703703703704
2 0.44479166666666664 0.5078703703703704 0.035416666666666666 0.13055555555555556
2 0.24973958333333332 0.9203703703703704 0.09427083333333333 0.15555555555555556
2 0.5705729166666667 0.5 0.0296875 0.12407407407407407
2 0.146875 0.8972222222222223 0.08854166666666667 0.20185185185185187
2 0.10963541666666667 0.7828703703703703 0.07135416666666666 0.20277777777777778
2 0.6059687500000001 0.3393888888888889 0.011619791666666665 0.05912037037037037
2 0.6163854166666667 0.34473148148148147 0.011619791666666665 0.05127777777777778
2 0.5625 0.26566666666666666 0.008812500000000001 0.04131481481481481
2 0.5428697916666666 0.23005555555555557 0.005609375 0.022796296296296297
2 0.549078125 0.2528518518518518 0.008411458333333333 0.031342592592592596
2 0.555890625 0.23325925925925925 0.007614583333333333 0.026351851851851852
2 0.5939479166666667 0.2631759259259259 0.008411458333333333 0.03489814814814814
