2 0.56328125 0.3675925925925926 0.018229166666666668 0.07222222222222222
2 0.42265625 0.3125 0.019270833333333334 0.05648148148148148
2 0.60625 0.31296296296296294 0.014583333333333334 0.05185185185185185
2 0.5263020833333333 0.34305555555555556 0.0171875 0.06944444444444445
2 0.5973958333333333 0.3787037037037037 0.01875 0.06666666666666667
2 0.625 0.3398148148148148 0.017708333333333333 0.06111111111111111
2 0.5338541666666666 0.37777777777777777 0.017708333333333333 0.07777777777777778
2 0.58125 0.3337962962962963 0.017708333333333333 0.062037037037037036
2 0.4864583333333333 0.3449074074074074 0.020833333333333332 0.0712962962962963
2 0.5486979166666667 0.3962962962962963 0.0203125 0.08148148148148149
2 0.50703125 0.31296296296296294 0.016145833333333335 0.05925925925925926
2 0.440625 0.4162037037037037 0.025 0.08981481481481482
2 0.6408854166666667 0.45231481481481484 0.0265625 0.10277777777777777
2 0.5984375 0.44583333333333336 0.023958333333333335 0.10277777777777777
2 0.5783854166666667 0.9462962962962963 0.07135416666666666 0.1037037037037037
2 0.4674479166666667 0.3972222222222222 0.024479166666666666 0.08703703703703704
2 0.5036458333333333 0.4356481481481482 0.026041666666666668 0.10092592592592593
2 0.3463541666666667 0.4199074074074074 0.03229166666666667 0.10277777777777777
2 0.5390625 0.500462962962963 0.03229166666666667 0.12314814814814815
2 0.478125 0.538425925925926 0.034375 0.13425925925925927
2 0.6174479166666667 0.6393518518518518 0.0421875 0.1712962962962963
2 0.56875 0.7833333333333333 0.04895833333333333 0.20925925925925926
