2 0.4713541666666667 0.8908703703703703 0.12574479166666666 0.21825
2 0.4575885416666667 0.7843888888888889 0.08928645833333333 0.2354537037037037
2 0.5695677083333333 0.8148148148148148 0.109375 0.37037037037037035
2 0.6614583333333334 0.8551574074074074 0.10119270833333333 0.2896851851851852
2 0.228421875 0.6111111111111112 0.087796875 0.25397222222222227
2 0.3203125 0.6177222222222222 0.08556770833333333 0.25925925925925924
2 0.5104166666666666 0.7546296296296297 0.07738020833333333 0.3611111111111111
2 0.5628697916666667 0.6527777777777778 0.09300520833333333 0.29232407407407407
2 0.6558802083333333 0.7056851851851852 0.084078125 0.26058333333333333
2 0.4698645833333333 0.6011944444444444 0.091515625 0.24735185185185185
2 0.6331822916666667 0.594574074074074 0.09523958333333334 0.28175
2 0.12239583333333333 0.5681203703703704 0.072171875 0.2526481481481482
2 0.07180208333333334 0.5462962962962963 0.06621875 0.17989814814814814
2 0.026411458333333335 0.4973518518518518 0.052828125000000004 0.17195370370370372
2 0.01934375 0.3723518518518518 0.0386875 0.14682407407407408
2 0.47172395833333336 0.5026481481481482 0.06398958333333334 0.19047222222222224
2 0.3764895833333333 0.5410092592592592 0.05952604166666667 0.25397222222222227
2 0.3370520833333333 0.48213888888888895 0.061010416666666664 0.22883333333333333
2 0.5628697916666667 0.49867592592592597 0.06175520833333333 0.19312037037037036
2 0.6142135416666666 0.46891666666666665 0.06324479166666667 0.22883333333333333
2 0.43452604166666664 0.17327777777777775 0.03869270833333334 0.11375925925925925
2 0.40439062499999995 0.18716666666666665 0.033484375000000004 0.1256574074074074
2 0.05505729166666666 0.43716666666666665 0.041666666666666664 0.12830555555555556
2 0.052453124999999996 0.40938888888888886 0.05133854166666666 0.15475925925925924
2 0.5066979166666666 0.4265833333333333 0.05803645833333334 0.2235462962962963
2 0.5483645833333333 0.45237962962962963 0.0625 0.23280555555555557
2 0.103796875 0.3624351851851852 0.06770833333333333 0.15079629629629632
2 0.7354895833333334 0.9133611111111111 0.109375 0.17327777777777775
