2 0.15286458333333333 0.27870370370370373 0.06197916666666667 0.22407407407407406
2 0.43046875 0.016203703703703703 0.021354166666666667 0.028703703703703703
2 0.40677083333333336 0.02546296296296296 0.028125 0.04722222222222222
2 0.22579166666666667 0.2295185185185185 0.053125 0.20016666666666666
2 0.7089739583333333 0.118 0.036223958333333334 0.14744444444444446
2 0.5166666666666667 0.08333333333333333 0.03125 0.12962962962962962
2 0.10208333333333333 0.19899999999999998 0.040625 0.18162037037037038
2 0.59375 0.21157407407407408 0.035416666666666666 0.18055555555555555
2 0.5984375 0.04861111111111111 0.030208333333333334 0.09722222222222222
2 0.5677083333333334 0.07037037037037037 0.029166666666666667 0.12037037037037036
2 0.7494739583333333 0.11566666666666667 0.045640625 0.09149074074074075
2 0.16338020833333333 0.6516759259259258 0.09220833333333332 0.35234259259259254
