2 0.5265625 0.30092592592592593 0.015625 0.05185185185185185
2 0.62265625 0.324537037037037 0.015104166666666667 0.05277777777777778
2 0.6083333333333333 0.3300925925925926 0.015625 0.05462962962962963
2 0.5471354166666667 0.32731481481481484 0.0171875 0.06018518518518518
2 0.33359375 0.4597222222222222 0.03177083333333333 0.0824074074074074
2 0.58359375 0.350462962962963 0.016145833333333335 0.062037037037037036
2 0.5677083333333334 0.37824074074074077 0.01875 0.0787037037037037
2 0.50390625 0.3398148148148148 0.018229166666666668 0.06481481481481481
2 0.6046875 0.4013888888888889 0.020833333333333332 0.08425925925925926
2 0.54453125 0.39305555555555555 0.021354166666666667 0.08425925925925926
2 0.49895833333333334 0.44907407407407407 0.029166666666666667 0.10555555555555556
2 0.5622395833333333 0.49722222222222223 0.0328125 0.12777777777777777
2 0.396875 0.49953703703703706 0.036458333333333336 0.11944444444444445
2 0.3302083333333333 0.5351574074074075 0.0375 0.13153703703703704
2 0.46095312499999996 0.44232407407407404 0.028125 0.10889814814814815
2 0.4713541666666667 0.7212962962962963 0.04895833333333333 0.19814814814814816
2 0.29348958333333336 0.6467592592592593 0.05260416666666667 0.17314814814814813
2 0.61875 0.899537037037037 0.06354166666666666 0.19537037037037036
2 0.38046875 0.6259259259259259 0.04739583333333333 0.16111111111111112
2 0.3015625 0.8523148148148149 0.06354166666666666 0.2212962962962963
