2 0.49632291666666667 0.5089166666666667 0.05148958333333333 0.26745370370370375
2 0.4547708333333333 0.6537777777777778 0.06040104166666667 0.3256851851851852
2 0.3715833333333334 0.5570370370370371 0.06416666666666666 0.2525833333333333
2 0.2981458333333334 0.5469351851851852 0.05791145833333333 0.24472222222222223
2 0.21033854166666668 0.5588611111111111 0.06459374999999999 0.237712962962963
2 0.08568229166666666 0.8465462962962963 0.09131770833333334 0.3069074074074074
2 0.026598958333333332 0.8025648148148148 0.05319270833333333 0.39487037037037037
2 0.046572916666666665 0.6595277777777777 0.066921875 0.26928703703703705
2 0.09858333333333333 0.5842592592592593 0.05288541666666667 0.25146296296296294
2 0.11053645833333332 0.29833333333333334 0.03686458333333333 0.1302222222222222
2 0.15311979166666667 0.36736111111111114 0.03695833333333333 0.1942037037037037
2 0.12111458333333333 0.41183333333333333 0.04413020833333334 0.17821296296296296
2 0.09941145833333334 0.3623796296296296 0.03544270833333333 0.12560185185185185
2 0.22478125 0.27601851851851855 0.030979166666666665 0.11030555555555555
2 0.36009895833333333 0.14274074074074075 0.025567708333333335 0.09064814814814816
2 0.4117135416666667 0.1691851851851852 0.028109375 0.11351851851851852
2 0.47508854166666664 0.17675925925925925 0.022916666666666665 0.11239814814814815
2 0.5187760416666667 0.18475925925925926 0.028687499999999998 0.1160462962962963
2 0.500859375 0.1740925925925926 0.017161458333333334 0.10089814814814815
2 0.5483333333333333 0.15578703703703703 0.02009375 0.09823148148148149
2 0.39967708333333335 0.4821203703703704 0.04744270833333333 0.2508888888888889
2 0.34596875 0.4365277777777778 0.045927083333333334 0.22142592592592591
2 0.63878125 0.5054074074074074 0.05863020833333333 0.26043518518518516
2 0.6152239583333333 0.8125925925925926 0.09311458333333333 0.37480555555555556
2 0.5857083333333333 0.6332222222222222 0.065328125 0.3247037037037037
2 0.39494270833333334 0.3047870370370371 0.03796875 0.16782407407407407
2 0.3619114583333333 0.2855648148148148 0.036145833333333335 0.1725925925925926
2 0.487765625 0.23077777777777778 0.11596875 0.1587037037037037
2 0.45409375 0.07182407407407407 0.019119791666666667 0.07535185185185185
1 0.6756041666666667 0.8612037037037037 0.12706770833333333 0.27758333333333335
