2 0.5546875 0.33935185185185185 0.017708333333333333 0.06018518518518518
2 0.4908854166666667 0.3087962962962963 0.016145833333333335 0.06018518518518518
2 0.5276041666666667 0.34305555555555556 0.017708333333333333 0.06574074074074074
2 0.47161458333333334 0.9513888888888888 0.0828125 0.09722222222222222
2 0.39739583333333334 0.3509259259259259 0.021875 0.06481481481481481
2 0.496875 0.42314814814814816 0.022916666666666665 0.07592592592592592
2 0.4513020833333333 0.4125 0.0234375 0.0787037037037037
2 0.5050833333333333 0.3740462962962963 0.020583333333333335 0.07783333333333334
2 0.20833333333333334 0.5995370370370371 0.04895833333333333 0.15092592592592594
2 0.6197916666666666 0.42824074074074076 0.021875 0.0824074074074074
2 0.5205729166666667 0.40046296296296297 0.0203125 0.0787037037037037
2 0.5750104166666666 0.4413888888888889 0.023973958333333333 0.10241666666666667
2 0.5942708333333333 0.47175925925925927 0.023958333333333335 0.10277777777777777
2 0.43723958333333335 0.4816666666666667 0.0296875 0.12371296296296297
2 0.50078125 0.49444444444444446 0.028645833333333332 0.1037037037037037
1 0.6171875 0.5175648148148149 0.025 0.11857407407407408
2 0.4609375 0.525 0.030208333333333334 0.12777777777777777
2 0.5395833333333333 0.4671296296296296 0.025 0.10648148148148148
2 0.57265625 0.6083333333333333 0.03802083333333333 0.14444444444444443
2 0.5145833333333333 0.5976851851851852 0.0375 0.14907407407407408
2 0.5544270833333333 0.7898148148148149 0.050520833333333334 0.2111111111111111
2 0.6711406249999999 0.48716666666666664 0.05390625 0.1622222222222222
2 0.5799010416666667 0.33025 0.013786458333333333 0.05516666666666666
2 0.624453125 0.3304537037037037 0.017822916666666667 0.05475
