2 0.5977291666666668 0.39814814814814814 0.023734375 0.0756574074074074
2 0.615625 0.3303611111111111 0.017114583333333332 0.06388888888888888
2 0.674109375 0.4965648148148148 0.06577604166666667 0.20317592592592593
2 0.39921875 0.9361111111111111 0.07447916666666667 0.1259259259259259
2 0.577828125 0.3662685185185185 0.02023958333333333 0.0764537037037037
2 0.5924479166666666 0.45416666666666666 0.0234375 0.09907407407407408
2 0.6093385416666667 0.5007314814814815 0.029093749999999998 0.1295
2 0.4464270833333333 0.4262592592592593 0.028276041666666665 0.10410185185185186
2 0.5565104166666667 0.4083333333333333 0.0234375 0.08888888888888889
2 0.47611458333333334 0.47321296296296295 0.034375 0.1175925925925926
2 0.5638020833333334 0.5569444444444445 0.03177083333333333 0.1398148148148148
2 0.3131302083333333 0.8955 0.07105729166666667 0.20899074074074075
2 0.46529166666666666 0.7490092592592592 0.059744791666666665 0.22447222222222224
2 0.4179322916666666 0.5203703703703704 0.03586458333333333 0.13465740740740742
2 0.6020416666666667 0.35079629629629633 0.021609375 0.08701851851851852
