2 0.673734375 0.4756574074074074 0.062052083333333334 0.15978703703703703
2 0.57109375 0.3587962962962963 0.016145833333333335 0.06388888888888888
1 0.6369791666666667 0.3859166666666667 0.021723958333333335 0.08399074074074074
2 0.5830729166666667 0.324537037037037 0.0140625 0.05648148148148148
2 0.6171875 0.34602777777777777 0.016666666666666666 0.06243518518518519
2 0.05234375 0.9458333333333333 0.10364583333333334 0.10648148148148148
2 0.55625 0.33935185185185185 0.016666666666666666 0.06018518518518518
2 0.6 0.41005555555555556 0.022916666666666665 0.09602777777777777
2 0.56171875 0.9060185185185186 0.06822916666666666 0.18611111111111112
2 0.5638020833333334 0.4318148148148148 0.025520833333333333 0.10806481481481481
2 0.5143229166666666 0.4706388888888889 0.0296875 0.11534259259259258
2 0.39311979166666666 0.5406111111111112 0.040401041666666665 0.15158333333333335
2 0.25703125 0.6703055555555555 0.058854166666666666 0.18320370370370373
2 0.6140625 0.7359166666666667 0.04375 0.21071296296296296
2 0.2986979166666667 0.7754629629629629 0.0609375 0.21944444444444444
1 0.5534583333333334 0.21957407407407406 0.026557291666666667 0.05290740740740741
2 0.6030677083333333 0.3155833333333333 0.013239583333333334 0.05362037037037037
2 0.4945833333333333 0.2723055555555555 0.020234375000000002 0.05039814814814815
