2 0.11920833333333333 0.8714166666666666 0.086109375 0.2571759259259259
2 0.02903125 0.8630833333333333 0.0580625 0.2738425925925926
2 0.38321354166666666 0.724388888888889 0.06204166666666667 0.26683333333333337
2 0.254546875 0.6190462962962964 0.05981770833333333 0.21169444444444444
2 0.19909374999999999 0.7255648148148148 0.06463541666666667 0.2543796296296296
2 0.17830208333333333 0.6333425925925926 0.06264062499999999 0.24029629629629629
2 0.11181770833333333 0.6519444444444444 0.06299479166666667 0.23675
2 0.05797395833333333 0.641175925925926 0.053223958333333335 0.2078148148148148
2 0.045234375 0.5559351851851851 0.04649479166666667 0.15956481481481483
2 0.15277604166666667 0.5315277777777777 0.051171875 0.20164814814814816
2 0.148421875 0.45587962962962963 0.046625 0.17797222222222223
2 0.35110416666666666 0.39025000000000004 0.03532291666666666 0.15781481481481482
2 0.33111979166666666 0.3186481481481481 0.03739583333333333 0.13614814814814813
2 0.42308333333333337 0.33328703703703705 0.03344791666666667 0.1438796296296296
2 0.453390625 0.27269444444444446 0.0315625 0.13382407407407407
2 0.391640625 0.22924074074074074 0.026630208333333336 0.09707407407407408
2 0.43259895833333334 0.22639814814814813 0.02521875 0.1006574074074074
2 0.4553333333333333 0.17927777777777779 0.021203125 0.08974074074074075
2 0.43336979166666667 0.1603425925925926 0.01894791666666667 0.07502777777777778
2 0.4709010416666667 0.1438796296296296 0.018484375 0.0722037037037037
2 0.48741666666666666 0.12085185185185186 0.015057291666666667 0.0677962962962963
2 0.5243229166666666 0.12148148148148147 0.014656250000000001 0.06442592592592593
2 0.5123072916666667 0.09971296296296296 0.011453125 0.0532962962962963
2 0.5010885416666667 0.09355555555555556 0.013760416666666667 0.05719444444444445
2 0.5683333333333334 0.1258425925925926 0.0154375 0.06621296296296297
2 0.5646041666666667 0.09734259259259259 0.015791666666666666 0.06012962962962963
2 0.5869791666666667 0.06099074074074075 0.014848958333333334 0.052861111111111116
2 0.24933854166666666 0.4208055555555556 0.05063020833333333 0.1552962962962963
2 0.700375 0.4689814814814815 0.04254166666666667 0.13675
2 0.7456302083333333 0.46172222222222226 0.04320833333333333 0.14075
2 0.894390625 0.43848148148148147 0.03864583333333334 0.13362037037037036
2 0.934109375 0.4313796296296296 0.03735416666666667 0.13099074074074074
2 0.9672864583333334 0.4254907407407407 0.037307291666666666 0.12384259259259259
2 0.8730833333333333 0.5451203703703704 0.2538385416666667 0.2820740740740741
