2 0.4166666666666667 0.3314814814814815 0.01875 0.06481481481481481
2 0.5359375 0.3236111111111111 0.016666666666666666 0.058333333333333334
2 0.6052083333333333 0.36342592592592593 0.015625 0.06574074074074074
2 0.5684895833333333 0.33287037037037037 0.015104166666666667 0.06018518518518518
2 0.42578125 0.3638888888888889 0.0203125 0.07407407407407407
2 0.5085208333333333 0.42824074074074076 0.025369791666666665 0.08796296296296297
2 0.44505208333333335 0.34074074074074073 0.0203125 0.06666666666666667
2 0.553125 0.3625 0.017708333333333333 0.06944444444444445
2 0.584375 0.35185185185185186 0.016666666666666666 0.06666666666666667
2 0.6195677083333333 0.38875925925925925 0.017260416666666667 0.08121296296296296
2 0.5649947916666667 0.4875 0.032067708333333333 0.11388888888888889
2 0.59453125 0.45555555555555555 0.025520833333333333 0.10555555555555556
2 0.5453854166666667 0.42592592592592593 0.024109375 0.08888888888888889
2 0.38307291666666665 0.39675925925925926 0.024479166666666666 0.08981481481481482
2 0.49121875 0.4783055555555556 0.032442708333333334 0.11216666666666666
2 0.442375 0.5382314814814815 0.037869791666666666 0.13941666666666666
2 0.4981770833333333 0.6574074074074074 0.043229166666666666 0.17962962962962964
2 0.33932291666666664 0.8763888888888889 0.06510416666666667 0.22870370370370371
2 0.3978072916666667 0.6271851851851852 0.046651041666666664 0.16917592592592592
2 0.31781770833333334 0.5811481481481481 0.05394270833333333 0.15860185185185185
2 0.5513385416666666 0.2837314814814815 0.01190625 0.046296296296296294
2 0.6729895833333334 0.48545370370370367 0.06175520833333333 0.16137962962962962
2 0.5699427083333333 0.244712962962963 0.010416666666666666 0.02910185185185185
2 0.626859375 0.29960185185185184 0.012651041666666666 0.04894444444444444
2 0.638765625 0.3029074074074074 0.012651041666666666 0.044972222222222226
2 0.583703125 0.29894444444444446 0.012651041666666666 0.03438888888888889
2 0.6090052083333333 0.2943148148148148 0.011161458333333334 0.03306481481481482
2 0.6086302083333333 0.31878703703703704 0.013390625 0.039685185185185184
