2 0.5723958333333333 0.47175925925925927 0.023958333333333335 0.08425925925925926
2 0.5921875 0.4300925925925926 0.021875 0.08425925925925926
2 0.5239947916666667 0.567462962962963 0.032364583333333335 0.14232407407407408
2 0.3364947916666667 0.44834259259259257 0.032364583333333335 0.08663888888888888
2 0.6380208333333334 0.5680555555555555 0.028125 0.10648148148148148
2 0.4588541666666667 0.5900092592592593 0.034375 0.14775
2 0.5697916666666667 0.5435185185185185 0.028125 0.10555555555555556
2 0.5554322916666667 0.6673981481481481 0.045385416666666664 0.19589814814814815
1 0.5513020833333333 0.2814814814814815 0.0453125 0.09814814814814815
2 0.71484375 0.7939814814814815 0.049479166666666664 0.1935185185185185
2 0.474109375 0.819574074074074 0.05386979166666667 0.2243425925925926
2 0.5020833333333333 0.6152777777777778 0.0375 0.15092592592592594
2 0.6015625 0.6236111111111111 0.035416666666666666 0.1638888888888889
2 0.4120520833333333 0.6794351851851852 0.06086458333333333 0.18108333333333332
2 0.5101197916666667 0.8981481481481481 0.06859895833333333 0.2037037037037037
2 0.640515625 0.6850555555555555 0.04858854166666667 0.18253703703703703
2 0.5604166666666667 0.783 0.05059375 0.22737962962962963
2 0.623734375 0.8851851851851852 0.06830208333333333 0.22962962962962963
2 0.40327604166666664 0.848212962962963 0.059078125 0.2519814814814815
2 0.345125 0.8076759259259259 0.056921875000000004 0.22750925925925927
2 0.693078125 0.9417962962962962 0.06770833333333333 0.1164074074074074
1 0.6830364583333334 0.6984166666666667 0.04761979166666667 0.19576851851851854
2 0.42410937499999996 0.5714259259259259 0.040177083333333335 0.1455
2 0.4769322916666667 0.7056851851851852 0.056546874999999996 0.20237962962962963
2 0.603421875 0.5171944444444445 0.029760416666666668 0.09259259259259259
2 0.32998437500000005 0.4332037037037037 0.030505208333333332 0.1045
2 0.3783489583333333 0.4338611111111111 0.030505208333333332 0.08994444444444445
2 0.626859375 0.5125648148148149 0.030505208333333332 0.11772222222222223
2 0.51934375 0.41071296296296295 0.026786458333333332 0.07275
2 0.6078854166666667 0.45767592592592593 0.023807291666666668 0.07407407407407407
2 0.6197916666666666 0.43584259259259256 0.023807291666666668 0.059527777777777784
2 0.6726197916666667 0.480824074074074 0.06398958333333334 0.15212037037037035
2 0.622765625 0.3293611111111111 0.013390625 0.05290740740740741
2 0.4107135416666667 0.3353148148148148 0.01190625 0.04364814814814815
2 0.41778125 0.31084259259259256 0.017114583333333332 0.044972222222222226
