2 0.4109375 0.42916666666666664 0.13958333333333334 0.2935185185185185
2 0.4875 0.11990740740740741 0.075 0.14722222222222223
2 0.734375 0.9153425925925927 0.13392708333333334 0.16931481481481483
2 0.560640625 0.855824074074074 0.10491145833333333 0.2883611111111111
2 0.6573645833333334 0.8201018518518519 0.11086458333333334 0.359787037037037
2 0.09635416666666667 0.8644166666666667 0.11234895833333333 0.27116666666666667
2 0.20349479166666665 0.769175925925926 0.10788541666666666 0.33994444444444444
2 0.2894322916666667 0.681212962962963 0.09226041666666666 0.32010185185185186
2 0.4739583333333333 0.714287037037037 0.08928645833333333 0.3571388888888889
2 0.3675572916666667 0.5820092592592593 0.08482291666666668 0.2910092592592593
2 0.4371302083333333 0.6342592592592593 0.07068229166666667 0.32672222222222225
2 0.549109375 0.6276481481481482 0.08928645833333333 0.3320092592592592
2 0.611609375 0.6977500000000001 0.08184374999999999 0.35582407407407407
2 0.08333333333333333 0.7215648148148148 0.09523958333333334 0.3320092592592592
2 0.6484375 0.535712962962963 0.08109895833333333 0.2619074074074074
2 0.5301354166666666 0.519175925925926 0.064734375 0.24735185185185185
2 0.06919791666666668 0.5899444444444444 0.068453125 0.23280555555555557
2 0.29464062500000004 0.5396851851851852 0.07738020833333333 0.24602777777777776
2 0.2779010416666667 0.3769814814814815 0.055802083333333335 0.17725000000000002
2 0.057291666666666664 0.5519537037037037 0.07407291666666667 0.30144444444444446
2 0.017651041666666666 0.4876574074074074 0.03530208333333333 0.2078148148148148
2 0.03269791666666667 0.3708888888888889 0.046875 0.14712037037037035
2 0.049770833333333334 0.43724074074074076 0.05323958333333333 0.17489814814814814
2 0.10821875 0.44289814814814815 0.049770833333333334 0.20062037037037037
