2 0.4283854166666667 0.446 0.0234375 0.1015462962962963
2 0.36015625 0.40694444444444444 0.0234375 0.075
2 0.5997395833333333 0.512962962962963 0.0234375 0.1037037037037037
2 0.5947916666666667 0.6962962962962963 0.040625 0.16296296296296298
2 0.6223958333333334 0.462037037037037 0.021875 0.08333333333333333
2 0.21692708333333333 0.5546296296296296 0.0390625 0.12777777777777777
2 0.66875 0.6069444444444444 0.03333333333333333 0.13240740740740742
2 0.5614583333333333 0.5185185185185185 0.028125 0.12037037037037036
2 0.49895833333333334 0.7194444444444444 0.04375 0.18703703703703703
2 0.45092187499999997 0.5108703703703704 0.031015624999999998 0.11714814814814814
2 0.6177083333333333 0.575925925925926 0.027083333333333334 0.1259259259259259
2 0.5293020833333333 0.4698888888888889 0.028395833333333335 0.10836111111111112
2 0.4908854166666667 0.49537037037037035 0.027604166666666666 0.1037037037037037
2 0.64296875 0.6472222222222223 0.03697916666666667 0.1537037037037037
2 0.696875 0.9083333333333333 0.065625 0.17962962962962964
2 0.4109375 0.50275 0.03125 0.12042592592592592
2 0.19036458333333334 0.6097222222222223 0.05572916666666667 0.14351851851851852
2 0.275 0.5795833333333333 0.06979166666666667 0.15378703703703703
2 0.4109375 0.6467592592592593 0.03854166666666667 0.14907407407407408
2 0.4330833333333333 0.7867685185185186 0.051578125 0.2023888888888889
2 0.6713645833333334 0.7568888888888889 0.051057291666666664 0.19548148148148148
2 0.5442708333333334 0.7861111111111111 0.05 0.20185185185185187
2 0.6093854166666667 0.81775 0.046890625 0.21450925925925926
2 0.46770833333333334 0.5791203703703705 0.0375 0.15656481481481482
2 0.5191354166666666 0.5737962962962964 0.03410416666666667 0.14500925925925928
2 0.054265625 0.7939999999999999 0.056265625 0.2079814814814815
2 0.1198125 0.6783981481481481 0.06409895833333333 0.15578703703703703
2 0.5101354166666667 0.4463425925925926 0.027026041666666667 0.11761111111111111
2 0.562265625 0.6562962962962963 0.042749999999999996 0.18875
2 0.5986458333333334 0.44465740740740745 0.025234375 0.09572222222222222
2 0.6707447916666667 0.48155555555555557 0.05311458333333333 0.15100000000000002
