2 0.65859375 0.7666666666666667 0.059895833333333336 0.1814814814814815
2 0.6223958333333334 0.5365740740740741 0.028125 0.1175925925925926
2 0.421875 0.33287037037037037 0.020833333333333332 0.06388888888888888
2 0.54375 0.5337962962962963 0.029166666666666667 0.12129629629629629
2 0.5390625 0.42268518518518516 0.019791666666666666 0.0824074074074074
2 0.57890625 0.5087962962962963 0.0265625 0.10648148148148148
2 0.3359375 0.4263888888888889 0.028125 0.09166666666666666
2 0.52109375 0.48009259259259257 0.0265625 0.11388888888888889
2 0.66484375 0.6416666666666667 0.04010416666666667 0.14074074074074075
2 0.6671875 0.9152777777777777 0.06979166666666667 0.1675925925925926
2 0.38307291666666665 0.45694444444444443 0.0265625 0.10092592592592593
2 0.31171875 0.48194444444444445 0.030729166666666665 0.1175925925925926
2 0.5611979166666666 0.5833333333333334 0.0328125 0.1388888888888889
2 0.3375 0.5305555555555556 0.03125 0.12407407407407407
2 0.6072916666666667 0.6236111111111111 0.034375 0.13425925925925927
2 0.2796875 0.6175925925925926 0.042708333333333334 0.1685185185185185
2 0.6705885416666667 0.4814907407407407 0.059744791666666665 0.15394444444444444
2 0.6015260416666667 0.4370833333333333 0.025791666666666668 0.10525925925925926
2 0.109671875 0.9213888888888889 0.073328125 0.15721296296296294
1 0.628046875 0.44830555555555557 0.023270833333333334 0.09684259259259259
