2 0.6317968749999999 0.4019351851851852 0.016713541666666668 0.08131481481481481
2 0.5926354166666666 0.37693518518518515 0.019651041666666664 0.07205555555555555
2 0.6730260416666667 0.4865092592592592 0.064953125 0.18386111111111111
2 0.6218281250000001 0.42689814814814814 0.019697916666666666 0.09722222222222222
2 0.6088072916666667 0.4726388888888889 0.02282291666666667 0.10656481481481482
2 0.6941197916666667 0.9601851851851851 0.07083333333333333 0.07962962962962963
2 0.597171875 0.4455 0.024552083333333332 0.10793518518518518
1 0.6346354166666667 0.542 0.028645833333333332 0.14457407407407405
2 0.6539427083333333 0.6844537037037037 0.05253125 0.18320370370370373
2 0.5660729166666666 0.40052777777777776 0.023807291666666668 0.08994444444444445
2 0.7087447916666666 0.8025092592592593 0.057515625 0.2124351851851852
2 0.5984375 0.7592592592592593 0.04479166666666667 0.18333333333333332
2 0.4791666666666667 0.6801574074074075 0.06041666666666667 0.20528703703703705
2 0.6419270833333334 0.8550925925925926 0.0578125 0.2064814814814815
2 0.29512499999999997 0.731212962962963 0.05900520833333334 0.19682407407407407
2 0.5409947916666666 0.4394166666666667 0.028869791666666665 0.10475925925925926
2 0.5135416666666667 0.8063518518518519 0.06041666666666667 0.2190462962962963
2 0.387390625 0.7841296296296296 0.05766145833333333 0.22592592592592592
1 0.4140625 0.2920833333333333 0.030776041666666667 0.050509259259259254
2 0.4408125 0.27946296296296297 0.02841145833333333 0.04882407407407407
