2 0.4783854166666667 0.3712962962962963 0.0203125 0.06481481481481481
2 0.496875 0.32546296296296295 0.015625 0.05648148148148148
2 0.46015625 0.30648148148148147 0.016145833333333335 0.053703703703703705
2 0.5479166666666667 0.34629629629629627 0.016666666666666666 0.06111111111111111
2 0.4809427083333333 0.3088148148148148 0.016057291666666664 0.060148148148148145
2 0.5302083333333333 0.32083333333333336 0.015625 0.05462962962962963
2 0.4640625 0.3523148148148148 0.019791666666666666 0.06944444444444445
2 0.528125 0.38935185185185184 0.020833333333333332 0.075
2 0.6299479166666667 0.35648148148148145 0.0171875 0.06111111111111111
2 0.5078125 0.35750925925925925 0.017708333333333333 0.07387962962962964
2 0.4239583333333333 0.35185185185185186 0.021875 0.07407407407407407
2 0.5588541666666667 0.37175925925925923 0.017708333333333333 0.0712962962962963
2 0.5307291666666667 0.45787037037037037 0.026041666666666668 0.09907407407407408
2 0.4747395833333333 0.43472222222222223 0.0265625 0.09907407407407408
2 0.578125 0.39384259259259263 0.020833333333333332 0.0845462962962963
2 0.36302083333333335 0.4587962962962963 0.030208333333333334 0.11018518518518519
2 0.61875 0.41382407407407407 0.022916666666666665 0.08900925925925926
2 0.39765625 0.4013888888888889 0.0265625 0.09166666666666666
2 0.5109375 0.5643518518518519 0.03333333333333333 0.14537037037037037
2 0.571875 0.5606481481481481 0.035416666666666666 0.14166666666666666
2 0.39739583333333334 0.6199074074074075 0.042708333333333334 0.16574074074074074
2 0.15494791666666666 0.7458333333333333 0.06927083333333334 0.20092592592592592
2 0.10338541666666666 0.9027777777777778 0.0859375 0.19444444444444445
2 0.6714583333333334 0.48506481481481484 0.05801041666666666 0.1580185185185185
2 0.6377552083333333 0.30780555555555555 0.011203125000000001 0.05480555555555555
2 0.6250989583333334 0.29996296296296293 0.01240625 0.04752777777777777
2 0.5744062499999999 0.29235185185185186 0.010458333333333332 0.047453703703703706
2 0.504453125 0.2695833333333333 0.012588541666666668 0.04400925925925926
2 0.5685729166666668 0.28637962962962965 0.009208333333333334 0.045620370370370374
2 0.5910885416666667 0.2873425925925926 0.010677083333333334 0.03911111111111111
