2 0.43984375 0.027314814814814816 0.025520833333333333 0.05277777777777778
2 0.308703125 0.29457407407407404 0.06011979166666667 0.21825
2 0.525 0.5810185185185185 0.08333333333333333 0.39537037037037037
2 0.185640625 0.41362037037037036 0.07366145833333333 0.26799074074074075
2 0.10680729166666666 0.2657407407407407 0.07194791666666665 0.22962962962962963
2 0.4 0.3162037037037037 0.058333333333333334 0.22685185185185186
2 0.4265625 0.16805555555555557 0.040625 0.17314814814814813
2 0.44765625 0.08101851851851852 0.03697916666666667 0.13796296296296295
2 0.3854166666666667 0.11388888888888889 0.042708333333333334 0.1648148148148148
2 0.49947916666666664 0.029166666666666667 0.026041666666666668 0.05462962962962963
2 0.6719479166666668 0.78175 0.08824479166666667 0.3634907407407407
2 0.042708333333333334 0.8055555555555556 0.08541666666666667 0.37592592592592594
2 0.47418229166666664 0.3616388888888889 0.06145833333333333 0.24364814814814814
2 0.36804166666666666 0.5698333333333333 0.07775520833333333 0.29524074074074075
2 0.6045 0.06527777777777778 0.03608854166666667 0.12685185185185185
2 0.564734375 0.20172222222222225 0.045536458333333335 0.18121296296296296
2 0.6291302083333333 0.2855185185185185 0.04888541666666667 0.19722222222222222
2 0.4578125 0.7751296296296296 0.07604166666666666 0.3484166666666667
2 0.6880208333333333 0.07212037037037038 0.04479166666666667 0.12983333333333333
1 0.31175520833333337 0.8611111111111112 0.087796875 0.2777777777777778
2 0.32589062500000004 0.05687962962962963 0.037203125000000004 0.11375925925925925
2 0.3824427083333333 0.044314814814814814 0.04315625 0.08862037037037036
2 0.33407812499999995 0.10119444444444445 0.04315625 0.1653425925925926
2 0.2604166666666667 0.042324074074074076 0.044640624999999996 0.08465740740740742
2 0.24739583333333334 0.10648148148148148 0.040921874999999996 0.14682407407407408
2 0.27939062499999995 0.13028703703703703 0.045385416666666664 0.16269444444444445
2 0.203125 0.14947222222222223 0.044640624999999996 0.16666666666666666
2 0.022692708333333332 0.5224907407407408 0.045385416666666664 0.29364814814814816
2 0.2526041666666667 0.20700925925925925 0.05133854166666666 0.18386111111111111
2 0.34598437499999996 0.16071296296296295 0.04761979166666667 0.17327777777777775
2 0.8095260416666666 0.6163981481481482 0.111609375 0.2910092592592593
