2 0.60078125 0.30092592592592593 0.013020833333333334 0.04814814814814815
2 0.39401041666666664 0.28935185185185186 0.0265625 0.04537037037037037
1 0.496875 0.4074074074074074 0.084375 0.13703703703703704
2 0.6158854166666666 0.31527777777777777 0.015104166666666667 0.05462962962962963
2 0.14427083333333332 0.9592592592592593 0.09791666666666667 0.08148148148148149
2 0.50859375 0.32407407407407407 0.018229166666666668 0.05185185185185185
2 0.5294270833333333 0.337037037037037 0.019270833333333334 0.06296296296296296
2 0.5588541666666667 0.31574074074074077 0.015625 0.05925925925925926
2 0.4015625 0.3527777777777778 0.020833333333333332 0.07592592592592592
2 0.5830729166666667 0.35138888888888886 0.018229166666666668 0.06944444444444445
2 0.54765625 0.4625 0.030729166666666665 0.11203703703703703
2 0.5986979166666667 0.44675925925925924 0.0265625 0.10648148148148148
2 0.4700520833333333 0.7041666666666667 0.07760416666666667 0.19722222222222222
2 0.27447916666666666 0.549074074074074 0.04791666666666667 0.1388888888888889
2 0.565625 0.6152777777777778 0.042708333333333334 0.16574074074074074
2 0.25729166666666664 0.7291666666666666 0.058333333333333334 0.20092592592592592
2 0.6703125 0.48703703703703705 0.06145833333333333 0.16111111111111112
2 0.5822395833333334 0.30709259259259264 0.012869791666666667 0.05167592592592593
2 0.567390625 0.28229629629629627 0.011572916666666665 0.049222222222222216
2 0.4836354166666667 0.26889814814814816 0.020635416666666666 0.03927777777777778
