1 0.45598958333333334 0.27314814814814814 0.1984375 0.4388888888888889
2 0.31747916666666665 0.6877962962962964 0.07922395833333334 0.3474351851851852
2 0.37328125 0.5563425925925927 0.06234895833333333 0.2820462962962963
2 0.47028125000000004 0.6986018518518519 0.08621354166666667 0.3566944444444445
2 0.6421354166666667 0.6864629629629629 0.07402083333333334 0.34167592592592594
2 0.6094635416666667 0.5001481481481481 0.05728125 0.2653425925925926
2 0.5399270833333334 0.5092685185185185 0.060578125000000003 0.25272222222222224
2 0.6640364583333334 0.5616018518518519 0.0570625 0.24626851851851855
2 0.5689739583333334 0.2582037037037037 0.038802083333333334 0.15996296296296295
2 0.15773958333333335 0.7822870370370371 0.10348958333333333 0.3913518518518519
2 0.10880729166666667 0.7212592592592593 0.07506770833333333 0.36188888888888887
2 0.09041666666666666 0.6039722222222222 0.0660625 0.2877962962962963
2 0.13642708333333334 0.4908888888888889 0.057713541666666666 0.22774074074074074
2 0.03911458333333333 0.4462777777777778 0.050265625 0.21314814814814814
2 0.2185052083333333 0.2605925925925926 0.03405208333333333 0.14116666666666666
2 0.237765625 0.23119444444444445 0.023958333333333335 0.11015740740740741
2 0.11361458333333332 0.2617129629629629 0.029135416666666667 0.12488888888888888
2 0.08196874999999999 0.3547314814814815 0.03875520833333333 0.1689537037037037
2 0.20070833333333335 0.3481388888888889 0.03491666666666667 0.11760185185185186
2 0.43835416666666666 0.5883981481481482 0.055343750000000004 0.2628240740740741
1 0.4130572916666667 0.027388888888888886 0.05857291666666666 0.05477777777777777
2 0.18938541666666667 0.19990740740740742 0.024416666666666666 0.09696296296296296
