2 0.428125 0.3189814814814815 0.020833333333333332 0.06759259259259259
2 0.6078125 0.32546296296296295 0.016666666666666666 0.058333333333333334
2 0.509375 0.41064814814814815 0.026041666666666668 0.08981481481481482
2 0.5971354166666667 0.3837962962962963 0.0203125 0.0824074074074074
2 0.56875 0.44166666666666665 0.025 0.10185185185185185
2 0.4979166666666667 0.5125 0.03333333333333333 0.13240740740740742
2 0.37734375 0.8935185185185185 0.06614583333333333 0.20925925925925926
2 0.5390625 0.3925925925925926 0.021875 0.08703703703703704
2 0.6671875 0.6143518518518518 0.04583333333333333 0.15092592592592594
2 0.57578125 0.6175925925925926 0.04010416666666667 0.17037037037037037
2 0.515625 0.7240740740740741 0.046875 0.19444444444444445
2 0.4552083333333333 0.7087962962962963 0.05625 0.19907407407407407
2 0.5723958333333333 0.8768518518518519 0.05520833333333333 0.22407407407407406
2 0.6726822916666666 0.4814907407407407 0.05871875 0.15394444444444444
2 0.5415052083333334 0.2972777777777778 0.011645833333333333 0.0509537037037037
2 0.5489635416666666 0.27111111111111114 0.012515625 0.04155555555555556
