2 0.39490625 0.800037037037037 0.10039583333333332 0.38672222222222224
2 0.47821354166666663 0.5877685185185185 0.074296875 0.2893425925925926
2 0.691828125 0.9352777777777778 0.11438020833333334 0.12943518518518518
2 0.4983333333333333 0.30247222222222225 0.045098958333333335 0.1724537037037037
2 0.11842708333333334 0.3746481481481482 0.06131770833333334 0.19645370370370369
2 0.179671875 0.2753888888888889 0.04144791666666667 0.10595370370370372
2 0.37244791666666666 0.11349074074074074 0.019015624999999998 0.08461111111111111
2 0.49233333333333335 0.06943518518518518 0.019208333333333334 0.08292592592592593
2 0.5242604166666667 0.056527777777777774 0.015354166666666667 0.06946296296296296
2 0.576234375 0.13965740740740742 0.02034375 0.06595370370370371
2 0.5016875 0.20089814814814816 0.025765625 0.1174537037037037
2 0.5166458333333334 0.16841666666666666 0.022692708333333332 0.09262037037037037
2 0.5893802083333333 0.2185 0.05878125 0.14958333333333335
2 0.47658854166666664 0.04212037037037037 0.03806770833333333 0.08424074074074074
2 0.060333333333333336 0.38040740740740736 0.12066666666666667 0.2635092592592592
2 0.369171875 0.03675 0.017671875 0.0669351851851852
1 0.42446354166666667 0.08982407407407408 0.09180208333333333 0.17964814814814817
