2 0.5713541666666667 0.32037037037037036 0.015625 0.05
2 0.5734375 0.35694444444444445 0.017708333333333333 0.062037037037037036
2 0.5671875 0.3962962962962963 0.019791666666666666 0.07222222222222222
2 0.5940104166666667 0.3435185185185185 0.0171875 0.06111111111111111
2 0.421875 0.42268518518518516 0.023958333333333335 0.08425925925925926
2 0.5536458333333333 0.31349074074074074 0.015625 0.0582037037037037
2 0.4479166666666667 0.4074074074074074 0.025 0.08888888888888889
2 0.53828125 0.3263888888888889 0.018229166666666668 0.062037037037037036
2 0.49505208333333334 0.5564814814814815 0.03697916666666667 0.11481481481481481
2 0.57578125 0.4615740740740741 0.0265625 0.10462962962962963
2 0.6151041666666667 0.4074074074074074 0.021875 0.08518518518518518
2 0.5078125 0.46435185185185185 0.029166666666666667 0.10833333333333334
2 0.434375 0.4935185185185185 0.03229166666666667 0.11666666666666667
2 0.4973958333333333 0.6666666666666666 0.046875 0.18333333333333332
2 0.5428958333333332 0.5207037037037037 0.03161979166666667 0.13082407407407406
2 0.5924479166666666 0.5773148148148148 0.0359375 0.15833333333333333
2 0.35859375 0.5425925925925926 0.04010416666666667 0.13518518518518519
2 0.5263020833333333 0.8425925925925926 0.0609375 0.21851851851851853
2 0.409375 0.9055555555555556 0.07291666666666667 0.18888888888888888
2 0.3611979166666667 0.8222222222222222 0.059895833333333336 0.24074074074074073
2 0.24375 0.7203703703703703 0.06666666666666667 0.2074074074074074
2 0.67390625 0.47847222222222224 0.059432291666666665 0.1571759259259259
2 0.5831458333333334 0.29232407407407407 0.009302083333333332 0.046296296296296294
2 0.5470624999999999 0.25330555555555556 0.01153125 0.03438888888888889
2 0.5336666666666667 0.25793518518518516 0.009302083333333332 0.037037037037037035
2 0.5727291666666667 0.2542962962962963 0.0078125 0.02975925925925926
2 0.5677083333333334 0.28075 0.010416666666666666 0.046953703703703706
2 0.6121666666666666 0.29232407407407407 0.013020833333333334 0.04364814814814815
2 0.6010052083333334 0.31150925925925926 0.010046875 0.05555555555555555
