2 0.5921875 0.31928703703703704 0.014583333333333334 0.05586111111111111
2 0.5119791666666667 0.3509259259259259 0.019791666666666666 0.07037037037037037
2 0.61640625 0.4046296296296296 0.0203125 0.07407407407407407
2 0.59921875 0.3597222222222222 0.0171875 0.06388888888888888
2 0.609375 0.48194444444444445 0.027083333333333334 0.11203703703703703
2 0.5794270833333334 0.5949074074074074 0.03697916666666667 0.15092592592592594
2 0.6723072916666666 0.47376851851851853 0.05902604166666667 0.15895370370370368
2 0.5234375 0.3109537037037037 0.013890625 0.052472222222222226
2 0.5520833333333334 0.23302777777777778 0.0078125 0.027777777777777776
2 0.5616302083333333 0.22839814814814813 0.006078125 0.02623148148148148
1 0.4676666666666666 0.3267777777777778 0.052515624999999996 0.08873148148148148
