2 0.4005208333333333 0.16712962962962963 0.041666666666666664 0.11574074074074074
2 0.55546875 0.025925925925925925 0.019270833333333334 0.05185185185185185
2 0.18411458333333333 0.07962962962962963 0.033854166666666664 0.11296296296296296
2 0.5052083333333334 0.075 0.03333333333333333 0.13333333333333333
2 0.5989583333333334 0.017592592592592594 0.021875 0.03518518518518519
2 0.409375 0.10138888888888889 0.040625 0.15833333333333333
2 0.5416666666666666 0.5037037037037037 0.06875 0.2222222222222222
2 0.56796875 0.09675925925925925 0.028645833333333332 0.11018518518518519
2 0.5611979166666666 0.3939814814814815 0.0671875 0.21203703703703702
2 0.528125 0.7185185185185186 0.06979166666666667 0.3388888888888889
2 0.5671875 0.24953703703703703 0.042708333333333334 0.16203703703703703
2 0.5239583333333333 0.19212962962962962 0.0375 0.15648148148148147
2 0.4546875 0.9384259259259259 0.10833333333333334 0.11944444444444445
2 0.39739583333333334 0.2902777777777778 0.04791666666666667 0.19166666666666668
2 0.59765625 0.12453703703703704 0.03177083333333333 0.14351851851851852
2 0.28463541666666664 0.7263888888888889 0.07864583333333333 0.3398148148148148
2 0.44947916666666665 0.06712962962962964 0.034375 0.13240740740740742
2 0.41953125 0.47824074074074074 0.06927083333333334 0.27685185185185185
