2 0.6755937500000001 0.4929907407407407 0.07172395833333334 0.18862037037037038
1 0.6333333333333333 0.3416666666666667 0.014583333333333334 0.05740740740740741
2 0.5747395833333333 0.5486111111111112 0.0390625 0.12685185185185185
2 0.5841145833333333 0.3138888888888889 0.015104166666666667 0.053703703703703705
2 0.50234375 0.47453703703703703 0.034895833333333334 0.10648148148148148
2 0.7989583333333333 0.9083333333333333 0.15625 0.1814814814814815
2 0.5020833333333333 0.2587962962962963 0.04375 0.0824074074074074
2 0.611046875 0.36574074074074076 0.018973958333333332 0.07962962962962963
2 0.5852291666666667 0.3801574074074074 0.022546875 0.0875648148148148
2 0.5688229166666667 0.6547592592592593 0.05267708333333333 0.17619444444444443
2 0.66484375 0.6 0.0359375 0.15
2 0.08452604166666666 0.7432500000000001 0.07366145833333333 0.19762037037037036
2 0.4140260416666666 0.7589259259259259 0.070609375 0.21230555555555555
2 0.6060260416666666 0.28633333333333333 0.02784375 0.04759259259259259
2 0.5511354166666667 0.23077777777777778 0.023963541666666664 0.035240740740740746
