2 0.6736614583333334 0.4988796296296296 0.062796875 0.20860185185185184
2 0.609375 0.3669351851851852 0.017708333333333333 0.07512962962962963
2 0.425 0.9411388888888889 0.07410937499999999 0.11772222222222223
2 0.31610937499999997 0.4670648148148148 0.03221875 0.1256574074074074
1 0.4819583333333333 0.4038981481481481 0.028645833333333332 0.08928703703703704
2 0.5841875000000001 0.9053611111111111 0.070015625 0.1874351851851852
2 0.2677083333333333 0.5282407407407408 0.03854166666666667 0.13055555555555556
2 0.6225468749999999 0.6416666666666667 0.04419791666666666 0.17249074074074072
2 0.5216510416666666 0.7416666666666667 0.054760416666666666 0.20635185185185187
2 0.262203125 0.6940462962962963 0.054760416666666666 0.19549999999999998
2 0.09411979166666667 0.965611111111111 0.08705208333333332 0.06878703703703705
