2 0.10703125 0.2833333333333333 0.03802083333333333 0.1259259259259259
2 0.09134375 0.7950462962962963 0.083984375 0.3895462962962963
2 0.4434895833333333 0.49413888888888885 0.058854166666666666 0.26358333333333334
2 0.05416666666666667 0.2902777777777778 0.059375 0.15092592592592594
2 0.49921875 0.6666666666666666 0.06927083333333334 0.2851851851851852
2 0.5792916666666666 0.5476296296296297 0.0565 0.264
2 0.5317708333333333 0.45475925925925925 0.06354166666666666 0.22567592592592592
2 0.08723958333333333 0.34953703703703703 0.0484375 0.15833333333333333
2 0.6741041666666666 0.8239537037037037 0.06850520833333333 0.2771574074074074
2 0.6232708333333333 0.3999074074074074 0.05018229166666666 0.21609259259259259
2 0.5920208333333333 0.357462962962963 0.043229166666666666 0.20837037037037037
2 0.5705104166666667 0.18532407407407409 0.026255208333333332 0.11492592592592593
2 0.4272239583333333 0.24866666666666667 0.036557291666666665 0.14817592592592593
2 0.35832291666666666 0.38258333333333333 0.0480625 0.20304629629629628
2 0.3104166666666667 0.41758333333333336 0.045994791666666666 0.24527777777777776
2 0.2634947916666667 0.5071666666666667 0.05458854166666667 0.24850925925925924
2 0.21736458333333333 0.4625462962962963 0.047390625 0.20866666666666667
2 0.21385416666666668 0.6459907407407407 0.07335937499999999 0.2823333333333333
2 0.04527083333333334 0.7122777777777778 0.06952604166666668 0.33775
2 0.023046875 0.5531111111111111 0.04608854166666666 0.2632407407407408
2 0.125140625 0.4436111111111111 0.04870833333333333 0.23250925925925928
2 0.1482291666666667 0.631824074074074 0.06884375000000001 0.3527592592592593
2 0.17411458333333335 0.36848148148148147 0.040749999999999995 0.17793518518518517
2 0.229953125 0.32835185185185184 0.03958333333333333 0.16558333333333333
2 0.26957291666666666 0.37325 0.04243229166666666 0.19364814814814812
2 0.22640104166666666 0.22748148148148148 0.03247916666666666 0.1428425925925926
2 0.24763020833333332 0.1578888888888889 0.026328124999999997 0.10243518518518518
2 0.28480208333333334 0.23498148148148149 0.027760416666666666 0.10538888888888888
2 0.44620312500000003 0.11825925925925926 0.020697916666666667 0.10033333333333333
2 0.500703125 0.15354629629629632 0.023791666666666666 0.09990740740740742
2 0.4817604166666667 0.1139074074074074 0.020630208333333334 0.09780555555555555
2 0.573671875 0.8133703703703704 0.08466145833333334 0.3732592592592593
2 0.5444270833333333 0.1938148148148148 0.02790625 0.13724074074074075
2 0.402875 0.09812962962962964 0.01736979166666667 0.08167592592592592
2 0.33886458333333336 0.1047962962962963 0.017510416666666664 0.07957407407407407
2 0.39277083333333335 0.14555555555555555 0.024942708333333334 0.09627777777777778
2 0.371421875 0.14471296296296296 0.018703124999999998 0.08112037037037037
2 0.41964583333333333 0.16659259259259257 0.024874999999999998 0.1075
