2 0.5671875 0.029166666666666667 0.01875 0.058333333333333334
2 0.5901041666666667 0.01990740740740741 0.021875 0.03981481481481482
1 0.4638385416666667 0.03425925925925926 0.12976041666666666 0.06851851851851852
2 0.50625 0.11574074074074074 0.03854166666666667 0.13703703703703704
2 0.5814010416666666 0.06355555555555556 0.032588541666666665 0.12711111111111112
2 0.6329635416666667 0.08306481481481481 0.039135416666666666 0.1309537037037037
2 0.5442708333333334 0.18564814814814815 0.04479166666666667 0.1824074074074074
2 0.4244791666666667 0.17241666666666666 0.05133854166666666 0.18505555555555556
2 0.28236979166666665 0.1949722222222222 0.05059375 0.18810185185185185
2 0.14772916666666666 0.8055555555555556 0.110046875 0.3888888888888889
2 0.1576614583333333 0.2703055555555556 0.055953125000000006 0.21256481481481482
2 0.8076614583333334 0.6144166666666667 0.11086458333333334 0.29232407407407407
