2 0.5505208333333333 0.20092592592592592 0.023958333333333335 0.10555555555555556
2 0.016927083333333332 0.5916666666666667 0.033854166666666664 0.2833333333333333
2 0.6018229166666667 0.462037037037037 0.05572916666666667 0.2222222222222222
2 0.5638020833333334 0.8444444444444444 0.10677083333333333 0.3074074074074074
2 0.5543177083333333 0.6421944444444445 0.08333333333333333 0.31349074074074074
2 0.6722447916666667 0.8101851851851852 0.07068229166666667 0.2632314814814815
2 0.06361458333333334 0.49272222222222223 0.05878125 0.20502777777777778
2 0.10491145833333333 0.3683888888888889 0.04315625 0.15475925925925924
2 0.13988020833333334 0.38491666666666663 0.053572916666666665 0.1534351851851852
2 0.17671354166666667 0.3234166666666667 0.040921874999999996 0.17857407407407408
2 0.15588020833333335 0.24735185185185185 0.03199479166666667 0.12169444444444445
2 0.21986458333333334 0.21891666666666668 0.02753125 0.1256574074074074
2 0.23697916666666666 0.23082407407407407 0.030505208333333332 0.12037037037037036
2 0.2671145833333333 0.23346296296296296 0.03125 0.10978703703703703
2 0.31807812500000004 0.1527777777777778 0.02753125 0.08598148148148148
2 0.3385416666666667 0.14947222222222223 0.023807291666666668 0.08994444444444445
2 0.3590052083333333 0.18386111111111111 0.030505208333333332 0.11375925925925925
2 0.3861614583333333 0.17592592592592593 0.023807291666666668 0.11375925925925925
2 0.578125 0.2526481481481482 0.032739583333333336 0.1428611111111111
2 0.5952395833333333 0.31878703703703704 0.04613020833333333 0.15079629629629632
2 0.5539427083333333 0.3809537037037037 0.045385416666666664 0.18253703703703703
2 0.5122760416666667 0.22552777777777777 0.036458333333333336 0.1388888888888889
2 0.4456822916666667 0.11574074074074074 0.022322916666666668 0.09126851851851851
2 0.6104895833333334 0.2638888888888889 0.037947916666666665 0.16269444444444445
2 0.693078125 0.9173240740740741 0.12425520833333333 0.1653425925925926
