2 0.6432291666666666 0.39444444444444443 0.019791666666666666 0.07037037037037037
2 0.3190104166666667 0.9277777777777778 0.0703125 0.14444444444444443
2 0.6018229166666667 0.38055555555555554 0.0171875 0.06481481481481481
2 0.5796875 0.4041666666666667 0.019791666666666666 0.075
2 0.5625 0.44074074074074077 0.021875 0.08888888888888889
2 0.5770989583333334 0.48396296296296293 0.029197916666666667 0.12096296296296295
2 0.4231770833333333 0.31527777777777777 0.018229166666666668 0.06574074074074074
2 0.6190260416666666 0.48956481481481484 0.028677083333333336 0.11162037037037037
2 0.65625 0.6028333333333333 0.035416666666666666 0.139
2 0.5911458333333334 0.5415833333333333 0.028125 0.1335
2 0.6567708333333333 0.9171296296296296 0.053125 0.16203703703703703
2 0.3796875 0.5166666666666667 0.041666666666666664 0.12222222222222222
2 0.3157447916666667 0.511712962962963 0.036223958333333334 0.13398148148148148
2 0.35182291666666665 0.5777314814814816 0.04114583333333333 0.1482314814814815
2 0.6794270833333333 0.6930555555555555 0.043229166666666666 0.1787037037037037
2 0.6161458333333333 0.6335277777777778 0.040625 0.15887037037037038
2 0.34401041666666665 0.7449074074074075 0.05364583333333333 0.20462962962962963
2 0.6131614583333334 0.7960185185185186 0.052369791666666665 0.20797222222222222
2 0.6713385416666667 0.48057407407407404 0.06297916666666667 0.16137962962962962
2 0.6202708333333333 0.4076203703703704 0.021453125 0.08842592592592592
