2 0.540625 0.31574074074074077 0.014583333333333334 0.053703703703703705
2 0.5361979166666667 0.4046296296296296 0.019270833333333334 0.07962962962962963
2 0.67290625 0.48150925925925925 0.060723958333333335 0.16777777777777778
2 0.59140625 0.36064814814814816 0.0171875 0.06388888888888888
2 0.525 0.37407407407407406 0.017708333333333333 0.07222222222222222
2 0.4005208333333333 0.30839814814814814 0.032588541666666665 0.06494444444444444
2 0.6104166666666667 0.35555555555555557 0.016666666666666666 0.06666666666666667
2 0.575 0.3449074074074074 0.016666666666666666 0.062037037037037036
2 0.31484375 0.4462962962962963 0.0296875 0.10185185185185185
2 0.5815104166666667 0.4074074074074074 0.0203125 0.07777777777777778
2 0.5549479166666667 0.34305555555555556 0.0171875 0.06388888888888888
2 0.5915937499999999 0.49173148148148155 0.030802083333333334 0.11309259259259259
2 0.628125 0.3907407407407407 0.027083333333333334 0.07962962962962963
2 0.54609375 0.45860185185185187 0.0265625 0.11163888888888888
2 0.48467187500000003 0.46812037037037035 0.03184375 0.11587037037037037
2 0.5830729166666667 0.5901481481481482 0.044119791666666665 0.16917592592592592
2 0.39888541666666666 0.6552222222222223 0.04984895833333333 0.18055555555555555
2 0.51934375 0.3042314814814815 0.026786458333333332 0.05555555555555555
