2 0.438953125 0.04364814814814815 0.020463541666666665 0.0719537037037037
2 0.4027135416666667 0.039685185185185184 0.01882291666666667 0.06243518518518519
2 0.38236458333333334 0.11712962962962963 0.025739583333333333 0.08796296296296297
2 0.43125 0.2916666666666667 0.0375 0.1388888888888889
2 0.27641145833333336 0.2058888888888889 0.03824479166666667 0.1215648148148148
2 0.32317708333333334 0.2310185185185185 0.03177083333333333 0.13240740740740742
2 0.46432291666666664 0.13465740740740742 0.02849479166666667 0.10475925925925926
2 0.5427083333333333 0.10614814814814814 0.021875 0.0969537037037037
2 0.021984375 0.38855555555555554 0.043973958333333334 0.1895462962962963
2 0.35133854166666667 0.257537037037037 0.04955208333333334 0.16058333333333333
2 0.404984375 0.1420648148148148 0.027973958333333333 0.10264814814814814
2 0.259484375 0.2853148148148148 0.037572916666666664 0.1587314814814815
2 0.45364583333333336 0.2439814814814815 0.034375 0.1361111111111111
2 0.5094479166666667 0.24027777777777778 0.033484375000000004 0.13796296296296295
2 0.19032812500000001 0.4265185185185185 0.05773958333333333 0.22341666666666665
2 0.4251875 0.4109814814814815 0.05275520833333334 0.21878703703703703
2 0.33125 0.5280462962962963 0.06458333333333334 0.28200925925925924
2 0.39453125 0.6915370370370371 0.09516145833333334 0.3367685185185185
2 0.5216510416666666 0.44875 0.062052083333333334 0.23505555555555557
2 0.5703125 0.14682407407407408 0.045385416666666664 0.11904629629629629
2 0.4906979166666667 0.11375925925925925 0.018598958333333335 0.09259259259259259
2 0.4676354166666667 0.07076851851851852 0.020088541666666668 0.07539814814814816
2 0.38095312499999995 0.04299074074074074 0.014880208333333334 0.059527777777777784
2 0.670015625 0.7896851851851852 0.06770833333333333 0.21957407407407406
2 0.6912187500000001 0.8981481481481481 0.12648958333333335 0.2037037037037037
