2 0.7006354166666667 0.4708703703703704 0.044807291666666665 0.14126851851851852
2 0.5618385416666667 0.7419722222222223 0.06095833333333334 0.26867592592592593
2 0.5212083333333334 0.6455462962962963 0.05886458333333333 0.24618518518518517
2 0.5310104166666666 0.4804537037037037 0.043046875000000005 0.18266666666666667
2 0.74378125 0.46447222222222223 0.045671875 0.1507037037037037
2 0.8197395833333334 0.4477314814814815 0.043421875000000006 0.11351851851851852
2 0.8590885416666667 0.4350185185185185 0.036708333333333336 0.1288425925925926
2 0.8957447916666667 0.43149074074074073 0.03918229166666667 0.12917592592592592
2 0.9340989583333333 0.42879629629629634 0.032567708333333334 0.13120370370370368
2 0.9677708333333332 0.4252592592592592 0.03532291666666666 0.13153703703703704
2 0.43705208333333334 0.28691666666666665 0.030140624999999997 0.12893518518518518
2 0.5249947916666666 0.25049074074074074 0.024765625 0.10421296296296297
2 0.366265625 0.2233611111111111 0.020609375 0.07197222222222223
2 0.4200416666666667 0.18035185185185185 0.019359375 0.06825925925925926
2 0.45724479166666665 0.18726851851851853 0.0196875 0.0862037037037037
2 0.49528645833333335 0.17997222222222223 0.019385416666666665 0.08397222222222223
2 0.476 0.16735185185185186 0.019010416666666665 0.07930555555555556
2 0.4846302083333333 0.13294444444444445 0.015432291666666665 0.06399074074074074
2 0.5085989583333334 0.12210185185185185 0.015916666666666666 0.06699074074074074
2 0.5265416666666667 0.09152777777777778 0.014765625000000001 0.05522222222222222
2 0.5058854166666666 0.09269444444444444 0.01396875 0.04727777777777778
2 0.5409583333333334 0.07212962962962964 0.0111875 0.04728703703703704
2 0.5572395833333333 0.060953703703703704 0.010197916666666666 0.04346296296296296
2 0.569921875 0.04103703703703704 0.01009375 0.0402962962962963
2 0.5972031250000001 0.04384259259259259 0.010260416666666666 0.042166666666666665
2 0.5842083333333333 0.0667962962962963 0.012046875 0.044861111111111115
2 0.5891041666666667 0.08591666666666667 0.014890625 0.04400925925925926
2 0.6089166666666667 0.16173148148148148 0.06261979166666667 0.1503611111111111
1 0.6713749999999999 0.6436944444444445 0.06716145833333333 0.19042592592592592
