2 0.5513020833333333 0.29398148148148145 0.0171875 0.049074074074074076
2 0.6738854166666666 0.49497222222222226 0.064734375 0.2074074074074074
2 0.5161458333333333 0.29305555555555557 0.017708333333333333 0.05648148148148148
2 0.5864583333333333 0.31276851851851856 0.016666666666666666 0.059657407407407416
2 0.49192708333333335 0.2632314814814815 0.017338541666666665 0.042861111111111114
2 0.6207239583333333 0.28617592592592594 0.027901041666666668 0.04880555555555555
2 0.5296875 0.38333333333333336 0.025 0.09259259259259259
2 0.5625 0.4023148148148148 0.023958333333333335 0.08981481481481482
2 0.5330729166666667 0.4837962962962963 0.030729166666666665 0.11574074074074074
2 0.23590104166666667 0.6029074074074074 0.05096875 0.17249074074074072
2 0.5588541666666667 0.5819444444444445 0.046875 0.1527777777777778
2 0.38813020833333334 0.6732777777777778 0.05230729166666667 0.1965648148148148
2 0.3365677083333333 0.5840648148148148 0.04769270833333333 0.16812037037037036
