2 0.6390625 0.043055555555555555 0.023958333333333335 0.08611111111111111
2 0.4666666666666667 0.03518518518518519 0.027083333333333334 0.07037037037037037
2 0.6483125 0.07581481481481481 0.034625 0.13355555555555557
2 0.38645833333333335 0.020370370370370372 0.025 0.040740740740740744
2 0.44609375 0.07453703703703704 0.03802083333333333 0.13425925925925927
2 0.5125 0.040740740740740744 0.03333333333333333 0.08148148148148149
2 0.540625 0.032407407407407406 0.023958333333333335 0.06111111111111111
2 0.15885416666666666 0.33935185185185185 0.059375 0.23796296296296296
2 0.5903645833333333 0.03518518518518519 0.0296875 0.07037037037037037
2 0.5666666666666667 0.11666666666666667 0.03125 0.1259259259259259
2 0.3203125 0.04722222222222222 0.03125 0.09259259259259259
2 0.46640625 0.15833333333333333 0.04114583333333333 0.1648148148148148
2 0.05807291666666667 0.7152777777777778 0.0953125 0.375
2 0.5135416666666667 0.27870370370370373 0.05 0.2037037037037037
2 0.5908854166666667 0.45601851851851855 0.0671875 0.262037037037037
2 0.3229166666666667 0.5402777777777777 0.08020833333333334 0.2935185185185185
2 0.5135416666666667 0.7907407407407407 0.09166666666666666 0.37777777777777777
