2 0.17406770833333332 0.4388240740740741 0.06108854166666667 0.21812037037037035
2 0.30461458333333336 0.3824722222222222 0.049703125 0.22367592592592592
2 0.36357812500000003 0.12916666666666668 0.023734375 0.10225000000000001
2 0.053682291666666666 0.5845925925925926 0.07165104166666666 0.28928703703703706
2 0.44992708333333337 0.4336666666666667 0.05431770833333334 0.2382314814814815
2 0.3548385416666667 0.29160185185185183 0.04419791666666666 0.16917592592592592
2 0.39348958333333334 0.21064814814814814 0.030729166666666665 0.1287037037037037
1 0.49609375 0.19431481481481483 0.148734375 0.3441759259259259
2 0.15721875000000002 0.7444444444444445 0.119640625 0.3801574074074074
2 0.25078125 0.9076759259259259 0.1265625 0.1846574074074074
2 0.5100833333333333 0.5425277777777777 0.06286979166666666 0.2683888888888889
2 0.5956822916666666 0.40753703703703703 0.05297395833333333 0.22962962962962963
2 0.37079687499999997 0.8220277777777777 0.09486458333333332 0.3559537037037037
2 0.46908333333333335 0.6992685185185186 0.08831770833333333 0.35675
2 0.17559375 0.5112407407407408 0.06398958333333334 0.23148148148148148
2 0.3296145833333333 0.27049999999999996 0.041666666666666664 0.16269444444444445
