2 0.42864583333333334 0.2601851851851852 0.017708333333333333 0.046296296296296294
2 0.611421875 0.39543518518518517 0.021203125 0.07685185185185185
2 0.6067708333333334 0.29444444444444445 0.015625 0.04814814814814815
2 0.60703125 0.3398148148148148 0.018229166666666668 0.05740740740740741
2 0.5830729166666667 0.33287037037037037 0.018229166666666668 0.058333333333333334
2 0.4669270833333333 0.31527777777777777 0.018229166666666668 0.058333333333333334
2 0.5427083333333333 0.3162037037037037 0.015625 0.05277777777777778
2 0.5765989583333333 0.49907407407407406 0.03340625 0.11666666666666667
2 0.5643229166666667 0.42453703703703705 0.0234375 0.0824074074074074
2 0.4375 0.3439814814814815 0.022916666666666665 0.07314814814814814
2 0.5028645833333333 0.38935185185185184 0.0234375 0.08055555555555556
2 0.590625 0.3845277777777778 0.020833333333333332 0.0801574074074074
2 0.55546875 0.35555555555555557 0.019270833333333334 0.06666666666666667
2 0.5346354166666667 0.4027777777777778 0.022395833333333334 0.08333333333333333
2 0.44453125 0.4777777777777778 0.03177083333333333 0.1037037037037037
2 0.519421875 0.5586018518518518 0.040921874999999996 0.14682407407407408
2 0.49140625 0.861175925925926 0.06451041666666667 0.2316111111111111
2 0.42983854166666663 0.5769166666666667 0.040921874999999996 0.1501296296296296
2 0.2529739583333333 0.8135555555555556 0.06636979166666666 0.23399074074074075
2 0.37109375 0.6734814814814815 0.05572916666666667 0.18928703703703703
2 0.6715052083333333 0.5 0.06324479166666667 0.19576851851851854
2 0.6253697916666667 0.30026851851851855 0.014135416666666668 0.044972222222222226
2 0.52578125 0.2935185185185185 0.0265625 0.05185185185185185
2 0.5557291666666667 0.2847222222222222 0.027083333333333334 0.04351851851851852
2 0.578125 0.3175925925925926 0.014583333333333334 0.06296296296296296
