2 0.48797916666666663 0.20046296296296295 0.036375000000000005 0.12314814814814815
2 0.08638541666666667 0.8100555555555555 0.08943229166666668 0.37619444444444444
2 0.45907291666666666 0.04958333333333333 0.014526041666666666 0.06563888888888889
2 0.501234375 0.27122222222222225 0.04155729166666667 0.16739814814814813
1 0.571875 0.22764814814814816 0.03511979166666667 0.15528703703703706
2 0.48294791666666664 0.08309259259259259 0.019515624999999998 0.07573148148148148
2 0.21160937500000002 0.6663333333333333 0.07916666666666666 0.33849074074074076
2 0.030989583333333334 0.7083333333333334 0.06197916666666667 0.3351851851851852
2 0.39464583333333336 0.17852777777777779 0.032546875 0.11896296296296295
2 0.31097395833333336 0.9027777777777778 0.11986458333333333 0.19074074074074074
2 0.3299479166666667 0.19722222222222222 0.03177083333333333 0.12407407407407407
2 0.47552083333333334 0.9268518518518518 0.11875 0.14444444444444443
2 0.28465104166666666 0.3610648148148148 0.04533854166666666 0.19249074074074074
2 0.5219010416666666 0.37669444444444444 0.04601041666666667 0.20524074074074075
2 0.455765625 0.3251296296296296 0.05230729166666667 0.17592592592592593
2 0.47683854166666667 0.06578703703703703 0.015078125 0.07017592592592593
2 0.3867864583333333 0.10843518518518519 0.021932291666666666 0.08333333333333333
2 0.40583854166666666 0.1172037037037037 0.021109375 0.08820370370370371
2 0.4102239583333333 0.08075925925925925 0.020010416666666666 0.08019444444444444
2 0.504796875 0.11525 0.019463541666666664 0.08625925925925926
2 0.5331666666666667 0.08211111111111112 0.020286458333333333 0.08040740740740741
2 0.42365624999999996 0.0385 0.016723958333333334 0.05848148148148148
2 0.37746875 0.04410185185185186 0.017541666666666667 0.06384259259259259
2 0.4502447916666667 0.03337962962962963 0.014526041666666666 0.05896296296296296
2 0.39281770833333335 0.06432407407407408 0.018093750000000002 0.06432407407407408
2 0.671875 0.8591296296296297 0.11309374999999999 0.28175
