2 0.6197916666666666 0.29530555555555554 0.027234374999999998 0.049074074074074076
2 0.55390625 0.3333333333333333 0.0171875 0.05925925925925926
2 0.57734375 0.32546296296296295 0.0171875 0.05277777777777778
2 0.5671875 0.3519259259259259 0.01875 0.07393518518518517
2 0.6986979166666667 0.6768518518518518 0.050520833333333334 0.17592592592592593
2 0.4640625 0.40975925925925927 0.026041666666666668 0.09714814814814815
2 0.50703125 0.37962962962962965 0.024479166666666666 0.08148148148148149
2 0.48489583333333336 0.4439814814814815 0.028125 0.10277777777777777
2 0.5489583333333333 0.4300925925925926 0.025 0.09722222222222222
2 0.4239583333333333 0.49675925925925923 0.03333333333333333 0.12685185185185185
2 0.515625 0.5092592592592593 0.029166666666666667 0.12407407407407407
2 0.5473958333333333 0.5638888888888889 0.0375 0.14444444444444443
2 0.06011979166666667 0.8383611111111111 0.10059375 0.21587037037037035
2 0.5026041666666666 0.7157407407407408 0.053125 0.20555555555555555
2 0.6098958333333333 0.7444444444444445 0.046875 0.2
2 0.46273958333333337 0.2738611111111111 0.024036458333333333 0.04772222222222222
2 0.4905833333333333 0.2638888888888889 0.021234375000000003 0.04201851851851852
2 0.5893437499999999 0.28275925925925927 0.01121875 0.047009259259259265
2 0.5484791666666666 0.2713703703703704 0.009614583333333334 0.04131481481481481
2 0.569109375 0.27920370370370373 0.009213541666666667 0.03988888888888889
2 0.5550885416666667 0.2781296296296296 0.009213541666666667 0.04487037037037037
2 0.5757187500000001 0.27208333333333334 0.008812500000000001 0.04131481481481481
2 0.6752812499999999 0.4772037037037037 0.06290104166666667 0.14387037037037037
