1 0.6 0.292787037037037 0.0125 0.05198148148148148
2 0.565625 0.2962962962962963 0.013541666666666667 0.046296296296296294
2 0.590625 0.35555555555555557 0.014583333333333334 0.05925925925925926
2 0.5916666666666667 0.4060185185185185 0.020833333333333332 0.07314814814814814
2 0.41484375 0.29398148148148145 0.022395833333333334 0.05277777777777778
2 0.5817708333333333 0.3351851851851852 0.015625 0.05740740740740741
2 0.6109375 0.3875 0.019791666666666666 0.07685185185185185
2 0.5846354166666666 0.47129629629629627 0.027604166666666666 0.11481481481481481
2 0.6979166666666666 0.6828703703703703 0.05 0.1712962962962963
2 0.32760416666666664 0.5296296296296297 0.041666666666666664 0.14074074074074075
1 0.43984375 0.5847222222222223 0.1640625 0.31203703703703706
2 0.670984375 0.4786851851851852 0.060536458333333334 0.14833333333333332
2 0.45571875 0.267 0.017125 0.03950925925925926
2 0.5564583333333334 0.2724722222222222 0.009463541666666667 0.03763888888888889
2 0.5468958333333334 0.2660277777777778 0.010375 0.03757407407407407
2 0.5390625 0.28026851851851853 0.010734374999999999 0.03757407407407407
2 0.5923385416666667 0.28282407407407406 0.009109375 0.044111111111111115
2 0.575875 0.2770648148148148 0.0114375 0.04398148148148148
2 0.6409947916666667 0.34325 0.018598958333333335 0.059527777777777784
