2 0.5794270833333334 0.2949074074074074 0.0140625 0.049074074074074076
2 0.673734375 0.4955 0.061161458333333335 0.20635185185185187
2 0.56875 0.3081388888888889 0.017557291666666665 0.05938888888888889
2 0.55 0.29259259259259257 0.014583333333333334 0.04814814814814815
2 0.5487708333333334 0.3814166666666667 0.024630208333333334 0.09061111111111111
2 0.49114583333333334 0.3912037037037037 0.023958333333333335 0.08796296296296297
2 0.5257447916666667 0.5144814814814814 0.03482291666666667 0.13452777777777777
2 0.7028645833333333 0.6833333333333333 0.063765625 0.17672222222222222
2 0.3300208333333333 0.6677870370370371 0.04918229166666667 0.1816111111111111
2 0.34140625 0.8078703703703703 0.058854166666666666 0.21388888888888888
2 0.6320677083333333 0.29232407407407407 0.02753125 0.05026851851851852
2 0.5183802083333333 0.2819814814814815 0.027901041666666668 0.045064814814814814
2 0.539453125 0.25357407407407406 0.011015625 0.03453703703703703
