2 0.5552083333333333 0.3360648148148148 0.014583333333333334 0.06489814814814815
2 0.4783854166666667 0.31805555555555554 0.0171875 0.058333333333333334
2 0.49192708333333335 0.3365740740740741 0.0171875 0.06388888888888888
2 0.5671875 0.3351851851851852 0.016666666666666666 0.05555555555555555
2 0.4401041666666667 0.39861111111111114 0.026041666666666668 0.08611111111111111
2 0.47161458333333334 0.4013888888888889 0.021354166666666667 0.08425925925925926
2 0.50703125 0.37083333333333335 0.019270833333333334 0.07685185185185185
2 0.53515625 0.34814814814814815 0.018229166666666668 0.06481481481481481
2 0.41640625 0.3453703703703704 0.0203125 0.07222222222222222
2 0.49336458333333333 0.4069166666666667 0.023187500000000003 0.09727777777777778
2 0.5971354166666667 0.3699074074074074 0.021354166666666667 0.0712962962962963
2 0.552953125 0.4163611111111111 0.026734374999999998 0.09876851851851852
2 0.4588541666666667 0.4666666666666667 0.03125 0.10925925925925926
2 0.6145833333333334 0.4597222222222222 0.028125 0.10092592592592593
2 0.38828125 0.5236111111111111 0.03802083333333333 0.1361111111111111
2 0.328125 0.524537037037037 0.03854166666666667 0.13055555555555556
2 0.5877604166666667 0.5532407407407407 0.033854166666666664 0.13240740740740742
2 0.5205729166666667 0.5236111111111111 0.03177083333333333 0.125
2 0.34921875 0.6671296296296296 0.0546875 0.15833333333333333
2 0.52109375 0.6773148148148148 0.049479166666666664 0.17685185185185184
2 0.34375 0.8472222222222222 0.07083333333333333 0.24444444444444444
2 0.491546875 0.2760925925925926 0.026312500000000003 0.045620370370370374
2 0.5175520833333334 0.2775648148148148 0.027979166666666666 0.04548148148148148
2 0.6002239583333334 0.27293518518518517 0.01103125 0.04632407407407407
2 0.673546875 0.474824074074074 0.056984375 0.15605555555555556
2 0.6380208333333334 0.32804629629629634 0.014135416666666668 0.05555555555555555
2 0.5755208333333334 0.29228703703703707 0.009375 0.04382407407407407
2 0.5835052083333333 0.28425925925925927 0.008682291666666668 0.04382407407407407
2 0.5534739583333333 0.26141666666666663 0.008333333333333333 0.032712962962962965
2 0.54375 0.2521574074074074 0.007640625 0.032712962962962965
2 0.5505208333333333 0.2228425925925926 0.014932291666666668 0.022222222222222223
2 0.6034739583333334 0.21975 0.015973958333333333 0.023453703703703702
2 0.5725677083333333 0.24845370370370368 0.007640625 0.030250000000000003
2 0.5399322916666667 0.31296296296296294 0.014583333333333334 0.05678703703703704
2 0.45 0.3728425925925926 0.020140625000000002 0.07407407407407407
