2 0.5809895833333333 0.35 0.015104166666666667 0.06296296296296296
2 0.6078125 0.399537037037037 0.021875 0.08611111111111111
2 0.5895833333333333 0.3773148148148148 0.016666666666666666 0.0712962962962963
2 0.4471354166666667 0.4590648148148148 0.0265625 0.10887037037037037
2 0.3684895833333333 0.425 0.025520833333333333 0.09444444444444444
2 0.621875 0.3398148148148148 0.016666666666666666 0.06111111111111111
2 0.5598958333333334 0.40555555555555556 0.021875 0.08703703703703704
1 0.5174479166666667 0.30462962962962964 0.06822916666666666 0.1425925925925926
2 0.3770833333333333 0.4844537037037037 0.03229166666666667 0.11627777777777777
2 0.55390625 0.5155462962962962 0.028645833333333332 0.1310925925925926
2 0.4830729166666667 0.5074074074074074 0.0328125 0.13148148148148148
2 0.5169270833333334 0.55 0.030729166666666665 0.13518518518518519
2 0.42265625 0.5402777777777777 0.0328125 0.1361111111111111
2 0.5572916666666666 0.6995370370370371 0.04375 0.18796296296296297
2 0.6727187499999999 0.48120370370370374 0.0570625 0.16573148148148148
2 0.600578125 0.3002222222222222 0.013479166666666665 0.05067592592592592
2 0.564234375 0.3015555555555556 0.01196875 0.05642592592592592
