2 0.6371822916666667 0.8714166666666666 0.08456770833333334 0.2571759259259259
2 0.47716666666666663 0.3701388888888889 0.033276041666666666 0.15092592592592594
2 0.7016302083333333 0.47187962962962965 0.04471354166666666 0.1358888888888889
2 0.7443489583333334 0.4654814814814815 0.042640625 0.1453148148148148
2 0.8943229166666666 0.4315740740740741 0.03634375 0.12564814814814815
2 0.9324427083333333 0.42879629629629634 0.039671875 0.13120370370370368
2 0.9663020833333333 0.42274074074074075 0.034468750000000006 0.12649074074074076
2 0.10963541666666667 0.511425925925926 0.05030729166666667 0.17793518518518517
2 0.1686875 0.43106481481481485 0.04966145833333333 0.14685185185185184
2 0.30853125 0.29786111111111113 0.031427083333333335 0.11377777777777777
2 0.541 0.10946296296296296 0.019281250000000003 0.06660185185185186
2 0.5733437499999999 0.1148425925925926 0.01521875 0.06256481481481481
2 0.6099479166666666 0.12099074074074073 0.019682291666666667 0.06373148148148149
2 0.58125 0.08068518518518518 0.016453125 0.05349074074074074
2 0.553359375 0.062425925925925926 0.017291666666666667 0.046268518518518514
2 0.5922864583333334 0.031629629629629626 0.011432291666666667 0.04056481481481482
2 0.5089895833333333 0.07402777777777778 0.05109375 0.11055555555555556
2 0.40566145833333334 0.23187962962962963 0.09860416666666666 0.18181481481481482
2 0.3569322916666666 0.31174074074074076 0.10322916666666666 0.16005555555555556
2 0.8713125 0.54675 0.257375 0.2856203703703704
