2 0.6338541666666667 0.3402777777777778 0.01875 0.06018518518518518
2 0.5684895833333333 0.29212962962962963 0.0140625 0.04537037037037037
2 0.5348958333333333 0.26944444444444443 0.0125 0.03888888888888889
2 0.55 0.28564814814814815 0.014583333333333334 0.04722222222222222
2 0.565625 0.33796296296296297 0.01875 0.06296296296296296
2 0.04140625 0.9277777777777778 0.0828125 0.14074074074074075
2 0.4328125 0.45694444444444443 0.03125 0.1175925925925926
2 0.15859375 0.9282407407407407 0.08489583333333334 0.1398148148148148
2 0.5078125 0.5796296296296296 0.03854166666666667 0.15185185185185185
2 0.27682291666666664 0.9166666666666666 0.0703125 0.16296296296296298
2 0.23203125 0.7763888888888889 0.0640625 0.21203703703703702
2 0.40651041666666665 0.6231481481481481 0.0421875 0.16111111111111112
2 0.6738229166666667 0.48499999999999993 0.06274479166666666 0.16096296296296297
2 0.5084114583333333 0.26380555555555557 0.017859375 0.03969444444444444
1 0.5635833333333333 0.20702777777777778 0.01592708333333333 0.03725925925925926
