2 0.6738072916666666 0.4972870370370371 0.061307291666666666 0.2038333333333333
2 0.6185989583333333 0.315212962962963 0.016369791666666668 0.0582037037037037
2 0.471875 0.38935185185185184 0.025 0.06574074074074074
2 0.41871354166666663 0.3548981481481482 0.018677083333333334 0.07883333333333334
2 0.5784947916666667 0.3600555555555556 0.021578125 0.0793611111111111
2 0.5003697916666667 0.3661388888888889 0.021578125 0.07857407407407407
2 0.5427083333333333 0.3226851851851852 0.016666666666666666 0.06388888888888888
2 0.5635416666666667 0.39993518518518517 0.021875 0.09246296296296297
2 0.45863020833333334 0.9097222222222222 0.07425520833333334 0.1787037037037037
2 0.615515625 0.8619722222222221 0.06540104166666666 0.2371759259259259
1 0.4203125 0.5875648148148148 0.18883854166666666 0.3529074074074074
2 0.6417395833333334 0.29894444444444446 0.014135416666666668 0.05290740740740741
2 0.505578125 0.29364814814814816 0.02753125 0.044972222222222226
2 0.5435260416666666 0.2903425925925926 0.024552083333333332 0.051583333333333335
