2 0.5380208333333333 0.28703703703703703 0.013541666666666667 0.046296296296296294
2 0.54375 0.31805555555555554 0.014583333333333334 0.05462962962962963
2 0.5653645833333333 0.30972222222222223 0.015104166666666667 0.05462962962962963
2 0.5916666666666667 0.30324074074074076 0.014583333333333334 0.05277777777777778
2 0.56171875 0.3712314814814815 0.019270833333333334 0.07764814814814815
2 0.6098958333333333 0.340212962962963 0.017708333333333333 0.06746296296296296
2 0.5106770833333333 0.37149074074074073 0.0203125 0.08002777777777778
2 0.48991666666666667 0.8828703703703704 0.06421354166666667 0.23425925925925925
2 0.48932291666666666 0.3458333333333333 0.0203125 0.0712962962962963
2 0.4630208333333333 0.3638888888888889 0.021875 0.07777777777777778
2 0.5856770833333333 0.4559537037037037 0.0234375 0.1082037037037037
2 0.41108854166666664 0.2751296296296296 0.02753125 0.044972222222222226
2 0.5457604166666666 0.24669444444444444 0.011161458333333334 0.03306481481481482
2 0.6726197916666667 0.4933888888888889 0.061010416666666664 0.20899074074074075
