2 0.46328125 0.0712962962962963 0.0296875 0.09814814814814815
2 0.48854166666666665 0.06620370370370371 0.03125 0.11018518518518519
2 0.45409375 0.1764537037037037 0.040328125000000006 0.17725000000000002
2 0.419234375 0.15105555555555555 0.04114583333333333 0.1661388888888889
2 0.3502604166666667 0.1685185185185185 0.044270833333333336 0.14629629629629629
2 0.5854166666666667 0.24722222222222223 0.041666666666666664 0.1648148148148148
2 0.6861614583333334 0.18875925925925927 0.03571354166666666 0.1648148148148148
2 0.47890625 0.2345925925925926 0.04114583333333333 0.20727777777777778
2 0.6383177083333333 0.06428703703703705 0.035265624999999995 0.1285740740740741
2 0.37328645833333335 0.3293611111111111 0.06428645833333334 0.1912685185185185
2 0.320421875 0.2949722222222222 0.063765625 0.21931481481481482
2 0.27570833333333333 0.19067592592592594 0.04724479166666666 0.18716666666666665
2 0.2171875 0.20879629629629629 0.05416666666666667 0.20172222222222225
2 0.38370312500000003 0.47989814814814813 0.07366145833333333 0.22725
2 0.5656614583333333 0.3646851851851852 0.06673958333333332 0.23253703703703701
2 0.521765625 0.32024074074074077 0.06019270833333333 0.23174999999999998
2 0.715515625 0.3654074074074074 0.060046875000000006 0.2358425925925926
2 0.12782812500000001 0.34953703703703703 0.06071354166666666 0.23663888888888887
2 0.6336302083333333 0.5181851851851852 0.08065625000000001 0.2853148148148148
2 0.11607291666666668 0.5996018518518519 0.10699479166666667 0.32249074074074074
2 0.3995520833333333 0.11838888888888889 0.029760416666666668 0.17063888888888887
2 0.39285937499999996 0.07275 0.026786458333333332 0.14021296296296296
2 0.42745312500000004 0.06349074074074074 0.03199479166666667 0.12698148148148147
2 0.5978437499999999 0.051583333333333335 0.03199479166666667 0.10317592592592593
