2 0.47682291666666665 0.4013888888888889 0.019270833333333334 0.08055555555555556
2 0.39505208333333336 0.36527777777777776 0.019270833333333334 0.07314814814814814
1 0.5643229166666667 0.3314814814814815 0.10052083333333334 0.1537037037037037
2 0.4890625 0.45555555555555555 0.027083333333333334 0.10740740740740741
2 0.2911458333333333 0.4986111111111111 0.030208333333333334 0.12129629629629629
2 0.3703125 0.3912037037037037 0.023958333333333335 0.08796296296296297
2 0.58671875 0.49537037037037035 0.0296875 0.12222222222222222
2 0.428125 0.44166666666666665 0.03125 0.1037037037037037
2 0.5361979166666667 0.5037037037037037 0.0296875 0.1259259259259259
2 0.4315104166666667 0.6 0.0421875 0.1574074074074074
2 0.6714947916666667 0.4823333333333333 0.05635416666666667 0.16068518518518518
2 0.27269270833333337 0.9430000000000001 0.08513541666666667 0.114
