2 0.07110416666666668 0.609 0.072125 0.28991666666666666
2 0.37265625 0.2186759259259259 0.0390625 0.13302777777777777
2 0.5075520833333333 0.1675925925925926 0.024479166666666666 0.0962962962962963
2 0.3375 0.18935185185185185 0.027083333333333334 0.0824074074074074
2 0.3897552083333334 0.15787037037037038 0.025348958333333334 0.10771296296296295
2 0.44583333333333336 0.14537037037037037 0.021875 0.07592592592592592
2 0.3971354166666667 0.4398148148148148 0.0578125 0.17962962962962964
2 0.296875 0.18796296296296297 0.03854166666666667 0.1037037037037037
1 0.49895833333333334 0.07889814814814815 0.07321354166666666 0.15780555555555556
2 0.4434895833333333 0.2310185185185185 0.034895833333333334 0.1398148148148148
2 0.01328125 0.4699074074074074 0.0265625 0.20277777777777778
2 0.5497395833333333 0.20062037037037037 0.024479166666666666 0.11543518518518518
2 0.23288541666666665 0.5707685185185185 0.06934375 0.2955
2 0.25677083333333334 0.20416666666666666 0.03333333333333333 0.10833333333333334
2 0.4140625 0.14428703703703705 0.028125 0.10956481481481481
2 0.576390625 0.35725 0.05555729166666667 0.17376851851851852
2 0.4583333333333333 0.3913611111111111 0.09514062499999999 0.24876851851851853
2 0.48802083333333335 0.22576851851851854 0.03368229166666667 0.1299351851851852
2 0.5210052083333333 0.30200925925925926 0.037848958333333335 0.17252777777777778
2 0.40305208333333337 0.6445740740740741 0.06859895833333333 0.2904722222222222
2 0.5052083333333334 0.6298981481481482 0.06875 0.3068796296296296
2 0.18236458333333333 0.4162037037037037 0.051932291666666665 0.2064814814814815
2 0.5550364583333334 0.5100277777777779 0.06770833333333333 0.2262314814814815
2 0.44609375 0.825 0.09322916666666667 0.35
2 0.1554375 0.6485092592592593 0.099703125 0.32804629629629634
2 0.3543385416666667 0.14660185185185187 0.022567708333333332 0.10185185185185185
2 0.35381770833333337 0.1037037037037037 0.01875 0.07037037037037037
1 0.5758697916666667 0.23919444444444443 0.030901041666666667 0.1388888888888889
2 0.6722447916666667 0.8571388888888889 0.11086458333333334 0.28571296296296295
2 0.5900312499999999 0.17526851851851852 0.023807291666666668 0.11772222222222223
2 0.5699427083333333 0.16203703703703703 0.023807291666666668 0.10713888888888888
2 0.4192708333333333 0.09524074074074074 0.018598958333333335 0.08200925925925925
