2 0.07785416666666665 0.13512962962962963 0.155703125 0.27025925925925925
2 0.196640625 0.4330833333333334 0.05803125 0.24233333333333335
2 0.2121875 0.22593518518518518 0.04745833333333334 0.20766666666666667
2 0.31123958333333335 0.23197222222222222 0.054593749999999996 0.20121296296296295
2 0.406625 0.21814814814814815 0.042229166666666665 0.19517592592592592
2 0.4418229166666666 0.16139814814814815 0.039713541666666664 0.1711851851851852
2 0.45279166666666665 0.10184259259259258 0.030406250000000003 0.14157407407407407
2 0.41806770833333334 0.037907407407407404 0.030395833333333334 0.07582407407407407
2 0.5357864583333334 0.11173148148148149 0.034932291666666664 0.15826851851851853
2 0.5589895833333334 0.07509259259259259 0.03272916666666667 0.15018518518518517
2 0.6607291666666666 0.5582314814814815 0.06606770833333334 0.2950925925925926
