2 0.51484375 0.27870370370370373 0.019270833333333334 0.046296296296296294
2 0.475 0.2657407407407407 0.020833333333333332 0.046296296296296294
2 0.49661458333333336 0.2759259259259259 0.015104166666666667 0.05
2 0.553125 0.3384259259259259 0.016666666666666666 0.06018518518518518
2 0.61640625 0.32083333333333336 0.015104166666666667 0.05277777777777778
2 0.571875 0.325 0.015625 0.06111111111111111
2 0.578125 0.5226851851851851 0.029166666666666667 0.10648148148148148
2 0.5299479166666666 0.32592592592592595 0.030729166666666665 0.05555555555555555
2 0.6106770833333334 0.45601851851851855 0.025520833333333333 0.09537037037037037
2 0.6197916666666666 0.3712962962962963 0.01875 0.07037037037037037
2 0.59375 0.375 0.01875 0.07407407407407407
2 0.6197916666666666 0.5662037037037037 0.03125 0.1361111111111111
2 0.51328125 0.55 0.0328125 0.1388888888888889
2 0.4778645833333333 0.663425925925926 0.0453125 0.15833333333333333
2 0.58125 0.6212962962962963 0.035416666666666666 0.1574074074074074
2 0.31536458333333334 0.5592592592592592 0.03802083333333333 0.14444444444444443
2 0.4859375 0.8277777777777777 0.058333333333333334 0.21851851851851853
2 0.390625 0.624537037037037 0.042708333333333334 0.1638888888888889
2 0.2671875 0.8305555555555556 0.06145833333333333 0.22407407407407406
2 0.6731145833333334 0.47854629629629636 0.057854166666666665 0.15423148148148147
