2 0.5570416666666667 0.1358425925925926 0.025536458333333335 0.10238888888888889
2 0.613296875 0.34790740740740744 0.047526041666666664 0.19677777777777777
2 0.375 0.14138888888888887 0.020833333333333332 0.09871296296296296
2 0.11145833333333334 0.4791666666666667 0.059375 0.24166666666666667
2 0.43359375 0.43194444444444446 0.0484375 0.18796296296296297
2 0.40651041666666665 0.11990740740740741 0.0203125 0.08981481481481482
1 0.50625 0.0625 0.065625 0.12314814814814815
2 0.39166666666666666 0.16077777777777777 0.021875 0.1173425925925926
2 0.4513020833333333 0.11018518518518519 0.018229166666666668 0.08333333333333333
2 0.5445729166666666 0.32473148148148145 0.04852083333333333 0.16164814814814815
2 0.4895833333333333 0.30648148148148147 0.034375 0.14814814814814814
2 0.30182291666666666 0.23425925925925925 0.11614583333333334 0.26851851851851855
2 0.46171875 0.3449074074074074 0.043229166666666666 0.1787037037037037
2 0.5197916666666667 0.5274814814814814 0.06041666666666667 0.2876296296296296
2 0.34010416666666665 0.5101851851851852 0.065625 0.26666666666666666
2 0.41692708333333334 0.28564814814814815 0.03697916666666667 0.16018518518518518
2 0.315625 0.736574074074074 0.07916666666666666 0.36018518518518516
2 0.38828125 0.8323518518518519 0.09010416666666667 0.3278888888888889
2 0.43072916666666666 0.6185185185185185 0.06875 0.3
2 0.67075 0.8457777777777779 0.10520833333333333 0.30844444444444447
2 0.41940625 0.0432037037037037 0.017453125 0.07366666666666667
2 0.4331041666666666 0.03885185185185185 0.015328125 0.07113888888888889
2 0.38882291666666663 0.05358333333333333 0.017052083333333336 0.06974074074074073
