2 0.6052083333333333 0.4046296296296296 0.021875 0.08148148148148149
2 0.60546875 0.5013888888888889 0.030729166666666665 0.1175925925925926
2 0.30364583333333334 0.5069444444444444 0.03854166666666667 0.13055555555555556
2 0.565625 0.6625 0.046875 0.1712962962962963
2 0.3609375 0.5740740740740741 0.04479166666666667 0.14814814814814814
2 0.55234375 0.8652777777777778 0.0515625 0.22685185185185186
2 0.18255208333333334 0.887962962962963 0.0953125 0.22037037037037038
2 0.6735104166666667 0.47987037037037034 0.058640625 0.15998148148148147
2 0.438546875 0.3014814814814815 0.012328125 0.05937962962962962
2 0.60140625 0.31636111111111115 0.013401041666666667 0.052083333333333336
2 0.6130885416666667 0.3002962962962963 0.008979166666666667 0.04773148148148148
