2 0.33255208333333336 0.1310185185185185 0.0234375 0.08611111111111111
2 0.53984375 0.17900925925925928 0.024479166666666666 0.11975925925925926
2 0.559625 0.16696296296296295 0.019255208333333333 0.11237962962962963
2 0.30586458333333333 0.17255555555555557 0.02422916666666667 0.10302777777777777
2 0.37605208333333334 0.15710185185185185 0.023973958333333333 0.10987962962962963
2 0.3123802083333333 0.2811018518518518 0.03934895833333333 0.16557407407407407
2 0.22135416666666666 0.2791666666666667 0.042708333333333334 0.14166666666666666
2 0.34647916666666667 0.20414814814814813 0.03045833333333333 0.12132407407407407
2 0.12291666666666666 0.9263888888888889 0.12395833333333334 0.14722222222222223
2 0.41523958333333333 0.15180555555555555 0.022145833333333333 0.10749074074074075
2 0.258484375 0.5276481481481482 0.06280208333333333 0.2835833333333333
2 0.5908593750000001 0.25234259259259256 0.032859375 0.15087037037037038
2 0.5523333333333333 0.3194722222222222 0.04015104166666667 0.19068518518518518
2 0.43204166666666666 0.536787037037037 0.059911458333333334 0.25236111111111115
2 0.07631770833333333 0.6584722222222222 0.09326041666666667 0.34046296296296297
2 0.4936302083333333 0.6777222222222222 0.071640625 0.3297407407407407
2 0.35494791666666664 0.6796018518518518 0.07552083333333333 0.34450000000000003
2 0.36484375 0.30757407407407406 0.044270833333333336 0.17559259259259258
2 0.5046875 0.41939814814814813 0.04895833333333333 0.2130462962962963
2 0.25821354166666666 0.8270462962962963 0.10393229166666668 0.34035185185185185
2 0.6141197916666666 0.7035092592592592 0.052708333333333336 0.27391666666666664
2 0.6836145833333334 0.8504074074074075 0.08579166666666667 0.29918518518518517
2 0.19088541666666667 0.4668981481481482 0.06561458333333334 0.27291666666666664
2 0.25268229166666667 0.31846296296296295 0.039906250000000004 0.17975
2 0.2822395833333333 0.2660648148148148 0.03130729166666667 0.15827777777777777
2 0.273203125 0.35606481481481483 0.046223958333333336 0.17470370370370372
1 0.40394270833333334 0.030898148148148147 0.059437500000000004 0.061796296296296294
