2 0.5752604166666667 0.34090740740740744 0.0171875 0.06448148148148149
2 0.5364583333333334 0.300462962962963 0.027083333333333334 0.05092592592592592
2 0.5572916666666666 0.3212962962962963 0.015625 0.05740740740740741
2 0.4940104166666667 0.41860185185185184 0.027604166666666666 0.10337037037037038
2 0.6067708333333334 0.33194444444444443 0.015625 0.05648148148148148
2 0.38671875 0.41388888888888886 0.024479166666666666 0.09814814814814815
2 0.58359375 0.4041666666666667 0.022395833333333334 0.08611111111111111
2 0.5432291666666667 0.4527777777777778 0.028125 0.10925925925925926
2 0.5802083333333333 0.5666666666666667 0.03958333333333333 0.15
2 0.37703125 0.9198518518518519 0.07853125 0.1602962962962963
2 0.6557239583333333 0.3474722222222222 0.03425 0.08731481481481482
