2 0.3776041666666667 0.6041666666666666 0.16770833333333332 0.43425925925925923
2 0.5228072916666666 0.16612962962962963 0.024781249999999998 0.09736111111111112
2 0.39479166666666665 0.13071296296296295 0.020833333333333332 0.09228703703703704
2 0.47109375 0.14648148148148146 0.0234375 0.10704629629629629
2 0.3234375 0.17935185185185185 0.026041666666666668 0.10982407407407407
2 0.37005208333333334 0.1561759259259259 0.024479166666666666 0.10802777777777778
2 0.4466145833333333 0.17029629629629628 0.0265625 0.1075462962962963
2 0.4434895833333333 0.29814814814814816 0.034895833333333334 0.15185185185185185
2 0.16822916666666668 0.5267407407407407 0.06145833333333333 0.2705925925925926
2 0.19375 0.24444444444444444 0.0375 0.11481481481481481
2 0.1203125 0.3957037037037037 0.046875 0.14512037037037037
2 0.23360416666666667 0.20155555555555557 0.029703125 0.11170370370370371
2 0.3458333333333333 0.18714814814814815 0.027083333333333334 0.12385185185185184
2 0.10209375000000001 0.6464074074074074 0.08230729166666667 0.3479259259259259
2 0.48046875 0.7765 0.08802083333333334 0.37522222222222223
2 0.5638020833333334 0.28300925925925924 0.03177083333333333 0.14694444444444443
2 0.29766666666666663 0.21792592592592594 0.029703125 0.1289537037037037
2 0.10363541666666666 0.2923148148148148 0.052098958333333334 0.15426851851851853
2 0.047135416666666666 0.8444444444444444 0.09427083333333333 0.3074074074074074
2 0.19817708333333334 0.4268240740740741 0.04739583333333333 0.20746296296296296
2 0.3265625 0.3476851851851852 0.04375 0.16574074074074074
2 0.4942708333333333 0.2075648148148148 0.03125 0.13487962962962963
2 0.5502604166666667 0.43810185185185185 0.05364583333333333 0.22935185185185183
2 0.5309895833333333 0.26151851851851854 0.0296875 0.1454814814814815
2 0.25729166666666664 0.387037037037037 0.05 0.1962962962962963
2 0.5111979166666667 0.8689814814814815 0.0890625 0.262037037037037
2 0.48880208333333336 0.35635185185185186 0.0421875 0.20765740740740743
2 0.6121822916666667 0.7034351851851852 0.04710416666666666 0.2768611111111111
2 0.6851145833333334 0.856574074074074 0.092265625 0.2868425925925926
1 0.5890989583333333 0.19535185185185183 0.02696875 0.13414814814814816
2 0.19522395833333334 0.3321388888888889 0.044307291666666665 0.12994444444444445
2 0.416015625 0.1058425925925926 0.021083333333333332 0.09710185185185186
1 0.4919427083333333 0.03440740740740741 0.04446354166666667 0.06880555555555556
