2 0.5828489583333333 0.4003333333333333 0.046203125 0.21547222222222223
2 0.5088541666666667 0.2829351851851852 0.03125 0.14894444444444446
2 0.2375 0.4675925925925926 0.052083333333333336 0.2388888888888889
2 0.134375 0.3226851851851852 0.046875 0.1175925925925926
2 0.27183854166666666 0.19549999999999998 0.029093749999999998 0.11084259259259259
2 0.5589270833333334 0.2698425925925926 0.032739583333333336 0.16666666666666666
2 0.20338541666666668 0.3476851851851852 0.04739583333333333 0.15833333333333333
2 0.3033854166666667 0.24749074074074076 0.0328125 0.12910185185185186
2 0.2591145833333333 0.3218888888888889 0.04635416666666667 0.1821388888888889
2 0.371203125 0.18049074074074076 0.03199479166666667 0.11494444444444445
2 0.3925989583333333 0.5796296296296296 0.06897395833333334 0.28888888888888886
2 0.534375 0.45469444444444446 0.053125 0.2257962962962963
2 0.5083333333333333 0.7289722222222222 0.075 0.35687962962962966
2 0.45078125 0.8198425925925925 0.09635416666666667 0.3566111111111111
2 0.32369791666666664 0.39093518518518516 0.04739583333333333 0.20277777777777778
2 0.18638541666666666 0.53175 0.06324479166666667 0.2645462962962963
2 0.12351041666666666 0.6163981481481482 0.07886979166666667 0.33862037037037035
2 0.03125 0.7374351851851851 0.0625 0.24735185185185185
2 0.068453125 0.5595277777777777 0.07291666666666667 0.2883611111111111
2 0.135046875 0.4484166666666667 0.057291666666666664 0.2037037037037037
2 0.11793229166666667 0.39947222222222223 0.04984895833333333 0.16931481481481483
2 0.2265625 0.2962962962962963 0.04241145833333334 0.15608333333333332
2 0.23140104166666667 0.19973148148148148 0.037203125000000004 0.10846296296296297
2 0.31956770833333337 0.18981481481481483 0.021578125 0.10713888888888888
1 0.34189062499999995 0.16732407407407407 0.023067708333333332 0.10978703703703703
2 0.4322916666666667 0.09920370370370371 0.01934375 0.08730555555555557
2 0.5357135416666666 0.2374351851851852 0.03571354166666666 0.1388888888888889
2 0.6201614583333334 0.3584629629629629 0.03943229166666666 0.19312037037037036
2 0.6142135416666666 0.7070092592592593 0.05431770833333334 0.26587037037037037
2 0.6837812499999999 0.876324074074074 0.10119270833333333 0.244712962962963
2 0.38839062500000004 0.1289722222222222 0.023807291666666668 0.09920370370370371
