2 0.3416666666666667 0.13425925925925927 0.03125 0.09444444444444444
2 0.54375 0.15462962962962962 0.021875 0.09259259259259259
2 0.27578125 0.31712962962962965 0.0390625 0.16018518518518518
2 0.30052083333333335 0.16527777777777777 0.030208333333333334 0.08611111111111111
2 0.4348958333333333 0.10231481481481482 0.021875 0.0824074074074074
2 0.5786458333333333 0.18194444444444444 0.023958333333333335 0.09722222222222222
2 0.515625 0.1983425925925926 0.026041666666666668 0.11626851851851851
2 0.10182291666666667 0.5291666666666667 0.06510416666666667 0.25833333333333336
2 0.35 0.22361111111111112 0.03333333333333333 0.13240740740740742
2 0.32734375 0.274537037037037 0.03697916666666667 0.15462962962962962
2 0.39166666666666666 0.15938888888888889 0.023958333333333335 0.10343518518518519
2 0.24296875 0.26064814814814813 0.0359375 0.14166666666666666
2 0.215625 0.3976851851851852 0.04479166666666667 0.20462962962962963
2 0.5548385416666667 0.5131574074074075 0.057588541666666666 0.2551574074074074
2 0.5372395833333333 0.35509259259259257 0.0453125 0.17314814814814813
2 0.4421875 0.8171296296296297 0.08854166666666667 0.36203703703703705
2 0.6134687499999999 0.7056851851851852 0.060265624999999996 0.26058333333333333
2 0.6837812499999999 0.8776481481481482 0.10565625000000001 0.244712962962963
2 0.29203645833333336 0.25 0.03496875 0.14021296296296296
2 0.40996875 0.08200925925925925 0.01934375 0.08730555555555557
2 0.37574479166666663 0.09126851851851851 0.017859375 0.08200925925925925
2 0.5595260416666666 0.1289722222222222 0.022322916666666668 0.09391666666666668
