2 0.47378125 0.2717777777777778 0.020484375 0.04719444444444444
2 0.5640625 0.28564814814814815 0.013541666666666667 0.04722222222222222
2 0.625 0.3351851851851852 0.019791666666666666 0.05925925925925926
2 0.5473958333333333 0.3 0.015625 0.05185185185185185
2 0.65546875 0.4393518518518518 0.028645833333333332 0.09537037037037037
2 0.5927083333333333 0.48148148148148145 0.029166666666666667 0.1
2 0.5239583333333333 0.33935185185185185 0.021875 0.06944444444444445
2 0.4393229166666667 0.5550925925925926 0.03697916666666667 0.12314814814814815
2 0.3919270833333333 0.4935185185185185 0.034895833333333334 0.11851851851851852
2 0.5643229166666667 0.4101851851851852 0.0265625 0.08333333333333333
2 0.5109375 0.4828703703703704 0.029166666666666667 0.11203703703703703
2 0.49375 0.38287037037037036 0.025 0.08055555555555556
2 0.4703125 0.44278703703703703 0.029166666666666667 0.10701851851851851
2 0.6041666666666666 0.5703703703703704 0.035416666666666666 0.1388888888888889
2 0.42890625 0.6620370370370371 0.044270833333333336 0.17037037037037037
2 0.36041666666666666 0.624537037037037 0.04583333333333333 0.1712962962962963
2 0.5518229166666667 0.8060185185185185 0.05572916666666667 0.21388888888888888
2 0.54375 0.5560185185185185 0.035416666666666666 0.1361111111111111
2 0.49322916666666666 0.6277777777777778 0.03854166666666667 0.15925925925925927
2 0.7036979166666666 0.6776203703703704 0.040890625 0.18819444444444444
2 0.6550416666666667 0.3448333333333333 0.03558854166666667 0.09052777777777778
