2 0.43333333333333335 0.28888888888888886 0.025 0.05185185185185185
2 0.48723958333333334 0.29814814814814816 0.016145833333333335 0.05555555555555555
2 0.5096354166666667 0.2763888888888889 0.015104166666666667 0.04722222222222222
2 0.5059895833333333 0.3388888888888889 0.0171875 0.05925925925925926
2 0.5171875 0.36342592592592593 0.019791666666666666 0.06944444444444445
2 0.5955729166666667 0.33194444444444443 0.018229166666666668 0.062037037037037036
2 0.5752604166666667 0.3388888888888889 0.0171875 0.06481481481481481
2 0.54375 0.3333333333333333 0.017708333333333333 0.06111111111111111
2 0.46822916666666664 0.3402777777777778 0.021875 0.0712962962962963
2 0.596875 0.4203703703703704 0.025 0.09074074074074075
2 0.6546875 0.4388888888888889 0.029166666666666667 0.0962962962962963
2 0.5026041666666666 0.4074074074074074 0.025 0.09259259259259259
2 0.5768229166666666 0.4671296296296296 0.025520833333333333 0.10648148148148148
2 0.7 0.6819444444444445 0.051041666666666666 0.1787037037037037
2 0.5453125 0.41805555555555557 0.023958333333333335 0.09351851851851851
2 0.190625 0.7638888888888888 0.05625 0.20185185185185187
2 0.6562604166666667 0.3461666666666667 0.03630208333333333 0.09627777777777778
2 0.5641979166666666 0.31762037037037033 0.013625 0.06077777777777778
2 0.6208645833333333 0.2920833333333333 0.012380208333333333 0.05291666666666667
2 0.5291510416666667 0.27167592592592593 0.009510416666666667 0.046046296296296294
