2 0.5169270833333334 0.022222222222222223 0.019270833333333334 0.044444444444444446
2 0.49973958333333335 0.03611111111111111 0.034895833333333334 0.07222222222222222
2 0.08020833333333334 0.1375 0.04583333333333333 0.1638888888888889
2 0.33489583333333334 0.026851851851851852 0.026041666666666668 0.053703703703703705
2 0.60859375 0.040740740740740744 0.0265625 0.08148148148148149
2 0.54375 0.20555555555555555 0.041666666666666664 0.17037037037037037
2 0.8182291666666667 0.37837037037037036 0.11711458333333334 0.23558333333333334
2 0.2513020833333333 0.2222222222222222 0.043229166666666666 0.15925925925925927
2 0.44609375 0.1685185185185185 0.050520833333333334 0.16296296296296298
2 0.6604166666666667 0.24814814814814815 0.04791666666666667 0.16666666666666666
2 0.496875 0.300462962962963 0.058333333333333334 0.18981481481481483
2 0.305359375 0.16203703703703703 0.04925520833333333 0.15185185185185185
2 0.5 0.12638888888888888 0.03958333333333333 0.1527777777777778
2 0.5484375 0.04583333333333333 0.03229166666666667 0.09166666666666666
2 0.5861979166666667 0.08425925925925926 0.03177083333333333 0.11851851851851852
2 0.04739583333333333 0.21203703703703702 0.05 0.18333333333333332
2 0.15625 0.33796296296296297 0.053125 0.21666666666666667
2 0.19322916666666667 0.15092592592592594 0.04479166666666667 0.1685185185185185
2 0.6518229166666667 0.38425925925925924 0.05572916666666667 0.22777777777777777
2 0.628125 0.14074074074074075 0.03854166666666667 0.15925925925925927
2 0.5830729166666667 0.2675925925925926 0.049479166666666664 0.19814814814814816
2 0.5231770833333333 0.4412037037037037 0.0640625 0.24537037037037038
2 0.10755208333333334 0.5032407407407408 0.0671875 0.2675925925925926
2 0.5520833333333334 0.7050925925925926 0.07708333333333334 0.32685185185185184
