2 0.5760416666666667 0.33419444444444446 0.015625 0.06468518518518518
2 0.584375 0.30277777777777776 0.015625 0.05
2 0.5651041666666666 0.36336111111111113 0.01875 0.07487037037037036
2 0.553125 0.30787037037037035 0.015625 0.05648148148148148
2 0.6546875 0.4388888888888889 0.026041666666666668 0.09259259259259259
1 0.16875 0.3050925925925926 0.09166666666666666 0.10092592592592593
2 0.6143229166666667 0.35509259259259257 0.0203125 0.06944444444444445
2 0.5364583333333334 0.3416666666666667 0.01875 0.07222222222222222
2 0.37604166666666666 0.4546296296296296 0.030208333333333334 0.10925925925925926
2 0.5528645833333333 0.42910185185185185 0.022395833333333334 0.09709259259259259
2 0.19739583333333333 0.9537037037037037 0.10520833333333333 0.08888888888888889
2 0.5994791666666667 0.43703703703703706 0.023958333333333335 0.1
2 0.4783854166666667 0.5166666666666667 0.0328125 0.13703703703703704
2 0.5450520833333333 0.5564814814814815 0.03177083333333333 0.14074074074074075
2 0.621875 0.4976851851851852 0.035416666666666666 0.12314814814814815
2 0.35078125 0.5912037037037037 0.0453125 0.1638888888888889
2 0.4427083333333333 0.6509259259259259 0.04375 0.18518518518518517
2 0.2869791666666667 0.5800925925925926 0.04375 0.1527777777777778
2 0.5377604166666666 0.7167314814814816 0.0453125 0.19457407407407407
2 0.42578125 0.8819444444444444 0.0703125 0.2324074074074074
2 0.6566979166666667 0.34694444444444444 0.035432291666666664 0.09473148148148149
