2 0.23484375 0.05685185185185185 0.1031875 0.1137037037037037
2 0.030729166666666665 0.712212962962963 0.06146354166666667 0.525888888888889
2 0.041666666666666664 0.15305555555555556 0.03801041666666667 0.18226851851851852
2 0.07063541666666667 0.20868518518518517 0.054281249999999996 0.19166666666666668
2 0.187328125 0.47391666666666665 0.06718229166666667 0.28694444444444445
2 0.40161458333333333 0.4243148148148148 0.061723958333333336 0.27109259259259255
2 0.51321875 0.7442685185185185 0.09743229166666666 0.35234259259259254
2 0.5327447916666667 0.15256481481481482 0.041005208333333334 0.17201851851851852
2 0.43621875 0.057555555555555554 0.03197916666666666 0.11511111111111111
2 0.5275364583333333 0.06837962962962962 0.03405729166666667 0.12712037037037036
2 0.5782447916666666 0.03510185185185185 0.022630208333333336 0.07021296296296296
2 0.40354687499999997 0.2679537037037037 0.04996354166666667 0.17133333333333334
