2 0.4425104166666667 0.17475925925925928 0.030130208333333335 0.11245370370370371
2 0.15677083333333333 0.2523148148148148 0.035416666666666666 0.11944444444444445
2 0.24557291666666667 0.3962962962962963 0.0484375 0.20687962962962964
2 0.18147395833333332 0.533 0.07083333333333333 0.28108333333333335
2 0.4889114583333333 0.5068796296296296 0.06488020833333333 0.23994444444444443
2 0.5406614583333333 0.1537685185185185 0.02715625 0.11098148148148149
2 0.4173854166666667 0.1559074074074074 0.02540104166666667 0.1085462962962963
2 0.5036458333333333 0.399537037037037 0.057291666666666664 0.18425925925925926
2 0.23679166666666665 0.2162037037037037 0.03578645833333333 0.11944444444444445
2 0.38958333333333334 0.2617037037037037 0.03422395833333333 0.15436111111111112
2 0.521875 0.32083333333333336 0.036458333333333336 0.15092592592592594
2 0.31826562500000005 0.2783703703703704 0.07403124999999999 0.1469537037037037
2 0.10952604166666666 0.7578055555555555 0.09315625000000001 0.37274999999999997
2 0.49375 0.274537037037037 0.03958333333333333 0.14722222222222223
2 0.17552083333333332 0.3347222222222222 0.05416666666666667 0.1527777777777778
2 0.2604166666666667 0.5955648148148148 0.06458333333333334 0.30700925925925926
2 0.115734375 0.38181481481481483 0.07165104166666666 0.19880555555555557
2 0.55625 0.23564814814814813 0.035416666666666666 0.13240740740740742
2 0.03697916666666667 0.45416666666666666 0.07395833333333333 0.18425925925925926
2 0.49159375 0.7328703703703704 0.08734895833333334 0.3638888888888889
2 0.3841145833333333 0.800861111111111 0.09947916666666666 0.37975925925925924
2 0.22102083333333333 0.8621666666666666 0.10557812500000001 0.2756574074074074
2 0.6491770833333333 0.8029074074074074 0.06770833333333333 0.2645462962962963
2 0.029015625 0.660712962962963 0.05803645833333334 0.3029074074074074
2 0.03869270833333334 0.8836018518518518 0.07738020833333333 0.23279629629629628
2 0.114953125 0.5813518518518519 0.07366145833333333 0.21561111111111111
2 0.22767708333333334 0.3373055555555556 0.049109375000000004 0.17989814814814814
2 0.2589270833333333 0.30026851851851855 0.041666666666666664 0.1534351851851852
2 0.4192708333333333 0.6283055555555556 0.095984375 0.32010185185185186
2 0.5766354166666667 0.1501296296296296 0.026786458333333332 0.10713888888888888
2 0.36495312500000004 0.2235462962962963 0.033484375000000004 0.1428611111111111
2 0.28050520833333337 0.2519814814814815 0.028276041666666665 0.1309537037037037
2 0.2942708333333333 0.17394444444444446 0.029015625 0.10978703703703703
2 0.3218020833333333 0.17394444444444446 0.02753125 0.09391666666666668
2 0.3422604166666667 0.20237962962962963 0.025296875 0.12434259259259259
2 0.3843020833333333 0.13293518518518518 0.026041666666666668 0.10185185185185185
2 0.34858854166666664 0.10317592592592593 0.020088541666666668 0.08465740740740742
