2 0.3026041666666667 0.65 0.07604166666666666 0.3148148148148148
2 0.22005208333333334 0.5909351851851852 0.0765625 0.2977592592592592
2 0.55546875 0.3851851851851852 0.049479166666666664 0.1925925925925926
2 0.5205729166666667 0.6204814814814815 0.0671875 0.30718518518518517
2 0.1231875 0.35229629629629633 0.073453125 0.17317592592592593
2 0.13541666666666666 0.7486111111111111 0.0875 0.3861111111111111
2 0.5942708333333333 0.6171296296296296 0.06770833333333333 0.3175925925925926
2 0.4786458333333333 0.1597222222222222 0.096875 0.225
2 0.4231770833333333 0.8314814814814815 0.0984375 0.3333333333333333
2 0.6543281249999999 0.5935833333333334 0.0480625 0.23
2 0.2921458333333333 0.4215833333333333 0.04938541666666666 0.23166666666666666
2 0.3333020833333334 0.38237037037037036 0.0396875 0.21187962962962964
2 0.12158854166666666 0.5243518518518518 0.05896875 0.2365833333333333
2 0.17734895833333333 0.4105648148148148 0.04375 0.20037962962962963
2 0.23823958333333334 0.3708611111111111 0.038796874999999995 0.17035185185185184
2 0.19021354166666665 0.2580648148148148 0.041703124999999994 0.15462962962962962
2 0.3676770833333334 0.26437962962962963 0.03725 0.16725925925925925
2 0.5881875 0.2725185185185185 0.03036458333333333 0.1650185185185185
2 0.5441874999999999 0.12141666666666666 0.020484375 0.09121296296296297
2 0.560171875 0.17283333333333334 0.026411458333333335 0.12306481481481481
2 0.28504166666666664 0.3035185185185185 0.03517708333333334 0.15912962962962965
2 0.2907604166666667 0.16427777777777777 0.020578125 0.11212037037037037
2 0.32710416666666664 0.1381111111111111 0.022088541666666666 0.09990740740740742
