2 0.5911458333333334 0.3375 0.015625 0.062037037037037036
2 0.53125 0.31851851851851853 0.014583333333333334 0.05740740740740741
2 0.5609375 0.35509259259259257 0.017708333333333333 0.06018518518518518
2 0.6127604166666667 0.3773148148148148 0.021354166666666667 0.07685185185185185
2 0.5140625 0.35185185185185186 0.016666666666666666 0.06666666666666667
2 0.5536614583333334 0.42012037037037037 0.026072916666666668 0.10050925925925926
2 0.4713541666666667 0.44722222222222224 0.028125 0.11296296296296296
2 0.44453125 0.41203703703703703 0.027604166666666666 0.0962962962962963
2 0.5807291666666666 0.4634259259259259 0.026041666666666668 0.11018518518518519
2 0.41510416666666666 0.5337962962962963 0.03333333333333333 0.1398148148148148
2 0.39296875 0.711574074074074 0.050520833333333334 0.1935185185185185
2 0.49114583333333334 0.663425925925926 0.052083333333333336 0.18425925925925926
2 0.5924479166666666 0.836574074074074 0.0640625 0.22870370370370371
