2 0.011197916666666667 0.425 0.022395833333333334 0.23148148148148148
2 0.4828125 0.02546296296296296 0.026041666666666668 0.049074074074074076
2 0.03723958333333333 0.26944444444444443 0.05364583333333333 0.19814814814814816
2 0.29192708333333334 0.03148148148148148 0.0359375 0.06296296296296296
2 0.14296875 0.06805555555555555 0.0421875 0.13425925925925927
2 0.11510416666666666 0.15462962962962962 0.04583333333333333 0.17037037037037037
2 0.28984375 0.14629629629629629 0.044270833333333336 0.15925925925925927
2 0.18307291666666667 0.2162037037037037 0.0484375 0.20277777777777778
2 0.3104166666666667 0.22453703703703703 0.04791666666666667 0.18611111111111112
2 0.4158854166666667 0.04814814814814815 0.0328125 0.0962962962962963
2 0.04895833333333333 0.8185185185185185 0.09791666666666667 0.3592592592592593
2 0.5052083333333334 0.056018518518518516 0.028125 0.11203703703703703
2 0.42994791666666665 0.14722222222222223 0.0421875 0.1685185185185185
2 0.5856770833333333 0.22314814814814815 0.03802083333333333 0.1814814814814815
2 0.4348958333333333 0.3347222222222222 0.059375 0.21944444444444444
2 0.5416666666666666 0.12638888888888888 0.04583333333333333 0.1638888888888889
