2 0.49505208333333334 0.3351851851851852 0.0203125 0.06296296296296296
2 0.5791666666666667 0.3476851851851852 0.01875 0.062037037037037036
2 0.22864583333333333 0.9546296296296296 0.090625 0.09074074074074075
2 0.490625 0.9388888888888889 0.078125 0.11851851851851852
2 0.55703125 0.3199074074074074 0.0171875 0.05648148148148148
2 0.53125 0.33425925925925926 0.01875 0.05925925925925926
1 0.6083333333333333 0.37916666666666665 0.021875 0.075
2 0.25677083333333334 0.6722222222222223 0.04895833333333333 0.1648148148148148
2 0.56953125 0.3939814814814815 0.0234375 0.0824074074074074
2 0.44453125 0.3263888888888889 0.024479166666666666 0.06944444444444445
2 0.5 0.3990740740740741 0.023958333333333335 0.08333333333333333
2 0.5752604166666667 0.6305555555555555 0.0390625 0.1648148148148148
2 0.5348958333333333 0.3958333333333333 0.021875 0.0824074074074074
2 0.5502604166666667 0.49583333333333335 0.0328125 0.11574074074074074
2 0.46953125 0.4412037037037037 0.030729166666666665 0.09166666666666666
2 0.28411458333333334 0.7540833333333333 0.0609375 0.2122037037037037
2 0.6567708333333333 0.5685185185185185 0.034375 0.14444444444444443
2 0.48333333333333334 0.6972222222222222 0.04375 0.18333333333333332
