2 0.40338541666666666 0.37824074074074077 0.0484375 0.20462962962962963
2 0.3809895833333333 0.4356481481481482 0.0546875 0.18055555555555555
2 0.65703125 0.5810185185185185 0.050520833333333334 0.20277777777777778
2 0.4627604166666667 0.09444444444444444 0.0234375 0.08148148148148149
2 0.31082812499999996 0.17301851851851854 0.026859375 0.09417592592592593
2 0.38013541666666667 0.16752777777777778 0.031546875 0.10833333333333334
2 0.186234375 0.6108425925925927 0.08140104166666666 0.2798981481481482
2 0.6828125 0.7611111111111111 0.07395833333333333 0.23703703703703705
2 0.14691145833333333 0.7906111111111112 0.10141145833333334 0.39444444444444443
2 0.5622395833333333 0.20833333333333334 0.027604166666666666 0.11481481481481481
2 0.5296875 0.39616666666666667 0.046875 0.21825
2 0.3086302083333334 0.3175925925925926 0.04523958333333333 0.1685185185185185
2 0.34359895833333337 0.20462962962962963 0.03184375 0.11878703703703702
2 0.281359375 0.20820370370370372 0.031026041666666667 0.1169351851851852
2 0.4671875 0.19537037037037036 0.030208333333333334 0.1111111111111111
2 0.45669791666666665 0.28247222222222224 0.032442708333333334 0.14431481481481484
2 0.4890625 0.3250648148148148 0.03125 0.15542592592592594
2 0.2689010416666667 0.3998703703703704 0.052083333333333336 0.21428703703703705
2 0.36904687500000005 0.5843888888888888 0.06398958333333334 0.26137962962962963
2 0.5680052083333333 0.47883333333333333 0.05565625 0.25026851851851856
2 0.04401041666666667 0.6523148148148148 0.08489583333333334 0.2824074074074074
2 0.22421875 0.30787037037037035 0.03802083333333333 0.15648148148148147
2 0.36804166666666666 0.930425925925926 0.14263541666666668 0.1391574074074074
2 0.4075520833333333 0.7664722222222222 0.09635416666666667 0.33425925925925926
2 0.5622760416666667 0.8819444444444444 0.10996874999999999 0.23425925925925925
2 0.484484375 0.5781759259259259 0.06584895833333333 0.28783333333333333
2 0.032364583333333335 0.8346574074074073 0.06472916666666667 0.3306851851851852
2 0.15550520833333334 0.5337314814814814 0.0625 0.23148148148148148
2 0.46168229166666663 0.43121296296296296 0.057291666666666664 0.21693518518518518
2 0.505578125 0.2612407407407407 0.037947916666666665 0.14682407407407408
2 0.41220312499999995 0.13690740740740742 0.023807291666666668 0.09920370370370371
2 0.5792395833333334 0.14351851851851852 0.02753125 0.09920370370370371
2 0.552453125 0.16137962962962962 0.033484375000000004 0.10582407407407408
2 0.340671875 0.13678703703703704 0.020359375000000002 0.0867037037037037
2 0.365765625 0.1039537037037037 0.023203124999999998 0.08333333333333333
