2 0.6583333333333333 0.5847222222222223 0.053125 0.20092592592592592
2 0.27734375 0.24027777777777778 0.030729166666666665 0.10277777777777777
2 0.43002083333333335 0.08042592592592593 0.021057291666666665 0.09021296296296297
2 0.30104166666666665 0.1865740740740741 0.029166666666666667 0.10462962962962963
2 0.3215677083333333 0.28375 0.0390625 0.16593518518518519
2 0.37526041666666665 0.19118518518518518 0.027604166666666666 0.11576851851851852
2 0.28515625 0.34431481481481485 0.0421875 0.1854537037037037
2 0.5083333333333333 0.22361111111111112 0.035416666666666666 0.11018518518518519
2 0.40404687499999997 0.13629629629629628 0.023723958333333333 0.09963888888888889
2 0.340625 0.15138888888888888 0.025 0.08796296296296297
2 0.43723958333333335 0.21712962962962962 0.033854166666666664 0.12129629629629629
2 0.20364583333333333 0.41759259259259257 0.053125 0.2037037037037037
2 0.22213541666666667 0.2564814814814815 0.03802083333333333 0.13518518518518519
2 0.48151041666666666 0.17592592592592593 0.027604166666666666 0.1037037037037037
2 0.5578125 0.1736111111111111 0.026041666666666668 0.11574074074074074
2 0.4236979166666667 0.28655555555555556 0.03802083333333333 0.15650925925925926
2 0.49661458333333336 0.31851851851851853 0.04010416666666667 0.16296296296296298
2 0.24782812499999998 0.3030277777777778 0.03540625 0.17975
2 0.6760364583333334 0.7681203703703704 0.07410937499999999 0.2765925925925926
2 0.33640624999999996 0.2296111111111111 0.03348958333333333 0.1301574074074074
2 0.38298437500000004 0.09728703703703703 0.019260416666666665 0.0861574074074074
2 0.46479166666666666 0.10310185185185185 0.021411458333333334 0.08854629629629629
2 0.044270833333333336 0.5582037037037038 0.07366145833333333 0.18783333333333335
