2 0.5197916666666667 0.025925925925925925 0.03125 0.05185185185185185
2 0.5793177083333333 0.03425925925925926 0.024703125 0.06851851851851852
2 0.8488854166666666 0.4663333333333333 0.16056770833333334 0.24695370370370368
2 0.55546875 0.02327777777777778 0.0234375 0.04655555555555556
2 0.0234375 0.7833333333333333 0.046875 0.3574074074074074
2 0.3078125 0.09602777777777777 0.04583333333333333 0.1685185185185185
2 0.5935989583333333 0.06574074074074074 0.03511979166666667 0.13148148148148148
2 0.5271197916666667 0.06435185185185185 0.038614583333333334 0.1287037037037037
2 0.4746666666666667 0.13167592592592595 0.04546354166666667 0.15780555555555556
2 0.46916145833333334 0.31660185185185186 0.06822916666666666 0.23663888888888887
2 0.25 0.046296296296296294 0.041666666666666664 0.09259259259259259
2 0.12797395833333333 0.04299074074074074 0.119046875 0.08598148148148148
