2 0.48723958333333334 0.30277777777777776 0.016145833333333335 0.05555555555555555
2 0.61640625 0.3472222222222222 0.018229166666666668 0.05740740740740741
2 0.50234375 0.3111111111111111 0.015104166666666667 0.053703703703703705
2 0.5953125 0.40925925925925927 0.019791666666666666 0.07777777777777778
2 0.4921875 0.3699074074074074 0.019791666666666666 0.06944444444444445
2 0.45297395833333337 0.4124351851851852 0.029760416666666668 0.08412962962962962
2 0.372359375 0.4207037037037037 0.031026041666666667 0.10648148148148148
2 0.48385416666666664 0.4273148148148148 0.023958333333333335 0.09537037037037037
2 0.6041666666666666 0.5978148148148148 0.0375 0.15912962962962965
2 0.5870156249999999 0.4888888888888889 0.03444791666666667 0.11587037037037037
2 0.47291666666666665 0.5430555555555555 0.0375 0.1361111111111111
2 0.40520833333333334 0.549074074074074 0.035416666666666666 0.1425925925925926
2 0.3736979166666667 0.7282407407407407 0.0546875 0.21441666666666667
2 0.5590052083333333 0.6791666666666667 0.052234375000000006 0.19139814814814815
2 0.19984895833333333 0.9101851851851852 0.09136979166666667 0.17962962962962964
