2 0.3693072916666667 0.03213888888888889 0.0421875 0.06428703703703705
2 0.7384687499999999 0.3345925925925926 0.12931770833333334 0.19510185185185186
2 0.121875 0.044314814814814814 0.03229166666666667 0.08862037037037036
2 0.41867708333333337 0.0869074074074074 0.03765104166666667 0.15528703703703706
2 0.26127083333333334 0.12579629629629632 0.05081770833333333 0.1756574074074074
1 0.5243697916666666 0.12916666666666668 0.03965625 0.15648148148148147
2 0.44628125 0.14682407407407408 0.048067708333333334 0.1751296296296296
2 0.21432291666666667 0.051916666666666667 0.034895833333333334 0.10383333333333333
2 0.5243697916666666 0.305287037037037 0.061385416666666665 0.20687962962962964
2 0.14962499999999998 0.22969444444444445 0.06413541666666667 0.19828703703703704
2 0.7485104166666667 0.10317592592592593 0.06547395833333333 0.10846296296296297
