2 0.3419270833333333 0.125 0.025520833333333333 0.08703703703703704
2 0.594046875 0.16494444444444442 0.07351041666666666 0.13360185185185183
2 0.45078125 0.034722222222222224 0.018229166666666668 0.06018518518518518
2 0.5046875 0.056018518518518516 0.019791666666666666 0.06944444444444445
2 0.4786458333333333 0.04351851851851852 0.016666666666666666 0.06666666666666667
2 0.4005208333333333 0.12361111111111112 0.03125 0.09166666666666666
2 0.473140625 0.18717592592592594 0.031697916666666666 0.12512962962962962
2 0.45784895833333333 0.8453703703703703 0.11376562500000001 0.30925925925925923
2 0.31145833333333334 0.19768518518518519 0.03333333333333333 0.11944444444444445
1 0.30755208333333334 0.1425925925925926 0.021354166666666667 0.07592592592592592
2 0.3299479166666667 0.16898148148148148 0.027604166666666666 0.10462962962962963
2 0.6525312499999999 0.5853148148148148 0.04761979166666667 0.20767592592592593
2 0.6834062500000001 0.7671944444444445 0.07068229166666667 0.27249074074074076
