2 0.415625 0.34444444444444444 0.014583333333333334 0.06666666666666667
2 0.5296875 0.32407407407407407 0.015625 0.05740740740740741
2 0.5515625 0.3282407407407407 0.016666666666666666 0.06388888888888888
2 0.58515625 0.33935185185185185 0.0171875 0.06574074074074074
2 0.43203125 0.3592592592592593 0.0171875 0.07592592592592592
2 0.4890625 0.33194444444444443 0.017708333333333333 0.06574074074074074
2 0.5177083333333333 0.3837962962962963 0.021875 0.0824074074074074
2 0.5596354166666667 0.42962962962962964 0.0234375 0.10185185185185185
2 0.5171875 0.5041666666666667 0.03125 0.13055555555555556
2 0.27005208333333336 0.8768518518518519 0.06614583333333333 0.23148148148148148
2 0.4513020833333333 0.475462962962963 0.0296875 0.11388888888888889
