2 0.5025 0.33689814814814817 0.031864583333333335 0.14000925925925928
2 0.3219791666666667 0.2755648148148148 0.029156249999999998 0.0877037037037037
2 0.7021041666666666 0.4717962962962963 0.045661458333333335 0.13941666666666666
2 0.7460520833333334 0.4714537037037037 0.03355208333333334 0.15355555555555556
2 0.7741770833333333 0.4564814814814815 0.03791666666666667 0.13302777777777777
2 0.8233385416666666 0.4559722222222222 0.038119791666666666 0.13740740740740742
2 0.86103125 0.4462962962962963 0.038510416666666665 0.13657407407407407
2 0.8953177083333334 0.43821296296296297 0.03625 0.1426388888888889
2 0.9354270833333334 0.42862962962962964 0.039385416666666666 0.13826851851851854
2 0.9667760416666666 0.42425 0.035416666666666666 0.13692592592592592
2 0.48134895833333335 0.21601851851851853 0.022453125 0.09378703703703704
2 0.3939479166666667 0.18394444444444444 0.020828125 0.07592592592592592
2 0.4435208333333333 0.15354629629629632 0.021140625000000003 0.0631111111111111
2 0.4696875 0.1487037037037037 0.017359375 0.07489814814814814
2 0.5450416666666666 0.11757407407407408 0.017026041666666665 0.06355555555555556
2 0.566765625 0.07055555555555555 0.016208333333333335 0.04822222222222222
1 0.5990260416666667 0.09090740740740741 0.015625 0.04958333333333333
1 0.16572395833333334 0.4654074074074074 0.06047916666666667 0.17125925925925928
2 0.5123072916666667 0.06955555555555556 0.011453125 0.043916666666666666
2 0.5438854166666667 0.062296296296296294 0.013416666666666667 0.04791666666666667
2 0.5960416666666667 0.29562962962962963 0.08908333333333333 0.19745370370370371
