2 0.4434895833333333 0.26296296296296295 0.03177083333333333 0.046296296296296294
2 0.42135416666666664 0.37546296296296294 0.026041666666666668 0.08611111111111111
2 0.5348958333333333 0.3625 0.01875 0.07314814814814814
2 0.5049479166666667 0.3425925925925926 0.0203125 0.06666666666666667
2 0.48854166666666665 0.3939814814814815 0.022916666666666665 0.09166666666666666
2 0.6059895833333333 0.4083333333333333 0.022395833333333334 0.09074074074074075
2 0.5419270833333333 0.41203703703703703 0.0234375 0.08703703703703704
2 0.4473958333333333 0.4041666666666667 0.026041666666666668 0.09351851851851851
2 0.28177083333333336 0.5199074074074074 0.04583333333333333 0.1398148148148148
2 0.6708333333333333 0.4847222222222222 0.027083333333333334 0.11203703703703703
2 0.5234375 0.912962962962963 0.06458333333333334 0.17222222222222222
2 0.43255208333333334 0.34120370370370373 0.022395833333333334 0.06759259259259259
