2 0.5258802083333334 0.5508981481481482 0.03965625 0.1529074074074074
2 0.67765625 0.5139907407407408 0.028302083333333335 0.12182407407407407
2 0.5656770833333333 0.37124074074074076 0.019088541666666667 0.07706481481481482
2 0.435609375 0.3343703703703704 0.016166666666666666 0.07312037037037036
1 0.46549999999999997 0.28635185185185186 0.019057291666666667 0.05259259259259259
2 0.47925 0.2901388888888889 0.026526041666666667 0.050194444444444444
2 0.5763697916666667 0.2841203703703704 0.026848958333333332 0.04669444444444444
2 0.6012135416666666 0.28314814814814815 0.025255208333333334 0.04475
2 0.55390625 0.23840740740740743 0.008374999999999999 0.029342592592592594
2 0.56059375 0.25355555555555553 0.008119791666666666 0.033999999999999996
2 0.6434114583333332 0.35408333333333336 0.03193229166666667 0.08549074074074074
