2 0.8999270833333333 0.3912037037037037 0.04494270833333334 0.1636203703703704
2 0.024739583333333332 0.4222222222222222 0.049479166666666664 0.21481481481481482
2 0.4752604166666667 0.03888888888888889 0.0328125 0.07777777777777778
2 0.36770833333333336 0.024074074074074074 0.027083333333333334 0.046296296296296294
2 0.42161458333333335 0.020833333333333332 0.0234375 0.041666666666666664
2 0.7850052083333333 0.3941111111111111 0.150671875 0.24166666666666667
2 0.18385416666666668 0.11296296296296296 0.04479166666666667 0.15185185185185185
2 0.059375 0.15 0.051041666666666666 0.1685185185185185
2 0.18489583333333334 0.22658333333333333 0.046875 0.19391666666666668
2 0.44973958333333336 0.06620370370370371 0.028645833333333332 0.12129629629629629
2 0.062203125000000005 0.6425925925925926 0.09419791666666667 0.3343888888888889
2 0.296875 0.05416666666666667 0.035416666666666666 0.10833333333333334
2 0.3893229166666667 0.8851851851851852 0.09322916666666667 0.22962962962962963
2 0.30390625 0.24861111111111112 0.0484375 0.19537037037037036
2 0.2171875 0.8592592592592593 0.09166666666666666 0.2814814814814815
2 0.5078125 0.711574074074074 0.06770833333333333 0.3101851851851852
2 0.4158854166666667 0.18425925925925926 0.0453125 0.17962962962962964
2 0.42890625 0.42453703703703705 0.0640625 0.24537037037037038
