2 0.428125 0.026851851851851852 0.023958333333333335 0.05185185185185185
2 0.3067708333333333 0.055092592592592596 0.041666666666666664 0.11018518518518519
2 0.10807291666666667 0.300462962962963 0.06302083333333333 0.21944444444444444
2 0.3572916666666667 0.09583333333333334 0.03854166666666667 0.13796296296296295
2 0.3380208333333333 0.20760185185185187 0.03958333333333333 0.1773888888888889
2 0.16289583333333332 0.3076203703703704 0.058083333333333334 0.21254629629629632
2 0.5291666666666667 0.0587962962962963 0.03333333333333333 0.11388888888888889
2 0.22942708333333334 0.2023148148148148 0.0546875 0.17314814814814813
2 0.4109375 0.11203703703703703 0.0375 0.14814814814814814
2 0.28072916666666664 0.34629629629629627 0.06041666666666667 0.20925925925925926
2 0.22630208333333332 0.7902777777777777 0.09635416666666667 0.33796296296296297
2 0.4700520833333333 0.03333333333333333 0.025520833333333333 0.06666666666666667
2 0.45729166666666665 0.16527777777777777 0.03958333333333333 0.16944444444444445
2 0.40598958333333335 0.775 0.09010416666666667 0.3537037037037037
2 0.4109375 0.3287037037037037 0.059375 0.22037037037037038
2 0.8945000000000001 0.4504814814814815 0.10131770833333334 0.2524351851851852
2 0.17505729166666667 0.043527777777777776 0.03569791666666667 0.0870462962962963
1 0.027390625000000002 0.12948148148148148 0.054781250000000004 0.24624074074074073
