2 0.16905208333333333 0.06597222222222222 0.035843749999999994 0.13194444444444445
2 0.10058854166666667 0.33894444444444444 0.06383854166666666 0.24540740740740744
2 0.0651875 0.5211203703703703 0.074640625 0.2795185185185185
2 0.2834583333333333 0.4257962962962963 0.05805729166666666 0.2709537037037037
2 0.37990625 0.3632870370370371 0.053036458333333335 0.2416296296296296
2 0.49265624999999996 0.39008333333333334 0.058041666666666665 0.2581851851851852
2 0.6072187499999999 0.5390833333333334 0.07362500000000001 0.29691666666666666
2 0.22268229166666667 0.16602777777777777 0.040671875 0.19278703703703703
2 0.3123020833333333 0.03721296296296296 0.027203124999999998 0.07441666666666667
2 0.34004687499999997 0.1350925925925926 0.04276041666666666 0.16487037037037036
2 0.44407291666666665 0.06807407407407406 0.0320625 0.13615740740740742
2 0.5096979166666666 0.11089814814814815 0.036578125 0.16275925925925927
2 0.5703958333333333 0.0287962962962963 0.022546875 0.057583333333333334
