2 0.3671510416666666 0.29947222222222225 0.046203125 0.17327777777777775
2 0.353125 0.13240740740740742 0.025 0.08518518518518518
2 0.49750520833333334 0.3580648148148148 0.053348958333333335 0.1801574074074074
2 0.31391145833333334 0.21508333333333332 0.03199479166666667 0.13148148148148148
2 0.546875 0.17063888888888887 0.025447916666666667 0.11799074074074074
2 0.3296875 0.2513888888888889 0.03125 0.13796296296296295
2 0.43203125 0.475 0.05364583333333333 0.21296296296296297
2 0.37395833333333334 0.2064814814814815 0.030208333333333334 0.0962962962962963
2 0.24401041666666667 0.25833333333333336 0.0328125 0.12037037037037036
2 0.41328125 0.17222222222222222 0.0265625 0.1037037037037037
2 0.34672395833333336 0.4355185185185185 0.05803645833333334 0.25250925925925927
2 0.2173385416666667 0.23922222222222222 0.039286458333333336 0.1358425925925926
2 0.26685416666666667 0.32295370370370374 0.04263020833333333 0.14616666666666667
2 0.442859375 0.3344537037037037 0.049109375000000004 0.14404629629629628
2 0.46015625 0.19212962962962962 0.0296875 0.11944444444444445
2 0.5030885416666666 0.7309537037037036 0.09427083333333333 0.35635185185185186
2 0.3431197916666667 0.8143518518518519 0.09769270833333334 0.3675925925925926
2 0.7068437500000001 0.8842592592592593 0.09077604166666667 0.23148148148148148
2 0.6532760416666666 0.5793611111111111 0.05505729166666666 0.21163888888888888
2 0.48734895833333336 0.5410092592592592 0.07142708333333332 0.2433888888888889
2 0.4988854166666667 0.2777777777777778 0.040921874999999996 0.1455
2 0.4341510416666667 0.09787962962962962 0.023067708333333332 0.08200925925925925
2 0.50371875 0.17923148148148146 0.028276041666666665 0.12301851851851853
2 0.48623437500000005 0.1653425925925926 0.026041666666666668 0.10846296296296297
