2 0.44805729166666663 0.44787037037037036 0.029453125 0.10612037037037036
2 0.5808697916666666 0.3326203703703704 0.021119791666666665 0.06625
2 0.6164322916666667 0.3858333333333333 0.026609375 0.08389814814814815
2 0.49296875 0.37962962962962965 0.021354166666666667 0.08148148148148149
2 0.6166666666666667 0.5472222222222223 0.03125 0.1111111111111111
2 0.4622395833333333 0.7781574074074074 0.0515625 0.22887037037037036
2 0.5770833333333333 0.49074074074074076 0.03125 0.11851851851851852
2 0.53203125 0.6592592592592592 0.04114583333333333 0.1685185185185185
2 0.5716145833333334 0.9106481481481481 0.0734375 0.175
2 0.59765625 0.6916666666666667 0.043229166666666666 0.16666666666666666
2 0.33880208333333334 0.8976851851851851 0.0765625 0.20092592592592592
