2 0.5999166666666667 0.8223425925925926 0.10794791666666666 0.35532407407407407
2 0.58384375 0.4944907407407407 0.05819791666666666 0.2628240740740741
2 0.5310625 0.2430185185185185 0.034932291666666664 0.1413611111111111
2 0.590375 0.3358703703703704 0.044182291666666665 0.1659537037037037
2 0.5533177083333333 0.4079814814814815 0.04819791666666667 0.21017592592592593
2 0.5666041666666667 0.15126851851851852 0.032052083333333335 0.10600925925925926
2 0.5135416666666667 0.20697222222222222 0.03113541666666667 0.1359351851851852
2 0.5396562500000001 0.1822314814814815 0.028161458333333333 0.11979629629629629
2 0.46433854166666666 0.06296296296296296 0.024395833333333335 0.07569444444444444
2 0.435 0.04722222222222222 0.016765625 0.07014814814814815
2 0.391765625 0.07886111111111112 0.019874999999999997 0.07416666666666666
2 0.4101354166666667 0.06413888888888888 0.019125 0.06323148148148149
2 0.3806822916666667 0.0446574074074074 0.016463541666666668 0.06687037037037037
2 0.363609375 0.03514814814814815 0.014609375 0.05896296296296296
2 0.42768229166666666 0.25493518518518515 0.03234375 0.15778703703703703
2 0.40613541666666664 0.19624999999999998 0.030916666666666665 0.08671296296296296
2 0.3737447916666667 0.1804351851851852 0.026546875 0.08470370370370371
2 0.3580729166666667 0.16237962962962962 0.02853125 0.08378703703703703
2 0.299328125 0.18636111111111112 0.037083333333333336 0.0762037037037037
2 0.23466145833333335 0.41614814814814816 0.40815104166666666 0.41926851851851854
2 0.043645833333333335 0.35764814814814816 0.08729166666666667 0.1781574074074074
