2 0.4479166666666667 0.025925925925925925 0.014583333333333334 0.04814814814814815
2 0.404703125 0.1160925925925926 0.021906250000000002 0.103
2 0.28241145833333337 0.31244444444444447 0.046640625 0.18437037037037038
2 0.23215625 0.21397222222222223 0.03152083333333334 0.12053703703703704
2 0.33177083333333335 0.14305555555555555 0.03125 0.08796296296296297
2 0.3792916666666667 0.20182407407407407 0.029958333333333333 0.12227777777777778
2 0.48828125 0.49874999999999997 0.049479166666666664 0.2728703703703704
2 0.42735416666666665 0.13976851851851851 0.024494791666666668 0.09823148148148149
2 0.47890625 0.37453703703703706 0.049479166666666664 0.16203703703703703
2 0.5536458333333333 0.13564814814814816 0.025 0.09166666666666666
2 0.58959375 0.21200925925925926 0.03334895833333333 0.12042592592592592
2 0.6542916666666667 0.5975833333333334 0.04971875 0.24724999999999997
2 0.6749322916666666 0.7505833333333334 0.06842708333333333 0.24150925925925926
2 0.70484375 0.8858981481481482 0.07964583333333333 0.22820370370370371
2 0.4542552083333333 0.12183333333333335 0.029854166666666668 0.10439814814814814
