2 0.35796875 0.27146296296296296 0.03677604166666667 0.17003703703703701
2 0.2565104166666667 0.20172222222222225 0.0296875 0.11876851851851852
2 0.07927083333333333 0.6278888888888889 0.08208854166666667 0.3182962962962963
2 0.415625 0.08577777777777777 0.021875 0.08771296296296296
2 0.3204895833333333 0.24365740740740738 0.038890625 0.1275
2 0.47734375 0.7881481481481482 0.0765625 0.36815740740740743
2 0.20234375 0.32143518518518516 0.04114583333333333 0.16083333333333333
2 0.47225520833333334 0.08557407407407408 0.023203124999999998 0.0899537037037037
2 0.5338541666666666 0.5810185185185185 0.06979166666666667 0.275
2 0.3268125 0.7748148148148147 0.07446354166666666 0.3651759259259259
2 0.5455729166666666 0.2074074074074074 0.030729166666666665 0.13333333333333333
2 0.4908854166666667 0.20601851851851852 0.0328125 0.1287037037037037
2 0.4388020833333333 0.20787037037037037 0.030729166666666665 0.125
2 0.141953125 0.5080740740740741 0.05455208333333333 0.27193518518518517
2 0.168078125 0.3937314814814815 0.051244791666666664 0.19757407407407407
2 0.287171875 0.21394444444444444 0.03249479166666667 0.14747222222222223
2 0.31977083333333334 0.5782222222222222 0.06991145833333333 0.2579166666666667
2 0.6806510416666666 0.7770277777777779 0.07119270833333333 0.2727962962962963
2 0.6531041666666667 0.580324074074074 0.04734895833333333 0.20038888888888887
2 0.43669270833333335 0.07013888888888889 0.02077604166666667 0.08433333333333333
2 0.5350729166666667 0.09644444444444444 0.021354166666666667 0.09064814814814816
