2 0.5570416666666667 0.3640833333333333 0.051578125 0.20146296296296298
2 0.4825520833333333 0.056018518518518516 0.0203125 0.06388888888888888
2 0.21848958333333332 0.31203703703703706 0.04114583333333333 0.13518518518518519
2 0.5265625 0.25277777777777777 0.03333333333333333 0.1388888888888889
2 0.48098958333333336 0.29694444444444446 0.04114583333333333 0.17278703703703704
2 0.37890625 0.6550925925925926 0.07135416666666666 0.28425925925925927
2 0.461578125 0.5321388888888889 0.05705729166666666 0.2746111111111111
2 0.5578125 0.17453703703703705 0.028125 0.11574074074074074
2 0.5309322916666667 0.6151944444444444 0.07383854166666667 0.31024999999999997
2 0.70275 0.8851296296296297 0.08066666666666666 0.22974074074074075
2 0.6546041666666667 0.5754907407407407 0.05382291666666667 0.18762962962962962
2 0.06756770833333332 0.7163518518518518 0.08807812500000001 0.35206481481481483
2 0.10797395833333333 0.5547962962962962 0.07514583333333333 0.2542685185185185
2 0.0384375 0.4091666666666666 0.076875 0.19757407407407407
2 0.5198385416666667 0.05842592592592593 0.018666666666666668 0.08250925925925925
