2 0.2531614583333333 0.2215648148148148 0.03340625 0.11296296296296296
2 0.384375 0.1439814814814815 0.021875 0.075
2 0.34817708333333336 0.12777777777777777 0.0203125 0.06481481481481481
2 0.3265625 0.19675925925925927 0.023958333333333335 0.07314814814814814
2 0.2939375 0.2580648148148148 0.032963541666666665 0.12089814814814814
2 0.2515625 0.4678611111111111 0.05640104166666667 0.24021296296296296
2 0.37641145833333334 0.22460185185185186 0.03229166666666667 0.13491666666666668
2 0.020052083333333335 0.475 0.04010416666666667 0.19074074074074074
2 0.33645833333333336 0.2833333333333333 0.03333333333333333 0.1259259259259259
2 0.20572916666666666 0.32519444444444445 0.03824479166666667 0.1678611111111111
2 0.45539583333333333 0.30522222222222223 0.044421875000000006 0.16071296296296295
2 0.41302083333333334 0.9041018518518518 0.12098437499999999 0.18994444444444444
2 0.5623125000000001 0.29437962962962966 0.049630208333333335 0.1609814814814815
1 0.5036458333333333 0.12883333333333333 0.125 0.23862037037037034
2 0.4840052083333333 0.41382407407407407 0.05996875 0.21124074074074073
2 0.35390625 0.6461018518518519 0.08415104166666666 0.3199722222222222
2 0.44828645833333336 0.5220277777777778 0.06636979166666666 0.25700925925925927
2 0.6577395833333333 0.5714259259259259 0.05952604166666667 0.19047222222222224
2 0.2719479166666667 0.29960185185185184 0.048364583333333336 0.11508333333333334
2 0.27046354166666664 0.3584629629629629 0.052828125000000004 0.16137962962962962
2 0.15215625 0.4708981481481481 0.06324479166666667 0.23809259259259258
2 0.10007291666666666 0.6468240740740742 0.06919791666666668 0.3148148148148148
2 0.138765625 0.7136203703703704 0.091515625 0.3769814814814815
2 0.236609375 0.21362037037037038 0.03125 0.11772222222222223
2 0.2864583333333333 0.20502777777777778 0.03125 0.10317592592592593
2 0.41964062500000004 0.1263240740740741 0.03869270833333334 0.10185185185185185
2 0.6941979166666666 0.8829351851851852 0.07738020833333333 0.23412962962962963
