2 0.3697916666666667 0.125 0.026041666666666668 0.08888888888888889
2 0.48828125 0.17794444444444446 0.05260416666666667 0.12929629629629627
2 0.5200520833333333 0.14537037037037037 0.0234375 0.08333333333333333
2 0.4515625 0.0787037037037037 0.017708333333333333 0.06666666666666667
1 0.5765625 0.13425925925925927 0.023958333333333335 0.1
2 0.16458333333333333 0.8152777777777778 0.09895833333333333 0.3675925925925926
2 0.41354166666666664 0.16435185185185186 0.027083333333333334 0.11203703703703703
2 0.4119791666666667 0.06620370370370371 0.019791666666666666 0.0712962962962963
2 0.2753802083333333 0.2167962962962963 0.037786458333333335 0.13678703703703704
2 0.4356770833333333 0.14444444444444443 0.024479166666666666 0.10185185185185185
2 0.3453125 0.17916666666666667 0.029166666666666667 0.10092592592592593
2 0.5088541666666667 0.31572222222222224 0.03854166666666667 0.1759537037037037
2 0.5471354166666667 0.18025 0.028645833333333332 0.12469444444444443
2 0.46015625 0.33485185185185184 0.04635416666666667 0.19512037037037036
2 0.48333333333333334 0.6986111111111111 0.07708333333333334 0.30092592592592593
2 0.584375 0.26435185185185184 0.036458333333333336 0.14722222222222223
2 0.10233333333333333 0.7587222222222222 0.08169791666666668 0.3599259259259259
2 0.12494270833333333 0.5409074074074074 0.05699479166666667 0.2511759259259259
2 0.6991614583333334 0.8820370370370371 0.07522395833333334 0.23591666666666666
2 0.49623958333333335 0.0919537037037037 0.020078125 0.09400925925925926
2 0.6536562499999999 0.5691759259259259 0.04151041666666667 0.175
