2 0.37942708333333336 0.937962962962963 0.09010416666666667 0.12407407407407407
2 0.4083333333333333 0.0625 0.07291666666666667 0.12314814814814815
2 0.45755208333333336 0.06296296296296296 0.0203125 0.07777777777777778
2 0.19088541666666667 0.3111111111111111 0.043229166666666666 0.17037037037037037
1 0.30494791666666665 0.18101851851851852 0.025520833333333333 0.11574074074074074
2 0.5091145833333334 0.06944444444444445 0.0234375 0.06851851851851852
2 0.5312395833333333 0.1825462962962963 0.026057291666666666 0.1126851851851852
2 0.5770833333333333 0.2037037037037037 0.029166666666666667 0.1111111111111111
2 0.21848958333333332 0.34120370370370373 0.044270833333333336 0.16944444444444445
2 0.5645833333333333 0.30787037037037035 0.041666666666666664 0.1675925925925926
2 0.27760416666666665 0.30092592592592593 0.03854166666666667 0.16296296296296298
2 0.48359375 0.8125 0.08072916666666667 0.35648148148148145
2 0.5322916666666667 0.5712962962962963 0.0625 0.2833333333333333
2 0.6580416666666667 0.5717037037037037 0.04853645833333333 0.19239814814814815
2 0.6980572916666666 0.8858981481481482 0.06954166666666667 0.22820370370370371
