2 0.103390625 0.6817129629629629 0.083640625 0.35555555555555557
2 0.5180364583333333 0.5439722222222222 0.06710416666666667 0.29117592592592595
2 0.5546458333333334 0.36092592592592593 0.044598958333333334 0.18829629629629632
2 0.491328125 0.30362962962962964 0.03671875 0.16999074074074075
2 0.46942708333333333 0.198 0.029369791666666666 0.12539814814814815
2 0.5227968749999999 0.21975 0.027776041666666664 0.13741666666666666
2 0.4182135416666667 0.14869444444444443 0.0238125 0.10455555555555555
2 0.303515625 0.20228703703703704 0.027755208333333333 0.13027777777777777
2 0.25149479166666666 0.29438888888888887 0.03517708333333334 0.16816666666666666
2 0.23428125 0.2517314814814815 0.028869791666666665 0.09026851851851851
2 0.3309375 0.14474074074074073 0.022177083333333333 0.06702777777777778
2 0.3619791666666667 0.12837037037037036 0.02071875 0.08799074074074074
2 0.3829791666666667 0.16362962962962962 0.024182291666666668 0.10664814814814816
2 0.409046875 0.12029629629629629 0.023197916666666665 0.09405555555555556
2 0.38302604166666665 0.10085185185185186 0.02219270833333333 0.0774074074074074
2 0.5781302083333333 0.14137037037037037 0.021307291666666665 0.07376851851851852
2 0.5410989583333333 0.09673148148148147 0.019588541666666667 0.08397222222222223
2 0.45065104166666664 0.04873148148148149 0.015776041666666667 0.06388888888888888
2 0.4653072916666667 0.04081481481481481 0.014880208333333334 0.0628888888888889
2 0.4139010416666667 0.04342592592592592 0.01727604166666667 0.06439814814814815
2 0.39034375000000004 0.045361111111111116 0.017036458333333334 0.05715740740740741
2 0.37556770833333336 0.018462962962962966 0.012484374999999999 0.03692592592592593
