2 0.5302083333333333 0.38333333333333336 0.022916666666666665 0.07962962962962963
2 0.5513020833333333 0.42407407407407405 0.024479166666666666 0.09259259259259259
2 0.578125 0.3398148148148148 0.017708333333333333 0.06296296296296296
2 0.49713541666666666 0.3768518518518518 0.0234375 0.07407407407407407
2 0.4588541666666667 0.49398148148148147 0.028125 0.11574074074074074
2 0.5872395833333334 0.5365740740740741 0.0328125 0.13796296296296295
2 0.4822916666666667 0.624537037037037 0.0375 0.15462962962962962
2 0.28671875 0.836574074074074 0.0703125 0.2212962962962963
1 0.28984375 0.5185185185185185 0.18697916666666667 0.2851851851851852
2 0.4943072916666667 0.4559537037037037 0.03183854166666667 0.11522222222222223
2 0.6554739583333333 0.3391574074074074 0.03472395833333333 0.08225
2 0.50425 0.28325 0.01353125 0.053759259259259264
