2 0.5591145833333333 0.13935185185185187 0.0265625 0.11018518518518519
2 0.3458333333333333 0.18333333333333332 0.025 0.08148148148148149
2 0.17994791666666668 0.37546296296296294 0.050520833333333334 0.14166666666666666
2 0.33232812500000003 0.1594537037037037 0.03326041666666667 0.0940462962962963
2 0.06283333333333334 0.6351203703703703 0.088171875 0.3239444444444445
2 0.17753125 0.4729537037037037 0.07128125 0.24695370370370368
2 0.2604166666666667 0.514287037037037 0.066515625 0.26561111111111113
2 0.50625 0.19768518518518519 0.029166666666666667 0.08796296296296297
2 0.5067708333333333 0.2861111111111111 0.034375 0.1425925925925926
2 0.45 0.12685185185185185 0.021875 0.08888888888888889
2 0.37935416666666666 0.15125925925925926 0.027453125000000002 0.1088611111111111
2 0.403609375 0.17169444444444446 0.02805208333333333 0.11957407407407405
2 0.5490677083333334 0.5729537037037037 0.06286979166666666 0.2911388888888889
2 0.10055729166666666 0.5003981481481481 0.06793229166666667 0.24153703703703705
2 0.3324010416666667 0.2611759259259259 0.046802083333333334 0.15965740740740741
2 0.22838541666666667 0.2389537037037037 0.04010416666666667 0.13875925925925928
2 0.5411458333333333 0.35509259259259257 0.042708333333333334 0.19166666666666668
2 0.54140625 0.1884259259259259 0.027604166666666666 0.11203703703703703
2 0.4359375 0.4185185185185185 0.05416666666666667 0.21481481481481482
2 0.47630208333333335 0.25833333333333336 0.03177083333333333 0.12407407407407407
2 0.47890625 0.5101851851851852 0.0546875 0.25
2 0.39475520833333333 0.6387592592592592 0.07953645833333334 0.33360185185185187
2 0.26934375 0.35582407407407407 0.04761979166666667 0.20899074074074075
2 0.6529010416666666 0.5707685185185185 0.046875 0.17592592592592593
2 0.6908489583333334 0.8955 0.06175520833333333 0.20899074074074075
