2 0.36380208333333336 0.9268518518518518 0.06614583333333333 0.14444444444444443
2 0.5893229166666667 0.37083333333333335 0.019270833333333334 0.075
2 0.3971354166666667 0.38055555555555554 0.028645833333333332 0.08703703703703704
2 0.5427083333333333 0.3921296296296296 0.020833333333333332 0.08796296296296297
2 0.5692708333333333 0.4708333333333333 0.025 0.10462962962962963
2 0.5015625 0.6736111111111112 0.041666666666666664 0.1787037037037037
2 0.46641666666666665 0.4786851851851852 0.03178645833333334 0.1148425925925926
2 0.315625 0.7828703703703703 0.06145833333333333 0.20462962962962963
2 0.36432291666666666 0.5722222222222222 0.0390625 0.14074074074074075
2 0.04921875 0.827324074074074 0.07741666666666666 0.2171111111111111
2 0.0534375 0.9345092592592592 0.10686979166666667 0.13098148148148148
