2 0.13638541666666668 0.9005555555555556 0.10591666666666667 0.19887962962962963
2 0.2808177083333333 0.9237037037037037 0.08228645833333334 0.15258333333333332
2 0.687796875 0.7012592592592592 0.04034375 0.18300925925925926
2 0.469921875 0.43062962962962964 0.022989583333333334 0.09852777777777777
2 0.580140625 0.4078981481481481 0.029890625 0.09627777777777778
2 0.59028125 0.35185185185185186 0.020661458333333334 0.07368518518518519
2 0.517234375 0.3388055555555556 0.015192708333333334 0.06611111111111112
2 0.551171875 0.3134074074074074 0.013625 0.05236111111111111
2 0.5193645833333334 0.28128703703703706 0.012510416666666666 0.04365740740740741
2 0.5375989583333334 0.26816666666666666 0.01078125 0.03902777777777778
2 0.571890625 0.29874999999999996 0.01165625 0.05081481481481482
2 0.6173125 0.30239814814814814 0.013963541666666666 0.05193518518518519
2 0.5492395833333333 0.23435185185185184 0.008020833333333333 0.03930555555555556
2 0.555359375 0.2469814814814815 0.011572916666666665 0.033694444444444444
2 0.6436562499999999 0.3878240740740741 0.014484374999999999 0.06162037037037037
2 0.6436354166666667 0.35441666666666666 0.034333333333333334 0.0840462962962963
2 0.5571458333333333 0.28791666666666665 0.02991145833333333 0.048685185185185186
2 0.586828125 0.2879907407407407 0.0239375 0.04547222222222222
