2 0.42109375 0.12228703703703703 0.024479166666666666 0.09431481481481481
2 0.24058854166666668 0.24913888888888888 0.03742708333333333 0.11283333333333333
2 0.2570677083333333 0.3125648148148148 0.047765625 0.14576851851851852
2 0.38385416666666666 0.12102777777777779 0.023958333333333335 0.09867592592592592
2 0.19173958333333332 0.32116666666666666 0.060265624999999996 0.1354537037037037
2 0.5627239583333333 0.12883333333333333 0.026489583333333334 0.09682407407407406
2 0.446875 0.34517592592592594 0.153125 0.3596574074074074
2 0.54609375 0.30204629629629626 0.04010416666666667 0.16891666666666666
2 0.5757447916666667 0.4609166666666667 0.059078125 0.25489814814814815
2 0.3061770833333333 0.27447222222222223 0.046875 0.14153703703703704
2 0.45238020833333337 0.5787037037037037 0.07291666666666667 0.28438888888888886
