2 0.015588541666666667 0.49926851851851856 0.031177083333333334 0.2324074074074074
2 0.28865104166666666 0.13326851851851854 0.04471875 0.17764814814814817
2 0.15859375 0.5029166666666667 0.08534375000000001 0.278037037037037
2 0.25803645833333333 0.23280555555555557 0.06011979166666667 0.20423148148148149
2 0.23854166666666668 0.07731481481481481 0.041666666666666664 0.1361111111111111
2 0.10033333333333333 0.18412962962962964 0.06286979166666666 0.1896851851851852
2 0.4191614583333333 0.09623148148148149 0.047838541666666665 0.1609814814814815
2 0.2701614583333333 0.5521203703703703 0.09241145833333334 0.3023796296296296
2 0.12272916666666665 0.34497222222222224 0.08921354166666666 0.2391481481481481
2 0.50684375 0.21547222222222223 0.04940625 0.1880925925925926
2 0.124328125 0.7878981481481481 0.11413541666666666 0.3850555555555556
2 0.34359895833333337 0.03869444444444444 0.03184375 0.07367592592592592
2 0.53671875 0.7987407407407408 0.09144270833333333 0.3787037037037037
2 0.15609895833333332 0.11963888888888889 0.04880729166666666 0.16706481481481483
2 0.32696875 0.18737037037037038 0.04739583333333333 0.1935185185185185
2 0.35360937499999995 0.41508333333333336 0.06882291666666666 0.25105555555555553
2 0.8307291666666666 0.4126944444444444 0.115328125 0.20635185185185187
