2 0.5328125 0.07916666666666666 0.019791666666666666 0.07314814814814814
1 0.5630208333333333 0.14814814814814814 0.019791666666666666 0.10740740740740741
2 0.4640625 0.046296296296296294 0.017708333333333333 0.06296296296296296
2 0.49895833333333334 0.7555555555555555 0.08333333333333333 0.34074074074074073
2 0.59453125 0.42962962962962964 0.05260416666666667 0.1962962962962963
2 0.55 0.33287037037037037 0.046875 0.18611111111111112
2 0.5075520833333333 0.43657407407407406 0.0734375 0.2212962962962963
2 0.696 0.8837222222222222 0.061015625000000004 0.22974074074074075
2 0.656578125 0.5760462962962963 0.057770833333333334 0.19492592592592595
2 0.5027552083333333 0.19219444444444445 0.024421875 0.11239814814814815
2 0.3924166666666667 0.08500925925925926 0.016182291666666668 0.07703703703703704
1 0.20459375 0.5896018518518519 0.4091927083333333 0.8207962962962964
2 0.42734375 0.14162037037037037 0.04894791666666667 0.13778703703703704
