2 0.6583333333333333 0.4361111111111111 0.028125 0.0962962962962963
2 0.49661458333333336 0.2777777777777778 0.028645833333333332 0.05555555555555555
2 0.560453125 0.3339259259259259 0.020760416666666667 0.06971296296296296
2 0.43515625 0.3763888888888889 0.0265625 0.08425925925925926
2 0.5652916666666666 0.39173148148148146 0.022546875 0.08531481481481482
2 0.48980729166666664 0.3762592592592593 0.025 0.08611111111111111
2 0.5812135416666667 0.4666666666666667 0.031473958333333336 0.11296296296296296
2 0.4077395833333333 0.4927870370370371 0.04434375 0.1252685185185185
2 0.48489583333333336 0.46944444444444444 0.028125 0.1111111111111111
2 0.4244427083333333 0.6777777777777778 0.04769270833333333 0.1925925925925926
2 0.5291666666666667 0.4900092592592593 0.03958333333333333 0.12262037037037038
2 0.18939583333333332 0.887962962962963 0.08697916666666666 0.22407407407407406
2 0.40922395833333336 0.375 0.026786458333333332 0.08598148148148148
