2 0.5916666666666667 0.13148148148148148 0.027083333333333334 0.10185185185185185
2 0.5287968749999999 0.20092592592592592 0.03571354166666666 0.14100925925925925
2 0.48723958333333334 0.18789814814814815 0.025520833333333333 0.12024074074074076
2 0.3345989583333333 0.3144814814814815 0.037947916666666665 0.17341666666666666
2 0.41000520833333337 0.13512037037037036 0.027307291666666667 0.10198148148148148
2 0.09840104166666667 0.6895462962962964 0.08757291666666665 0.34550925925925924
2 0.24646354166666665 0.24801851851851853 0.03668229166666667 0.1391574074074074
2 0.30052083333333335 0.2719537037037037 0.04984895833333333 0.1322685185185185
2 0.1734375 0.25972222222222224 0.041666666666666664 0.1361111111111111
2 0.21328125 0.2705648148148148 0.034895833333333334 0.14669444444444446
2 0.4658125 0.21514814814814817 0.03266145833333333 0.13267592592592592
2 0.28422395833333336 0.3895462962962963 0.061010416666666664 0.21825
2 0.37909375 0.27249074074074076 0.04241145833333334 0.14814814814814814
2 0.32473958333333336 0.13842592592592592 0.0203125 0.07685185185185185
2 0.36822916666666666 0.10416666666666667 0.021875 0.0712962962962963
2 0.3841145833333333 0.12777777777777777 0.027604166666666666 0.08148148148148149
2 0.5127604166666667 0.16712962962962963 0.0265625 0.11944444444444445
2 0.4466145833333333 0.08888888888888889 0.022395833333333334 0.08148148148148149
2 0.4861979166666667 0.1111111111111111 0.0203125 0.08703703703703704
2 0.4786458333333333 0.0787037037037037 0.021875 0.07592592592592592
2 0.5119791666666667 0.07361111111111111 0.020833333333333332 0.08611111111111111
2 0.3890625 0.1925925925925926 0.03854166666666667 0.11296296296296296
2 0.39765625 0.08935185185185185 0.018229166666666668 0.0824074074074074
2 0.6569947916666667 0.5787037037037037 0.056546874999999996 0.19444444444444445
2 0.6915937499999999 0.8961666666666667 0.06324479166666667 0.20767592592592593
