2 0.262015625 0.5826018518518519 0.046947916666666666 0.14775
2 0.5611979166666666 0.3537037037037037 0.019270833333333334 0.07407407407407407
2 0.5203125 0.4212962962962963 0.023958333333333335 0.0962962962962963
2 0.3457604166666667 0.6955740740740741 0.061307291666666666 0.19907407407407407
2 0.26994270833333334 0.6572129629629629 0.06071354166666666 0.18663888888888888
2 0.6261145833333334 0.3293611111111111 0.023067708333333332 0.06349074074074074
2 0.6421145833333333 0.39219444444444446 0.023807291666666668 0.07275
2 0.661828125 0.4338611111111111 0.029015625 0.08730555555555557
2 0.6603437499999999 0.4755277777777778 0.029015625 0.10978703703703703
2 0.5770104166666666 0.2916666666666667 0.018598958333333335 0.046296296296296294
