2 0.5361614583333334 0.1808888888888889 0.032442708333333334 0.1167962962962963
2 0.44672395833333334 0.44610185185185186 0.05818229166666666 0.2448425925925926
2 0.2748125 0.17367592592592593 0.030880208333333332 0.11296296296296296
1 0.2965052083333333 0.1529074074074074 0.022765625 0.10317592592592593
2 0.37154166666666666 0.8458333333333333 0.10706770833333333 0.30833333333333335
2 0.5261510416666667 0.40641666666666665 0.046651041666666664 0.1935185185185185
2 0.16625520833333332 0.2896203703703704 0.050520833333333334 0.14960185185185185
2 0.4005572916666667 0.6226203703703703 0.08206770833333334 0.3111111111111111
2 0.50625 0.512962962962963 0.04791666666666667 0.21481481481481482
2 0.259375 0.8154722222222223 0.10416666666666667 0.3690462962962963
2 0.19918229166666668 0.3971574074074074 0.08109895833333333 0.1956388888888889
2 0.47310416666666666 0.758462962962963 0.08772395833333334 0.35555555555555557
2 0.41796875 0.27241666666666664 0.15661979166666665 0.3440462962962963
2 0.6341145833333334 0.3037037037037037 0.1609375 0.3611111111111111
2 0.2816197916666667 0.6144166666666667 0.084078125 0.25793518518518516
2 0.6644322916666667 0.9543611111111111 0.10863020833333333 0.09126851851851851
2 0.6875 0.7936481481481481 0.07440625000000001 0.21693518518518518
