2 0.59375 0.3625 0.020833333333333332 0.075
2 0.5348958333333333 0.30462962962962964 0.019791666666666666 0.06296296296296296
2 0.5018229166666667 0.31851851851851853 0.0203125 0.06481481481481481
2 0.5283854166666667 0.4949074074074074 0.027604166666666666 0.10648148148148148
2 0.47317708333333336 0.31805555555555554 0.0203125 0.06388888888888888
2 0.5609375 0.3976851851851852 0.021875 0.0824074074074074
2 0.5854166666666667 0.6375 0.034375 0.16203703703703703
2 0.5950520833333334 0.45740740740740743 0.0265625 0.1037037037037037
2 0.390625 0.42453703703703705 0.028125 0.09351851851851851
2 0.540625 0.5578703703703703 0.03333333333333333 0.13240740740740742
2 0.47109375 0.42453703703703705 0.0296875 0.09907407407407408
2 0.3067708333333333 0.6986111111111111 0.05416666666666667 0.1935185185185185
