2 0.3138385416666667 0.5563518518518519 0.06458333333333334 0.28941666666666666
2 0.36956770833333336 0.19113888888888889 0.032739583333333336 0.12327777777777776
2 0.4739583333333333 0.13240740740740742 0.022916666666666665 0.08333333333333333
2 0.46432291666666664 0.062037037037037036 0.019270833333333334 0.06481481481481481
2 0.26781770833333335 0.18326851851851853 0.032515625 0.10198148148148148
2 0.38828125 0.1337962962962963 0.0234375 0.09351851851851851
2 0.4328125 0.09398148148148149 0.019791666666666666 0.0787037037037037
2 0.48489583333333336 0.1884259259259259 0.025 0.08796296296296297
2 0.41458333333333336 0.11944444444444445 0.022916666666666665 0.08518518518518518
2 0.30442708333333335 0.19490740740740742 0.0328125 0.11388888888888889
2 0.3143229166666667 0.33055555555555555 0.0453125 0.17222222222222222
2 0.4432291666666667 0.7157407407407408 0.08020833333333334 0.3277777777777778
2 0.6221354166666667 0.2902777777777778 0.1984375 0.36018518518518516
2 0.6626197916666666 0.9468518518518518 0.09936458333333334 0.10628703703703704
2 0.6958072916666667 0.8967037037037038 0.05983333333333333 0.2065925925925926
2 0.177234375 0.6908148148148149 0.08344791666666666 0.34420370370370373
2 0.23528125 0.44830555555555557 0.058921875 0.2511759259259259
2 0.13161458333333334 0.47784259259259265 0.05470833333333334 0.24542592592592594
2 0.06776562500000001 0.6567870370370371 0.07979166666666666 0.2915925925925926
2 0.05505729166666666 0.8604351851851851 0.10993750000000001 0.2791296296296296
2 0.19384375 0.2582777777777778 0.04548958333333333 0.1457962962962963
2 0.20860416666666665 0.3128518518518518 0.03334375 0.16852777777777778
1 0.45897916666666666 0.03510185185185185 0.06434375 0.0702037037037037
2 0.19159375 0.5185185185185185 0.064734375 0.21957407407407406
2 0.3229166666666667 0.12698148148148147 0.028276041666666665 0.08465740740740742
