2 0.42135416666666664 0.3351851851851852 0.021875 0.06851851851851852
2 0.6138020833333333 0.35324074074074074 0.0203125 0.07314814814814814
2 0.58671875 0.33796296296296297 0.018229166666666668 0.07037037037037037
2 0.5479166666666667 0.3648148148148148 0.020833333333333332 0.07037037037037037
2 0.5716145833333334 0.4638888888888889 0.0265625 0.10925925925925926
2 0.534375 0.41435185185185186 0.022916666666666665 0.08611111111111111
2 0.621875 0.5013888888888889 0.030208333333333334 0.12129629629629629
2 0.553125 0.9203703703703704 0.06979166666666667 0.15555555555555556
2 0.5197916666666667 0.5162037037037037 0.035416666666666666 0.1287037037037037
2 0.5380208333333333 0.6328703703703704 0.040625 0.1675925925925926
2 0.5166458333333334 0.2958055555555556 0.014005208333333333 0.05110185185185185
