2 0.8741770833333333 0.5344537037037037 0.25164583333333335 0.2753055555555555
2 0.7033854166666667 0.47594444444444445 0.04547916666666666 0.13977777777777778
2 0.7493593749999999 0.4656296296296296 0.041942708333333335 0.14075925925925928
2 0.7771406249999999 0.45216666666666666 0.03847916666666666 0.11999074074074075
2 0.8957291666666667 0.4330185185185185 0.041276041666666666 0.12181481481481482
2 0.9368125 0.4257222222222222 0.034895833333333334 0.11957407407407405
2 0.9699583333333333 0.41779629629629633 0.03175 0.11298148148148147
2 0.5073697916666666 0.3327685185185185 0.0301875 0.1342962962962963
2 0.5650260416666666 0.20524074074074075 0.022234374999999997 0.08911111111111111
2 0.3415885416666667 0.7488981481481481 0.06494270833333333 0.2813611111111111
2 0.28361458333333334 0.5678333333333333 0.05142708333333333 0.20010185185185186
2 0.33641666666666664 0.4539814814814815 0.03897395833333333 0.1668425925925926
2 0.3621875 0.3934444444444445 0.03321875 0.14762037037037037
2 0.41996354166666666 0.38173148148148145 0.037656249999999995 0.1457962962962963
2 0.4062291666666667 0.2701203703703704 0.024078125 0.11085185185185185
2 0.47260416666666666 0.12723148148148147 0.01446875 0.06272222222222222
2 0.49075520833333336 0.11474074074074074 0.016052083333333335 0.06243518518518519
2 0.51684375 0.09853703703703703 0.014401041666666666 0.06398148148148147
2 0.5730364583333334 0.08044444444444444 0.015682291666666667 0.05248148148148148
2 0.5305729166666667 0.08844444444444444 0.010619791666666666 0.05612962962962963
2 0.539609375 0.07308333333333333 0.013067708333333334 0.05318518518518518
2 0.551171875 0.054425925925925926 0.013625 0.04841666666666666
2 0.5847187500000001 0.05266666666666667 0.011265625 0.04630555555555555
2 0.32832812499999997 0.33144444444444443 0.031473958333333336 0.1285462962962963
2 0.3394947916666667 0.27974074074074073 0.03123958333333333 0.10848148148148148
2 0.29115104166666667 0.27672222222222226 0.030041666666666668 0.11170370370370371
2 0.24884895833333334 0.4230555555555555 0.035708333333333335 0.16979629629629628
2 0.015338541666666667 0.6039629629629629 0.030677083333333334 0.1643425925925926
2 0.5965260416666667 0.2953148148148148 0.08869791666666667 0.19518518518518518
