2 0.3264583333333333 0.16054629629629627 0.026880208333333332 0.10667592592592592
2 0.40208333333333335 0.14675925925925926 0.022916666666666665 0.08425925925925926
2 0.18069791666666665 0.4422129629629629 0.04485416666666667 0.22853703703703704
2 0.43814583333333335 0.20242592592592593 0.06433854166666667 0.11922222222222222
2 0.36484375 0.15735185185185185 0.0234375 0.10381481481481482
2 0.30104166666666665 0.29684259259259255 0.038640625 0.17365740740740743
2 0.24441145833333333 0.25825000000000004 0.029453125 0.10572222222222223
2 0.4293020833333333 0.09562037037037037 0.021640625 0.09231481481481482
2 0.5604166666666667 0.10462962962962963 0.025 0.09814814814814815
2 0.40677083333333336 0.28855555555555557 0.03229166666666667 0.16178703703703703
2 0.3411458333333333 0.23024999999999998 0.028125 0.13950925925925925
2 0.4852916666666667 0.26870370370370367 0.03829166666666666 0.1459351851851852
2 0.018489583333333334 0.4337962962962963 0.03697916666666667 0.16018518518518518
2 0.24424479166666666 0.36441666666666667 0.042755208333333336 0.18782407407407406
2 0.5373802083333333 0.2874537037037037 0.040390625 0.16582407407407407
2 0.4819114583333333 0.41328703703703706 0.04924479166666666 0.21232407407407408
2 0.44609375 0.35917592592592595 0.04010416666666667 0.1872037037037037
2 0.36796875 0.462037037037037 0.0546875 0.23333333333333334
2 0.3916510416666667 0.6704259259259259 0.07080208333333333 0.29988888888888887
2 0.2877604166666667 0.6444444444444445 0.0703125 0.3296296296296296
2 0.6971875 0.8843518518518518 0.07127604166666666 0.23128703703703704
2 0.025807291666666666 0.6896203703703704 0.05161458333333333 0.3325648148148148
2 0.2824375 0.2495092592592593 0.026177083333333333 0.13807407407407407
2 0.38192187499999997 0.25722222222222224 0.04664583333333334 0.15912037037037036
2 0.29849479166666665 0.17212962962962963 0.025630208333333335 0.09079629629629629
2 0.4615520833333333 0.06669444444444445 0.018411458333333335 0.07437037037037036
2 0.3837760416666667 0.1293425925925926 0.020838541666666665 0.09780555555555555
2 0.516921875 0.22874074074074074 0.03713020833333334 0.1515462962962963
2 0.62225 0.4224259259259259 0.058546875 0.10372222222222222
