2 0.4609375 0.04212962962962963 0.017708333333333333 0.06574074074074074
2 0.50625 0.05277777777777778 0.021875 0.06851851851851852
2 0.02109375 0.775 0.0421875 0.34814814814814815
2 0.47604166666666664 0.05648148148148148 0.020833333333333332 0.07407407407407407
2 0.478125 0.1476851851851852 0.027083333333333334 0.08796296296296297
2 0.25833333333333336 0.2722222222222222 0.034375 0.11666666666666667
2 0.2825416666666667 0.1894074074074074 0.03333333333333333 0.11411111111111111
2 0.5276041666666667 0.18611111111111112 0.028125 0.11296296296296296
2 0.47578125 0.23194444444444445 0.03697916666666667 0.1398148148148148
2 0.18932291666666667 0.34120370370370373 0.0390625 0.14722222222222223
2 0.19765625 0.7106481481481481 0.0765625 0.39351851851851855
2 0.5505208333333333 0.22592592592592592 0.030208333333333334 0.13333333333333333
2 0.36850520833333333 0.474962962962963 0.05453645833333333 0.24275925925925926
2 0.6530677083333334 0.9391388888888889 0.083734375 0.12172222222222223
2 0.6956458333333334 0.8928425925925926 0.06645833333333333 0.21431481481481482
2 0.6290729166666666 0.44830555555555557 0.049630208333333335 0.22030555555555556
2 0.4434427083333333 0.0287962962962963 0.015171875 0.057583333333333334
