2 0.48125 0.3055555555555556 0.016666666666666666 0.05925925925925926
2 0.46328125 0.3421296296296296 0.019270833333333334 0.06388888888888888
2 0.509375 0.3199074074074074 0.016666666666666666 0.058333333333333334
2 0.49166666666666664 0.3625 0.020833333333333332 0.06944444444444445
2 0.46197916666666666 0.3976851851851852 0.021875 0.07685185185185185
2 0.50078125 0.45925925925925926 0.025520833333333333 0.1
2 0.5783854166666667 0.575462962962963 0.0296875 0.125
2 0.40286458333333336 0.4791666666666667 0.0296875 0.11203703703703703
2 0.42265625 0.5282407407407408 0.033854166666666664 0.125
2 0.3528645833333333 0.5847222222222223 0.04635416666666667 0.1398148148148148
2 0.4244791666666667 0.9034722222222222 0.07604166666666666 0.18935185185185185
2 0.21354166666666666 0.8791666666666667 0.07395833333333333 0.23055555555555557
