2 0.48723958333333334 0.04861111111111111 0.016145833333333335 0.06018518518518518
2 0.18489583333333334 0.3538425925925926 0.04479166666666667 0.15712962962962962
2 0.5075520833333333 0.05092592592592592 0.0171875 0.06851851851851852
2 0.3463541666666667 0.1787037037037037 0.023958333333333335 0.07777777777777778
2 0.4158854166666667 0.15416666666666667 0.0203125 0.08055555555555556
2 0.28282291666666665 0.2946574074074074 0.03233854166666667 0.1534537037037037
2 0.38645833333333335 0.17916666666666667 0.020833333333333332 0.08055555555555556
2 0.32238020833333336 0.35988888888888887 0.04482291666666667 0.20244444444444443
2 0.3893229166666667 0.8222222222222222 0.0984375 0.3537037037037037
2 0.5354166666666667 0.15324074074074073 0.03125 0.11018518518518519
2 0.4440104166666667 0.6194444444444445 0.08802083333333334 0.29074074074074074
2 0.5671875 0.4115740740740741 0.05520833333333333 0.2212962962962963
2 0.6659375 0.9430000000000001 0.09904687499999999 0.114
2 0.6988072916666667 0.8866666666666667 0.07277604166666667 0.2266574074074074
2 0.23417708333333334 0.4268425925925926 0.05323958333333333 0.22675925925925927
2 0.20733854166666665 0.3044351851851852 0.03428645833333333 0.15169444444444447
2 0.315703125 0.22299074074074074 0.032265625 0.14621296296296296
2 0.34802083333333333 0.27146296296296296 0.029197916666666667 0.1474814814814815
2 0.43136458333333333 0.12267592592592594 0.018796875 0.09990740740740742
2 0.3920625 0.09650925925925927 0.020052083333333335 0.0877037037037037
2 0.3673958333333333 0.22874074074074074 0.031489583333333335 0.1515462962962963
