2 0.43111979166666664 0.3300925925925926 0.020572916666666666 0.07037037037037037
2 0.5028020833333333 0.33043518518518517 0.018619791666666666 0.06319444444444444
2 0.5947291666666668 0.41632407407407407 0.024869791666666665 0.09513888888888888
2 0.48346354166666666 0.3266203703703704 0.018489583333333334 0.07175925925925926
2 0.5466822916666667 0.4274351851851852 0.023567708333333333 0.08449074074074074
2 0.50390625 0.4011574074074074 0.03411458333333333 0.0912037037037037
2 0.5291041666666667 0.48310185185185184 0.028776041666666665 0.11435185185185186
2 0.38059895833333335 0.63125 0.0453125 0.1763888888888889
2 0.5217447916666667 0.6702592592592592 0.05286458333333333 0.1789351851851852
2 0.5205104166666666 0.3269722222222222 0.020182291666666668 0.06597222222222222
2 0.5026041666666666 0.2621574074074074 0.016927083333333332 0.04282407407407408
