2 0.5348958333333333 0.47129629629629627 0.03229166666666667 0.10555555555555556
2 0.5114583333333333 0.5532407407407407 0.03125 0.14351851851851852
2 0.253125 0.5541666666666667 0.040625 0.11203703703703703
2 0.33958333333333335 0.5652777777777778 0.04375 0.14722222222222223
2 0.39817708333333335 0.7407407407407407 0.050520833333333334 0.1925925925925926
2 0.43776041666666665 0.5148148148148148 0.034895833333333334 0.12407407407407407
2 0.47890625 0.9013888888888889 0.0609375 0.1935185185185185
2 0.31276041666666665 0.6967592592592593 0.049479166666666664 0.1824074074074074
2 0.5964375000000001 0.30169444444444443 0.013869791666666666 0.05053703703703703
2 0.48720833333333335 0.30085185185185187 0.034994791666666664 0.05502777777777778
2 0.5117135416666667 0.29075 0.0301875 0.04716666666666666
2 0.5518854166666666 0.28787962962962965 0.027197916666666665 0.044500000000000005
