2 0.3611979166666667 0.3106481481481482 0.05260416666666667 0.16018518518518518
2 0.40078125 0.2759259259259259 0.0484375 0.18518518518518517
2 0.4010416666666667 0.06296296296296296 0.03333333333333333 0.11851851851851852
2 0.37161458333333336 0.19305555555555556 0.04635416666666667 0.1527777777777778
2 0.4119791666666667 0.125 0.036458333333333336 0.1388888888888889
2 0.5518229166666667 0.1837962962962963 0.0390625 0.16018518518518518
2 0.15885416666666666 0.1597222222222222 0.04895833333333333 0.1675925925925926
2 0.5125 0.0712962962962963 0.03125 0.12777777777777777
2 0.44244791666666666 0.04351851851851852 0.0296875 0.08703703703703704
2 0.4830729166666667 0.04583333333333333 0.0265625 0.08981481481481482
2 0.5794270833333334 0.3087962962962963 0.050520833333333334 0.19537037037037036
2 0.03567708333333333 0.725925925925926 0.07135416666666666 0.3333333333333333
2 0.3463541666666667 0.4625 0.0625 0.25833333333333336
2 0.33567708333333335 0.1125 0.0359375 0.15092592592592594
2 0.33828125 0.7907407407407407 0.08072916666666667 0.32407407407407407
2 0.5536458333333333 0.6875 0.084375 0.3453703703703704
2 0.19348958333333333 0.5972222222222222 0.0859375 0.3
2 0.13307291666666668 0.34953703703703703 0.0640625 0.2324074074074074
2 0.4973958333333333 0.2574074074074074 0.046875 0.18703703703703703
2 0.7721354166666666 0.7708333333333334 0.10260416666666666 0.33425925925925926
2 0.24791666666666667 0.16342592592592592 0.040625 0.16018518518518518
