2 0.6725260416666666 0.48190740740740745 0.0393125 0.18677777777777776
2 0.7023229166666667 0.4721574074074074 0.038140625000000004 0.1445462962962963
2 0.747625 0.4635277777777778 0.04541666666666667 0.1365462962962963
2 0.8238645833333333 0.4616388888888889 0.038177083333333334 0.09263888888888888
2 0.8593020833333332 0.4370833333333333 0.03203125 0.10525925925925926
2 0.8945052083333334 0.42796296296296293 0.040567708333333334 0.11788888888888888
2 0.9384270833333334 0.42817592592592596 0.03639583333333333 0.1399166666666667
2 0.97015625 0.42298148148148146 0.040828125 0.14187962962962963
2 0.532234375 0.26283333333333336 0.027828125 0.10862037037037037
2 0.5558697916666666 0.21569444444444444 0.024755208333333334 0.10468518518518519
2 0.5753645833333334 0.18974074074074074 0.022078125 0.09205555555555556
2 0.6213802083333333 0.11173148148148149 0.01688020833333333 0.06567592592592593
2 0.5527135416666666 0.1073888888888889 0.0184375 0.06314814814814815
2 0.4781302083333333 0.21877777777777777 0.025520833333333333 0.10692592592592592
2 0.427734375 0.24684259259259256 0.023687499999999997 0.10132407407407408
2 0.39182291666666663 0.42586111111111113 0.038671875 0.1754074074074074
2 0.2880364583333333 0.8820370370370371 0.07415624999999999 0.23591666666666666
2 0.44308333333333333 0.1746574074074074 0.02140625 0.07732407407407407
2 0.47497395833333333 0.15719444444444444 0.019203124999999998 0.07016666666666667
2 0.5354687499999999 0.07027777777777779 0.013463541666666667 0.047574074074074074
2 0.5628177083333333 0.05126851851851852 0.010864583333333334 0.0435
2 0.5570520833333333 0.04621296296296296 0.009760416666666666 0.039574074074074074
2 0.575640625 0.04621296296296296 0.010473958333333333 0.039574074074074074
2 0.6079218750000001 0.022787037037037036 0.0090625 0.035925925925925924
2 0.6220520833333333 0.3190277777777778 0.023432291666666667 0.0944537037037037
2 0.07730729166666667 0.743925925925926 0.15460937500000002 0.5121481481481481
1 0.2871666666666667 0.2887222222222222 0.023802083333333335 0.10174074074074074
1 0.30484374999999997 0.2897685185185185 0.027911458333333337 0.08841666666666666
2 0.3398072916666666 0.26767592592592593 0.022713541666666667 0.0849074074074074
2 0.36964583333333334 0.17872222222222223 0.049875 0.0916388888888889
