2 0.46484375 0.03287037037037037 0.015104166666666667 0.05092592592592592
2 0.2328125 0.48333333333333334 0.051041666666666666 0.24814814814814815
2 0.40286458333333336 0.05694444444444444 0.021354166666666667 0.0712962962962963
2 0.18802083333333333 0.43472222222222223 0.05 0.19537037037037036
2 0.44140625 0.033796296296296297 0.016145833333333335 0.05277777777777778
2 0.47563020833333336 0.048740740740740744 0.016890625 0.06732407407407406
2 0.275 0.31712962962962965 0.04583333333333333 0.14907407407407408
2 0.49557291666666664 0.04675925925925926 0.018229166666666668 0.06944444444444445
2 0.49970312499999997 0.1736111111111111 0.029614583333333333 0.1175925925925926
2 0.37109375 0.16203703703703703 0.028645833333333332 0.09444444444444444
2 0.4296875 0.33101851851851855 0.04375 0.1712962962962963
2 0.47213541666666664 0.3979537037037037 0.0484375 0.20225
2 0.578125 0.3300925925925926 0.046875 0.18055555555555555
2 0.38515625 0.5712962962962963 0.0640625 0.2740740740740741
2 0.48020833333333335 0.6935185185185185 0.07708333333333334 0.3425925925925926
2 0.37909375 0.035055555555555555 0.017114583333333332 0.06746296296296296
