2 0.5683645833333333 0.34487962962962965 0.021104166666666667 0.0732037037037037
2 0.6205729166666667 0.39490740740740743 0.024479166666666666 0.08796296296296297
2 0.41692708333333334 0.34120370370370373 0.0234375 0.06574074074074074
2 0.5059895833333333 0.3490740740740741 0.021354166666666667 0.07037037037037037
2 0.3171875 0.9462962962962963 0.09895833333333333 0.10740740740740741
2 0.4635416666666667 0.43796296296296294 0.028125 0.08703703703703704
2 0.575 0.4962962962962963 0.03125 0.11851851851851852
2 0.459375 0.5125 0.03229166666666667 0.1175925925925926
2 0.5427083333333333 0.4375 0.027083333333333334 0.09907407407407408
2 0.39557291666666666 0.5550925925925926 0.03802083333333333 0.13796296296296295
2 0.48463541666666665 0.7097222222222223 0.0453125 0.1824074074074074
2 0.621875 0.9009259259259259 0.06666666666666667 0.19444444444444445
2 0.5913854166666667 0.36650925925925926 0.01765625 0.07523148148148148
