2 0.3786197916666667 0.7126666666666667 0.07871874999999999 0.3694814814814815
2 0.5054114583333333 0.47338888888888886 0.053656249999999996 0.25666666666666665
2 0.48004687500000004 0.3073425925925926 0.03808333333333334 0.16995370370370372
2 0.5086979166666666 0.2539444444444444 0.032880208333333334 0.14416666666666667
2 0.6173177083333333 0.21663888888888888 0.028770833333333336 0.13669444444444445
2 0.5774479166666667 0.14193518518518516 0.023255208333333333 0.07987037037037037
2 0.4672604166666667 0.06038888888888889 0.015109375000000001 0.07883333333333334
2 0.4104635416666667 0.08453703703703704 0.017401041666666665 0.08314814814814815
2 0.42283333333333334 0.0676574074074074 0.018708333333333334 0.07483333333333332
2 0.44302083333333336 0.19702777777777777 0.030432291666666667 0.1317685185185185
2 0.380359375 0.20901851851851852 0.031421875 0.13302777777777777
2 0.3617447916666666 0.2725185185185185 0.031947916666666666 0.15124074074074073
2 0.3314947916666667 0.3584907407407408 0.03916145833333333 0.19817592592592592
2 0.24596354166666667 0.5643055555555556 0.06340104166666667 0.3042407407407407
2 0.15921354166666665 0.502537037037037 0.060473958333333334 0.2594166666666667
2 0.2759739583333333 0.4552407407407408 0.05311458333333333 0.23194444444444445
2 0.28393229166666667 0.327712962962963 0.044296875 0.17133333333333334
2 0.3309947916666667 0.22616666666666665 0.03424479166666667 0.13028703703703703
2 0.38737499999999997 0.16435185185185186 0.0233125 0.11081481481481482
2 0.39143229166666665 0.11274074074074074 0.022307291666666666 0.08566666666666667
2 0.3887083333333334 0.0814351851851852 0.019463541666666664 0.05146296296296296
2 0.38604166666666667 0.023064814814814816 0.014135416666666668 0.04612962962962963
2 0.36647916666666663 0.02201851851851852 0.015375 0.04402777777777778
2 0.393859375 0.01675 0.011536458333333333 0.03350925925925926
2 0.40412499999999996 0.013074074074074073 0.009937499999999998 0.02613888888888889
2 0.445265625 0.027101851851851853 0.012911458333333332 0.05419444444444445
2 0.5089635416666667 0.0959537037037037 0.02169270833333333 0.08975925925925926
2 0.50103125 0.1771851851851852 0.029265625 0.10407407407407408
2 0.43325 0.15424074074074076 0.023916666666666666 0.09523148148148147
2 0.052619791666666665 0.35537962962962966 0.069609375 0.12140740740740741
2 0.23853645833333334 0.2502407407407407 0.033109375 0.0926111111111111
