2 0.5143229166666666 0.2967592592592593 0.018229166666666668 0.05462962962962963
2 0.6369791666666667 0.5342592592592592 0.034375 0.12777777777777777
2 0.6125 0.2912037037037037 0.035416666666666666 0.05648148148148148
2 0.4546875 0.2949074074074074 0.026041666666666668 0.049074074074074076
2 0.6572916666666667 0.44351851851851853 0.025 0.09444444444444444
2 0.5427083333333333 0.45 0.025 0.10555555555555556
2 0.42630208333333336 0.45416666666666666 0.03177083333333333 0.11388888888888889
2 0.4822916666666667 0.5398148148148149 0.03333333333333333 0.13148148148148148
2 0.33619791666666665 0.9263888888888889 0.07239583333333334 0.14537037037037037
2 0.24074479166666668 0.7029351851851852 0.051848958333333334 0.1774722222222222
2 0.3619791666666667 0.6592592592592592 0.05 0.17592592592592593
