2 0.029317708333333335 0.6988796296296296 0.05863020833333333 0.3398148148148148
2 0.39166666666666666 0.13935185185185187 0.026041666666666668 0.08981481481481482
2 0.3338541666666667 0.13148148148148148 0.023958333333333335 0.07037037037037037
1 0.5938229166666668 0.17923148148148146 0.029614583333333333 0.1301574074074074
2 0.322953125 0.21150925925925926 0.026859375 0.12725
2 0.4859375 0.2050925925925926 0.023958333333333335 0.10277777777777777
2 0.10193229166666667 0.5611111111111111 0.07455208333333332 0.2788333333333333
2 0.5067708333333333 0.225 0.028125 0.12407407407407407
2 0.34479166666666666 0.2587962962962963 0.03333333333333333 0.15489814814814815
2 0.3700885416666667 0.23267592592592592 0.036307291666666665 0.14656481481481481
2 0.48783333333333334 0.5023796296296297 0.06733854166666667 0.27116666666666667
2 0.4918177083333333 0.8134259259259259 0.09315625000000001 0.36944444444444446
2 0.5558020833333334 0.23478703703703704 0.044640624999999996 0.1574074074074074
2 0.4620520833333333 0.17394444444444446 0.03869270833333334 0.12830555555555556
2 0.6603437499999999 0.9391574074074074 0.10491145833333333 0.12169444444444445
2 0.6759687499999999 0.7870370370370371 0.06175520833333333 0.18253703703703703
