2 0.36335416666666664 0.15601851851851853 0.028796875 0.10462962962962963
2 0.5340781250000001 0.36276851851851855 0.04940625 0.21230555555555555
2 0.41488020833333333 0.11812037037037036 0.022916666666666665 0.09444444444444444
2 0.43389062500000003 0.09987037037037037 0.023286458333333333 0.08650925925925927
2 0.3058802083333333 0.15932407407407406 0.03333333333333333 0.1006574074074074
1 0.47604166666666664 0.03518518518518519 0.07291666666666667 0.07037037037037037
2 0.100296875 0.4478796296296296 0.09017708333333332 0.21190740740740743
2 0.30241666666666667 0.3895462962962963 0.051265625 0.2198425925925926
2 0.3925572916666667 0.1881574074074074 0.036458333333333336 0.12076851851851853
2 0.5453125 0.1449074074074074 0.023958333333333335 0.10092592592592593
2 0.29304166666666664 0.2800925925925926 0.037869791666666666 0.11203703703703703
2 0.34348958333333335 0.23697222222222222 0.033854166666666664 0.14272222222222222
2 0.5643958333333334 0.292787037037037 0.049630208333333335 0.15780555555555556
2 0.4785729166666667 0.4668611111111111 0.06517708333333333 0.25410185185185186
2 0.5263020833333333 0.8092592592592592 0.09680208333333334 0.3814814814814815
2 0.44114583333333335 0.669175925925926 0.079015625 0.32725
2 0.078125 0.8088611111111111 0.10863020833333333 0.38227777777777777
2 0.16666666666666666 0.6408703703703703 0.08482291666666668 0.33729629629629626
2 0.15996875 0.5145462962962963 0.06547395833333333 0.27249074074074076
2 0.513765625 0.2619074074074074 0.046875 0.14021296296296296
2 0.13057812500000002 0.40608333333333335 0.06919791666666668 0.18253703703703703
