2 0.4739583333333333 0.046296296296296294 0.014583333333333334 0.05185185185185185
2 0.04609375 0.638425925925926 0.0703125 0.30462962962962964
2 0.3846354166666667 0.09907407407407408 0.025520833333333333 0.07592592592592592
2 0.39427083333333335 0.8916666666666667 0.109375 0.21666666666666667
2 0.5005208333333333 0.06712962962962964 0.019791666666666666 0.06759259259259259
2 0.3325625 0.14994444444444444 0.029703125 0.09825925925925927
2 0.39114583333333336 0.16203703703703703 0.0375 0.09814814814814815
2 0.240625 0.6214537037037037 0.071875 0.2996944444444445
2 0.15104166666666666 0.47962962962962963 0.08645833333333333 0.20555555555555555
2 0.25725000000000003 0.3967314814814815 0.05529166666666666 0.2083888888888889
2 0.33046875 0.34629629629629627 0.0421875 0.18518518518518517
2 0.49947916666666664 0.2927592592592593 0.0375 0.17188888888888887
2 0.49375 0.725462962962963 0.08958333333333333 0.35833333333333334
2 0.5129375 0.21548148148148147 0.030895833333333334 0.12194444444444444
2 0.6656614583333333 0.9391388888888889 0.11065104166666666 0.12172222222222223
2 0.6949791666666666 0.8882129629629629 0.059911458333333334 0.2235740740740741
