2 0.32589062500000004 0.1587962962962963 0.02991145833333333 0.09722222222222222
2 0.4135052083333333 0.12923148148148147 0.023885416666666666 0.09894444444444445
2 0.38619791666666664 0.15555555555555556 0.024479166666666666 0.1
2 0.5235885416666667 0.1861759259259259 0.027828125 0.11468518518518518
2 0.4705364583333333 0.7826018518518519 0.10565625000000001 0.3792314814814815
2 0.6636927083333333 0.9417962962962962 0.10267708333333332 0.11639814814814814
2 0.7016354166666667 0.8855833333333333 0.08928645833333333 0.22883333333333333
2 0.4750729166666667 0.044314814814814814 0.018598958333333335 0.06481481481481481
2 0.4973958333333333 0.09722222222222222 0.018598958333333335 0.07539814814814816
2 0.513390625 0.08598148148148148 0.020833333333333332 0.08200925925925925
