2 0.042140625 0.6702592592592592 0.07021354166666667 0.21975925925925927
2 0.257765625 0.4316851851851852 0.043130208333333336 0.1777962962962963
2 0.33534895833333334 0.3043611111111111 0.03163020833333333 0.12376851851851851
2 0.7034635416666667 0.4723703703703704 0.042166666666666665 0.13571296296296295
2 0.7486093749999999 0.4658425925925926 0.03870833333333333 0.13191666666666665
2 0.7797447916666667 0.46135185185185185 0.03327083333333333 0.13528703703703704
2 0.8963229166666667 0.43392592592592594 0.03378125 0.11437962962962964
2 0.9351145833333334 0.42564814814814816 0.03671354166666666 0.12251851851851851
2 0.9687760416666666 0.4146388888888889 0.02938020833333333 0.1220925925925926
2 0.875046875 0.5364907407407407 0.24990625 0.28246296296296297
2 0.5977447916666667 0.29874999999999996 0.08940624999999999 0.2051388888888889
2 0.49270833333333336 0.13675925925925925 0.014182291666666668 0.0682037037037037
2 0.500140625 0.11289814814814815 0.014624999999999999 0.06153703703703703
2 0.5322916666666667 0.07673148148148148 0.010807291666666666 0.04967592592592592
2 0.5847447916666667 0.08162037037037037 0.011552083333333333 0.04767592592592593
2 0.5804479166666667 0.03612962962962963 0.007765625 0.0350462962962963
2 0.5953072916666666 0.03198148148148148 0.008640625 0.03814814814814815
2 0.6082968750000001 0.0361574074074074 0.008171875 0.033685185185185186
2 0.3485520833333334 0.23961111111111108 0.04236979166666666 0.05675
