2 0.3533854166666667 0.1354537037037037 0.022395833333333334 0.09021296296296297
2 0.5395104166666667 0.1550277777777778 0.027973958333333333 0.09735185185185186
2 0.29501562499999995 0.2508611111111111 0.041963541666666666 0.15675
2 0.2538697916666667 0.3409351851851852 0.04880729166666666 0.1787037037037037
2 0.3971354166666667 0.12539814814814815 0.022395833333333334 0.09206481481481482
2 0.4161458333333333 0.11388888888888889 0.021875 0.08333333333333333
2 0.5613072916666667 0.19642592592592592 0.03184375 0.12010185185185186
2 0.37425520833333337 0.18499074074074073 0.03184375 0.1263240740740741
2 0.5410364583333334 0.29583333333333334 0.04338020833333334 0.16018518518518518
2 0.325 0.19100925925925924 0.03571354166666666 0.12883333333333333
2 0.49576041666666665 0.20694444444444443 0.031098958333333333 0.11944444444444445
2 0.47559375 0.7053611111111111 0.091515625 0.33108333333333334
2 0.19274479166666666 0.392 0.05900520833333334 0.21600925925925926
2 0.3567708333333333 0.8541666666666666 0.09791666666666667 0.2916666666666667
2 0.37128125 0.1124351851851852 0.025296875 0.08200925925925925
2 0.013390625 0.8452407407407407 0.026786458333333332 0.3042314814814815
