2 0.5481770833333334 0.7206944444444444 0.05277083333333333 0.20025925925925925
2 0.4216979166666667 0.33515740740740746 0.016822916666666667 0.06499074074074074
2 0.5349947916666667 0.3519259259259259 0.01598958333333333 0.07074074074074074
2 0.5696458333333333 0.3382222222222222 0.012604166666666666 0.06799999999999999
2 0.6147447916666666 0.3340740740740741 0.017864583333333333 0.05687037037037037
2 0.6438124999999999 0.35635185185185186 0.03113541666666667 0.09001851851851851
2 0.516859375 0.28985185185185186 0.009598958333333333 0.048185185185185185
2 0.5261875 0.2841203703703704 0.010624999999999999 0.04669444444444444
2 0.5755104166666667 0.26343518518518516 0.006703125 0.032388888888888884
2 0.5648385416666667 0.2414814814814815 0.006192708333333334 0.028370370370370372
2 0.5709583333333333 0.23299999999999998 0.005609375 0.0285
1 0.5619427083333334 0.21425 0.023640625000000002 0.043972222222222225
1 0.5823020833333333 0.2901759259259259 0.009875 0.04884259259259259
