2 0.5463541666666667 0.2847222222222222 0.025 0.09722222222222222
2 0.43776041666666665 0.09583333333333334 0.021354166666666667 0.0824074074074074
2 0.4984375 0.30648148148148147 0.029166666666666667 0.12962962962962962
2 0.2903645833333333 0.513425925925926 0.06302083333333333 0.225
2 0.1751875 0.3453703703703704 0.04352604166666666 0.18730555555555556
2 0.25546875 0.3037037037037037 0.03802083333333333 0.13148148148148148
2 0.425 0.18287037037037038 0.029166666666666667 0.1175925925925926
2 0.309375 0.3685185185185185 0.053125 0.13703703703703704
2 0.4863072916666667 0.18346296296296294 0.028869791666666665 0.11269444444444444
2 0.4432291666666667 0.28703703703703703 0.0375 0.1574074074074074
2 0.21328125 0.39669444444444446 0.04635416666666667 0.1529074074074074
2 0.5213541666666667 0.35707407407407404 0.040625 0.19139814814814815
2 0.41770833333333335 0.40925925925925927 0.05 0.20555555555555555
2 0.37935416666666666 0.8251944444444445 0.08578645833333334 0.3440462962962963
2 0.5736614583333334 0.39616666666666667 0.04761979166666667 0.20767592592592593
2 0.4973958333333333 0.6580648148148148 0.07663541666666666 0.3055555555555556
2 0.6610885416666666 0.9404722222222223 0.09746874999999999 0.11904629629629629
2 0.6923385416666666 0.8948425925925926 0.072171875 0.21031481481481482
2 0.037203125000000004 0.6203703703703703 0.07440625000000001 0.32539814814814816
2 0.11681770833333333 0.4708981481481481 0.049109375000000004 0.18518518518518517
