2 0.29267187499999997 0.8101203703703703 0.07805208333333334 0.3742037037037037
2 0.14155729166666667 0.2979537037037037 0.061234374999999994 0.15780555555555556
2 0.208703125 0.3130277777777778 0.04241145833333334 0.17341666666666666
2 0.4125 0.1455648148148148 0.021875 0.11626851851851851
2 0.38567708333333334 0.23333333333333334 0.034895833333333334 0.13518518518518519
2 0.30755208333333334 0.3861111111111111 0.050520833333333334 0.2
2 0.48359375 0.44166666666666665 0.05364583333333333 0.22592592592592592
2 0.4713541666666667 0.7361111111111112 0.09270833333333334 0.34629629629629627
2 0.54453125 0.3712962962962963 0.0453125 0.1925925925925926
2 0.6603437499999999 0.9398148148148148 0.09895833333333333 0.12037037037037036
2 0.6986614583333334 0.8955 0.08482291666666668 0.20899074074074075
2 0.5539427083333333 0.13558333333333333 0.026041666666666668 0.10185185185185185
2 0.4293177083333333 0.09193518518518519 0.017859375 0.07804629629629631
2 0.18601041666666665 0.43584259259259256 0.0625 0.11772222222222223
2 0.38355729166666663 0.06349074074074074 0.021578125 0.0793611111111111
2 0.4776770833333333 0.032407407407407406 0.014880208333333334 0.059527777777777784
