2 0.50996875 0.3013888888888889 0.019942708333333333 0.06441666666666666
2 0.54765625 0.36362037037037037 0.018229166666666668 0.06296296296296296
2 0.5744791666666667 0.38333333333333336 0.021875 0.07407407407407407
2 0.6565104166666667 0.9259259259259259 0.0671875 0.14444444444444443
2 0.5454218750000001 0.4273796296296296 0.027307291666666667 0.0955
2 0.31090104166666666 0.4917962962962963 0.041890625 0.1391574074074074
2 0.5112708333333333 0.47876851851851854 0.032963541666666665 0.1220925925925926
2 0.44166666666666665 0.6510555555555555 0.04479166666666667 0.16349074074074074
2 0.30416666666666664 0.9518518518518518 0.0875 0.09444444444444444
2 0.411609375 0.820037037037037 0.07008854166666666 0.22658333333333333
2 0.5589270833333334 0.6778425925925926 0.05015104166666667 0.19827777777777778
