2 0.41239062499999996 0.02811111111111111 0.034005208333333335 0.056212962962962965
2 0.08675520833333333 0.4716296296296296 0.077828125 0.2916666666666667
2 0.290328125 0.33360185185185187 0.06726041666666666 0.21163888888888888
2 0.138390625 0.6600555555555556 0.10386979166666667 0.3359814814814815
2 0.31506249999999997 0.8488055555555556 0.10275520833333333 0.3023796296296296
2 0.09114583333333333 0.20416666666666666 0.053125 0.175
2 0.5328125 0.4323425925925926 0.078125 0.2588611111111111
2 0.8683020833333334 0.3485462962962963 0.07738020833333333 0.21296296296296297
2 0.6599687500000001 0.17857407407407408 0.05505729166666666 0.17725000000000002
2 0.6145833333333334 0.09920370370370371 0.04761979166666667 0.1534351851851852
2 0.6476927083333333 0.06547222222222222 0.05431770833333334 0.1309537037037037
2 0.5111614583333333 0.01786111111111111 0.028276041666666665 0.03571296296296296
2 0.3746302083333333 0.027777777777777776 0.033484375000000004 0.05555555555555555
2 0.32403125 0.023148148148148147 0.03199479166666667 0.046296296296296294
