2 0.3333333333333333 0.9435185185185185 0.08020833333333334 0.10925925925925926
2 0.4800989583333333 0.030555555555555555 0.021687500000000002 0.06111111111111111
2 0.41692708333333334 0.052314814814814814 0.0171875 0.06574074074074074
2 0.49519270833333334 0.04694444444444445 0.019557291666666664 0.07278703703703704
2 0.4579479166666667 0.03975925925925926 0.017979166666666668 0.07048148148148149
2 0.49635416666666665 0.17015740740740742 0.02815625 0.12635185185185185
2 0.4234375 0.14027777777777778 0.025 0.10277777777777777
2 0.38271875000000005 0.1373888888888889 0.03210416666666667 0.1104074074074074
2 0.4518229166666667 0.2013888888888889 0.03177083333333333 0.13055555555555556
2 0.43671875 0.362962962962963 0.0421875 0.1925925925925926
2 0.5265625 0.38333333333333336 0.05 0.20185185185185187
2 0.6596614583333333 0.9437685185185185 0.10212500000000001 0.11246296296296296
2 0.69553125 0.8866666666666667 0.07143229166666668 0.2266574074074074
2 0.5364583333333334 0.21281481481481482 0.05016145833333333 0.14130555555555557
2 0.5188125 0.1108888888888889 0.02703125 0.10102777777777777
2 0.39415104166666665 0.04530555555555556 0.019026041666666667 0.07787962962962963
