2 0.5886666666666667 0.41674074074074074 0.019161458333333332 0.09543518518518518
2 0.47808854166666664 0.7011944444444445 0.04454166666666667 0.1859537037037037
2 0.6783281250000001 0.5123518518518518 0.02140104166666667 0.12308333333333334
2 0.6126510416666666 0.3420462962962963 0.01768229166666667 0.06425
2 0.5312135416666667 0.254212962962963 0.007859375 0.035305555555555555
2 0.5451458333333333 0.2535925925925926 0.0076770833333333335 0.03265740740740741
2 0.5539427083333333 0.24517592592592594 0.00684375 0.030064814814814815
2 0.565 0.24786111111111112 0.007322916666666667 0.031166666666666662
2 0.575875 0.2616203703703704 0.007432291666666666 0.037314814814814815
2 0.6439947916666667 0.3537592592592593 0.03149479166666667 0.0848425925925926
2 0.6441041666666667 0.3890185185185185 0.018895833333333334 0.05706481481481482
