2 0.36673958333333334 0.11944444444444445 0.05818229166666666 0.1029074074074074
2 0.21488541666666666 0.5242685185185185 0.06488020833333333 0.27817592592592594
2 0.3697916666666667 0.17731481481481481 0.025 0.09722222222222222
2 0.2675208333333333 0.3181851851851852 0.04486458333333333 0.20012962962962963
2 0.3426354166666667 0.2836018518518519 0.039734375 0.17010185185185187
2 0.4088541666666667 0.4023148148148148 0.046875 0.21388888888888888
2 0.4464635416666667 0.48657407407407405 0.06793229166666667 0.265212962962963
2 0.5718385416666667 0.44000925925925927 0.05796354166666667 0.23425925925925925
1 0.48463541666666665 0.15806481481481482 0.141890625 0.29947222222222225
2 0.40699479166666663 0.8655462962962963 0.11726041666666666 0.26890740740740743
2 0.15104166666666666 0.4345277777777778 0.056546874999999996 0.22883333333333333
2 0.08891145833333333 0.5634907407407408 0.06175520833333333 0.25397222222222227
2 0.10193229166666667 0.6547592592592593 0.06994270833333333 0.27249074074074076
2 0.053572916666666665 0.8293611111111111 0.107140625 0.34127777777777774
2 0.6956822916666667 0.8948425925925926 0.06547395833333333 0.21031481481481482
2 0.38690625 0.025796296296296296 0.013390625 0.051583333333333335
2 0.3939739583333333 0.04762037037037037 0.014135416666666668 0.06084259259259259
2 0.40327604166666664 0.03373148148148148 0.014880208333333334 0.05687962962962963
2 0.4203854166666667 0.04100925925925926 0.020833333333333332 0.06878703703703705
