2 0.39140625 0.1412037037037037 0.024479166666666666 0.08796296296296297
2 0.4546875 0.026851851851851852 0.015625 0.05185185185185185
2 0.33671875 0.19444444444444445 0.0265625 0.09259259259259259
2 0.39375 0.07361111111111111 0.017708333333333333 0.06759259259259259
2 0.3729166666666667 0.19768518518518519 0.027083333333333334 0.11203703703703703
2 0.41510416666666666 0.47129629629629627 0.05 0.20925925925925926
2 0.4236614583333333 0.18326851851851853 0.026489583333333334 0.12235185185185184
2 0.5189010416666666 0.4265185185185185 0.06488020833333333 0.225
2 0.5950885416666666 0.27975925925925926 0.03809375 0.16323148148148148
2 0.3511927083333333 0.1316111111111111 0.013390625 0.051583333333333335
2 0.33965625 0.16666666666666666 0.020088541666666668 0.08994444444444445
2 0.43340625 0.08730555555555557 0.023067708333333332 0.06878703703703705
2 0.22916666666666666 0.24669444444444444 0.041666666666666664 0.13360185185185183
2 0.34858854166666664 0.3088611111111111 0.037947916666666665 0.19973148148148148
2 0.3374270833333333 0.3478796296296296 0.05133854166666666 0.20105555555555554
2 0.19791666666666666 0.28108333333333335 0.05059375 0.14682407407407408
2 0.14992708333333335 0.3353148148148148 0.06175520833333333 0.16005555555555556
2 0.21614583333333334 0.43121296296296296 0.05431770833333334 0.2433888888888889
2 0.13355729166666666 0.5105833333333333 0.07068229166666667 0.2486759259259259
2 0.13020833333333334 0.6269814814814815 0.08482291666666668 0.34391666666666665
2 0.7206145833333333 0.8029074074074074 0.22097916666666664 0.39417592592592593
