2 0.6669270833333333 0.5 0.0265625 0.1037037037037037
2 0.42526041666666664 0.3287037037037037 0.0203125 0.06851851851851852
2 0.6078125 0.5027777777777778 0.03125 0.12407407407407407
2 0.43046875 0.525 0.030729166666666665 0.1259259259259259
2 0.35963541666666665 0.9050925925925926 0.06510416666666667 0.18611111111111112
2 0.506375 0.8059907407407407 0.06066666666666667 0.2157962962962963
2 0.5525520833333334 0.3256851851851852 0.016385416666666666 0.061481481481481484
2 0.6214166666666666 0.34013888888888894 0.023901041666666668 0.07186111111111111
2 0.5686145833333334 0.3092037037037037 0.018994791666666667 0.06358333333333334
2 0.5185364583333334 0.31544444444444447 0.021270833333333336 0.05951851851851852
