2 0.5312135416666667 0.513824074074074 0.07046354166666666 0.2707685185185185
2 0.055802083333333335 0.8068796296296296 0.11011979166666667 0.3862407407407407
2 0.10640104166666667 0.6421944444444445 0.09375 0.31084259259259256
2 0.20833333333333334 0.6137592592592592 0.08630729166666667 0.3465648148148148
2 0.24963020833333335 0.48478703703703707 0.055802083333333335 0.25
2 0.12351041666666666 0.4781759259259259 0.053572916666666665 0.2235462962962963
2 0.22135416666666666 0.3366388888888889 0.04984895833333333 0.18386111111111111
2 0.037947916666666665 0.3571388888888889 0.061010416666666664 0.17725000000000002
2 0.30394270833333337 0.22089814814814815 0.029015625 0.1375648148148148
2 0.34858854166666664 0.17526851851851852 0.029015625 0.07804629629629631
1 0.4479166666666667 0.09325 0.052083333333333336 0.08068518518518518
2 0.49442187499999996 0.03769444444444445 0.023067708333333332 0.06746296296296296
