1 0.2715677083333333 0.24142592592592593 0.036000000000000004 0.15699074074074076
2 0.4557291666666667 0.08148148148148149 0.026041666666666668 0.09444444444444444
2 0.4161458333333333 0.09534259259259259 0.025 0.09635185185185186
2 0.2171875 0.4300925925925926 0.05520833333333333 0.225
2 0.38996875000000003 0.1270648148148148 0.028395833333333335 0.09958333333333333
2 0.51875 0.22685185185185186 0.036458333333333336 0.1425925925925926
2 0.4479166666666667 0.5504629629629629 0.071875 0.28055555555555556
2 0.34322916666666664 0.21778703703703706 0.030208333333333334 0.14220370370370372
2 0.14656770833333335 0.46367592592592594 0.05163541666666667 0.22325
2 0.17415104166666667 0.40544444444444444 0.039093750000000003 0.19939814814814813
2 0.678640625 0.7737314814814815 0.086265625 0.2569444444444444
