1 0.2334166666666667 0.5515 0.04130729166666667 0.1458148148148148
2 0.2539427083333333 0.6572129629629629 0.04763020833333333 0.18131481481481482
2 0.5488072916666666 0.4676666666666667 0.02625 0.11704629629629629
2 0.67615625 0.508 0.025739583333333333 0.12055555555555554
2 0.5346822916666666 0.33744444444444444 0.015458333333333333 0.06512037037037037
2 0.5606302083333333 0.2882685185185185 0.010927083333333334 0.04701851851851852
2 0.5887083333333333 0.28907407407407404 0.012395833333333333 0.044000000000000004
2 0.5409791666666667 0.2845462962962963 0.011552083333333333 0.04884259259259259
2 0.5218385416666667 0.25255555555555553 0.007994791666666666 0.03425
2 0.6502916666666666 0.4016944444444444 0.021848958333333335 0.08251851851851852
2 0.6439791666666667 0.35385185185185186 0.03526041666666667 0.08560185185185186
