2 0.53828125 0.11018518518518519 0.0203125 0.08148148148148149
2 0.1421875 0.717925925925926 0.09434374999999999 0.3765833333333333
2 0.41692708333333334 0.04490740740740741 0.018229166666666668 0.06759259259259259
2 0.2707239583333333 0.31130555555555556 0.040401041666666665 0.17817592592592593
2 0.46796875 0.044444444444444446 0.05260416666666667 0.08888888888888889
2 0.490625 0.17737962962962964 0.030208333333333334 0.12327777777777776
2 0.43909895833333334 0.2763888888888889 0.040401041666666665 0.14166666666666666
2 0.5368697916666666 0.24153703703703705 0.03668229166666667 0.14602777777777778
2 0.44992708333333337 0.42539814814814814 0.06890104166666666 0.22169444444444444
2 0.49892187499999996 0.7952407407407408 0.09367708333333334 0.3756574074074074
2 0.413390625 0.6027777777777777 0.07604166666666666 0.29814814814814816
2 0.23028125 0.20899074074074075 0.037947916666666665 0.11639814814814814
2 0.39505208333333336 0.047685185185185185 0.018229166666666668 0.06759259259259259
2 0.6875 0.7903425925925927 0.07143229166666668 0.22883333333333333
