2 0.6847916666666667 0.7661666666666667 0.06583854166666667 0.29528703703703707
2 0.5294270833333333 0.1587962962962963 0.019270833333333334 0.08425925925925926
2 0.4234375 0.08333333333333333 0.06770833333333333 0.1537037037037037
2 0.5518229166666667 0.18564814814814815 0.030729166666666665 0.10648148148148148
2 0.50390625 0.19583333333333333 0.0265625 0.09722222222222222
2 0.5143229166666666 0.8305555555555556 0.1046875 0.3333333333333333
2 0.5213541666666667 0.46064814814814814 0.059375 0.2490740740740741
2 0.1444375 0.34217592592592594 0.07799479166666666 0.1716111111111111
2 0.065828125 0.34168518518518515 0.05682291666666666 0.16137037037037036
2 0.147046875 0.6950925925925926 0.08383854166666667 0.3496759259259259
2 0.37793229166666664 0.10507407407407408 0.023046875 0.09864814814814815
2 0.475328125 0.028185185185185185 0.01296875 0.05599074074074074
2 0.4909947916666667 0.04993518518518519 0.014791666666666667 0.06862037037037037
2 0.5619062499999999 0.12428703703703703 0.0229375 0.09387962962962963
