1 0.2268125 0.228 0.027619791666666667 0.13103703703703704
2 0.6851822916666667 0.7479629629629629 0.067140625 0.26260185185185186
2 0.475 0.3768518518518518 0.052083333333333336 0.17407407407407408
2 0.12097395833333334 0.3397037037037037 0.06486979166666666 0.18355555555555556
2 0.16767708333333334 0.5283703703703704 0.0656875 0.2784537037037037
2 0.36094791666666665 0.13299999999999998 0.025015625 0.10623148148148148
2 0.4578125 0.4723333333333333 0.051041666666666666 0.23866666666666667
1 0.45859375 0.10046296296296296 0.09427083333333333 0.18425925925925926
2 0.3221354166666667 0.22816666666666666 0.034895833333333334 0.14921296296296296
2 0.5062760416666666 0.21380555555555555 0.03650520833333334 0.1335
2 0.44557291666666665 0.23194444444444445 0.0359375 0.1287037037037037
2 0.08922916666666666 0.5392962962962964 0.06369791666666666 0.257212962962963
2 0.39277083333333335 0.113 0.024942708333333334 0.10524074074074073
1 0.5581197916666666 0.1252777777777778 0.02577604166666667 0.11436111111111112
2 0.413375 0.4093055555555556 0.0453125 0.2225462962962963
