2 0.46655729166666665 0.30787037037037035 0.041229166666666664 0.17452777777777778
2 0.3666354166666667 0.18383333333333332 0.028885416666666667 0.12647222222222224
2 0.3125572916666667 0.19537037037037036 0.029057291666666665 0.12360185185185187
2 0.26615104166666664 0.45528703703703705 0.061244791666666666 0.25319444444444444
2 0.14941666666666667 0.34564814814814815 0.04653125 0.17972222222222223
2 0.11830208333333332 0.3317685185185185 0.040552083333333336 0.17047222222222225
2 0.11641145833333333 0.7640092592592592 0.09927083333333334 0.42314814814814816
2 0.11125 0.554324074074074 0.06602604166666666 0.2637407407407407
2 0.38264062499999996 0.15850925925925927 0.023395833333333334 0.11655555555555555
2 0.3921145833333333 0.09489814814814815 0.021505208333333335 0.08562962962962964
2 0.3833020833333334 0.03540740740740741 0.016390625 0.06664814814814815
2 0.57278125 0.2178240740740741 0.10159375 0.2166574074074074
1 0.5294010416666667 0.3886388888888889 0.04816145833333333 0.22496296296296298
2 0.46665625 0.14435185185185187 0.09976041666666666 0.22899074074074074
