2 0.45364583333333336 0.2726851851851852 0.021875 0.05648148148148148
2 0.6083333333333333 0.35833333333333334 0.021875 0.07592592592592592
2 0.5083489583333333 0.2696574074074074 0.03544791666666667 0.06810185185185184
2 0.5421875 0.3837962962962963 0.025 0.0824074074074074
2 0.5700520833333333 0.33796296296296297 0.019270833333333334 0.07222222222222222
2 0.3033854166666667 0.4930555555555556 0.04010416666666667 0.12129629629629629
2 0.49947916666666664 0.8925925925925926 0.05520833333333333 0.2111111111111111
2 0.45807291666666666 0.7273148148148149 0.049479166666666664 0.20462962962962963
2 0.3684895833333333 0.6185185185185185 0.043229166666666666 0.15
2 0.14453125 0.9185185185185185 0.08489583333333334 0.16296296296296298
2 0.6310468749999999 0.3578148148148148 0.01885416666666667 0.07018518518518518
2 0.6498281250000001 0.40263888888888894 0.028645833333333332 0.07032407407407408
