2 0.6618020833333333 0.8396018518518519 0.17758854166666668 0.3207962962962963
2 0.4935677083333333 0.45687037037037037 0.12410416666666667 0.2621111111111111
2 0.45231770833333335 0.3317685185185185 0.0380625 0.07577777777777778
2 0.6441510416666667 0.35510185185185184 0.031578125 0.08878703703703704
2 0.5158177083333333 0.30621296296296296 0.013541666666666667 0.05496296296296296
2 0.5653697916666667 0.3480648148148148 0.016052083333333335 0.0646111111111111
2 0.597421875 0.34802777777777777 0.014812500000000001 0.06622222222222222
2 0.6069739583333333 0.31030555555555556 0.011203125000000001 0.051370370370370365
2 0.6124635416666667 0.2967592592592593 0.007973958333333333 0.047851851851851854
2 0.5883125 0.27617592592592594 0.008916666666666666 0.036981481481481476
2 0.562203125 0.2514537037037037 0.006880208333333334 0.031314814814814816
2 0.550921875 0.2419259259259259 0.007052083333333333 0.027416666666666666
2 0.534671875 0.23878703703703702 0.0076927083333333335 0.027564814814814813
2 0.5570364583333334 0.2180462962962963 0.006020833333333334 0.020064814814814817
2 0.5642916666666667 0.21525925925925926 0.004427083333333333 0.01952777777777778
2 0.6516197916666666 0.40423148148148147 0.020942708333333334 0.07928703703703703
2 0.6777083333333334 0.5114814814814814 0.023880208333333333 0.12038888888888889
2 0.6601666666666667 0.5686111111111112 0.031411458333333336 0.14542592592592593
2 0.6923697916666666 0.6354537037037037 0.04278645833333334 0.13264814814814813
