2 0.446875 0.09675925925925925 0.020833333333333332 0.0787037037037037
2 0.4283958333333333 0.18739814814814815 0.07866145833333334 0.13630555555555557
2 0.34590624999999997 0.2020462962962963 0.034375 0.13135185185185186
2 0.5424479166666667 0.08842592592592592 0.019270833333333334 0.06388888888888888
2 0.40234375 0.11898148148148148 0.025520833333333333 0.08611111111111111
2 0.35078125 0.1361111111111111 0.027604166666666666 0.08148148148148149
2 0.5661458333333333 0.14305555555555555 0.028125 0.09351851851851851
2 0.30143749999999997 0.2404351851851852 0.03829166666666666 0.1413611111111111
2 0.5628854166666667 0.2348796296296296 0.035145833333333334 0.1561759259259259
2 0.33969270833333337 0.8075185185185185 0.08728125 0.38125925925925924
2 0.08907291666666667 0.5876944444444445 0.07032291666666667 0.29228703703703707
2 0.678640625 0.7738703703703703 0.06890104166666666 0.2819166666666667
