2 0.3939947916666667 0.1135462962962963 0.02653125 0.08956481481481482
2 0.49921875 0.0587962962962963 0.018229166666666668 0.06018518518518518
2 0.030208333333333334 0.6763888888888889 0.059375 0.33240740740740743
2 0.4630208333333333 0.6041666666666666 0.07395833333333333 0.2712962962962963
2 0.42916666666666664 0.925 0.11458333333333333 0.15
2 0.4644583333333333 0.09877777777777778 0.02266666666666667 0.08577777777777777
2 0.43411458333333336 0.10900925925925926 0.0265625 0.09310185185185185
2 0.40588541666666667 0.1896851851851852 0.038223958333333335 0.1354351851851852
2 0.2515625 0.25972222222222224 0.03229166666666667 0.12685185185185185
2 0.3580729166666667 0.37407407407407406 0.0484375 0.2
2 0.5192708333333333 0.16103703703703703 0.028125 0.11680555555555557
2 0.5019583333333333 0.4124537037037037 0.057041666666666664 0.22323148148148148
2 0.28619791666666666 0.3768518518518518 0.0484375 0.20555555555555555
2 0.6829010416666667 0.7775185185185185 0.06353645833333334 0.25217592592592597
