2 0.5812083333333333 0.23077777777777778 0.037234375 0.1895648148148148
2 0.6303385416666667 0.18258333333333332 0.040010416666666666 0.17651851851851852
2 0.5146354166666667 0.17149999999999999 0.037765625000000004 0.17903703703703705
2 0.507765625 0.059657407407407416 0.030973958333333333 0.11931481481481483
2 0.4169583333333333 0.0287962962962963 0.02471354166666667 0.057583333333333334
2 0.314828125 0.016166666666666666 0.0253125 0.03233333333333333
2 0.21041145833333333 0.06456481481481482 0.03522395833333333 0.1291388888888889
2 0.23665624999999998 0.13937037037037037 0.044307291666666665 0.1703425925925926
2 0.28425 0.18160185185185185 0.042270833333333334 0.18689814814814815
2 0.16897916666666665 0.32007407407407407 0.05652083333333333 0.2354537037037037
2 0.08101041666666667 0.2630462962962963 0.052468749999999995 0.21762962962962962
2 0.06061458333333333 0.5740092592592592 0.07590104166666665 0.31121296296296297
