2 0.41796875 0.08703703703703704 0.019270833333333334 0.08333333333333333
2 0.5606770833333333 0.13935185185185187 0.024479166666666666 0.09907407407407408
2 0.3085572916666666 0.21005555555555558 0.031697916666666666 0.13175
2 0.3463541666666667 0.16296296296296298 0.026041666666666668 0.0962962962962963
2 0.1671875 0.2689814814814815 0.04479166666666667 0.15462962962962962
2 0.446875 0.3055555555555556 0.042708333333333334 0.1648148148148148
2 0.5151041666666667 0.30092592592592593 0.03854166666666667 0.16111111111111112
2 0.46197916666666666 0.5097222222222222 0.065625 0.2601851851851852
2 0.40546875 0.8125 0.09739583333333333 0.3675925925925926
2 0.6845260416666666 0.7731481481481481 0.07886979166666667 0.26058333333333333
