2 0.109078125 0.731675925925926 0.07142708333333332 0.19457407407407407
2 0.5408489583333334 0.3705 0.025744791666666666 0.08360185185185186
2 0.54921875 0.4361111111111111 0.022395833333333334 0.07592592592592592
2 0.3816614583333333 0.41759259259259257 0.03638541666666666 0.10212037037037038
2 0.6069583333333333 0.3705 0.027307291666666667 0.08306481481481481
2 0.559375 0.35185185185185186 0.020833333333333332 0.06481481481481481
2 0.55703125 0.5099907407407407 0.03638541666666666 0.1263240740740741
2 0.5080729166666667 0.5041666666666667 0.030729166666666665 0.11944444444444445
2 0.43824479166666663 0.7820092592592593 0.08050520833333333 0.23227777777777778
2 0.6277135416666667 0.5664722222222222 0.05543229166666667 0.14589814814814814
