1 0.605546875 0.4679074074074074 0.058791666666666666 0.2649722222222222
2 0.17716666666666667 0.438037037037037 0.047864583333333335 0.22375925925925927
2 0.5064322916666667 0.44232407407407404 0.0543125 0.2286388888888889
2 0.5380468749999999 0.2942592592592593 0.04369270833333334 0.17347222222222222
2 0.4907864583333333 0.25273148148148145 0.03875520833333333 0.15893518518518518
2 0.4724114583333333 0.18706481481481482 0.02908854166666667 0.12203703703703704
2 0.5311822916666666 0.18811111111111112 0.029958333333333333 0.11487962962962962
2 0.5792239583333333 0.14285185185185184 0.022916666666666665 0.0725
2 0.3219375 0.2033888888888889 0.030697916666666665 0.12135185185185185
2 0.025515625 0.5906574074074074 0.05103645833333333 0.30797222222222226
2 0.10880208333333334 0.44395370370370374 0.052270833333333336 0.2288425925925926
2 0.09202604166666667 0.30842592592592594 0.05740625 0.15619444444444444
2 0.3004583333333333 0.17452777777777778 0.024864583333333336 0.11857407407407408
2 0.38129687500000004 0.14165740740740743 0.022859375 0.0977962962962963
2 0.41360416666666666 0.12290740740740741 0.0205 0.09203703703703704
2 0.47065104166666666 0.06737962962962962 0.016375 0.0750648148148148
2 0.43347916666666664 0.06861111111111111 0.014942708333333334 0.0762037037037037
2 0.4032708333333333 0.11221296296296296 0.018520833333333334 0.0959537037037037
2 0.38020312500000003 0.09737037037037037 0.02 0.07155555555555555
2 0.37172916666666667 0.04162037037037037 0.011239583333333332 0.059268518518518526
2 0.38008333333333333 0.03846296296296296 0.010088541666666668 0.05957407407407408
2 0.4134895833333333 0.037898148148148146 0.013651041666666667 0.05711111111111111
2 0.517265625 0.06647222222222222 0.015848958333333333 0.07325925925925926
2 0.5382187500000001 0.12750925925925927 0.021302083333333333 0.10141666666666667
2 0.49328125 0.07885185185185185 0.018479166666666665 0.07023148148148148
