2 0.38794791666666667 0.15271296296296297 0.026932291666666667 0.11124074074074074
2 0.48828125 0.038425925925925926 0.018229166666666668 0.049074074074074076
2 0.1828125 0.24749074074074076 0.041963541666666666 0.15212037037037035
2 0.43917187500000004 0.0632962962962963 0.018973958333333332 0.06600925925925927
2 0.40625 0.09299074074074075 0.020833333333333332 0.08412962962962962
2 0.4315104166666667 0.11898148148148148 0.022395833333333334 0.09351851851851851
2 0.21458333333333332 0.587037037037037 0.06666666666666667 0.2518518518518518
2 0.36778125 0.26746296296296296 0.03958333333333333 0.15687962962962965
2 0.33255208333333336 0.1875 0.0296875 0.10092592592592593
2 0.27239583333333334 0.36203703703703705 0.04791666666666667 0.20185185185185187
2 0.4056197916666667 0.8328703703703704 0.10588020833333332 0.33425925925925926
2 0.5238072916666667 0.20635185185185187 0.032739583333333336 0.1322777777777778
2 0.10119270833333333 0.5595277777777777 0.06994270833333333 0.2619074074074074
2 0.05766145833333333 0.7116388888888889 0.09300520833333333 0.34391666666666665
