2 0.5661458333333333 0.36527777777777776 0.021875 0.0712962962962963
2 0.553125 0.4059537037037037 0.023958333333333335 0.08412962962962962
2 0.47604166666666664 0.37453703703703706 0.025 0.08796296296296297
2 0.5221354166666666 0.3458333333333333 0.0234375 0.07314814814814814
2 0.5234375 0.5208333333333334 0.03854166666666667 0.13240740740740742
2 0.4015625 0.5398148148148149 0.03854166666666667 0.14629629629629629
2 0.4473958333333333 0.749537037037037 0.05520833333333333 0.21388888888888888
2 0.19713541666666667 0.9527777777777777 0.08802083333333334 0.09444444444444444
2 0.49270833333333336 0.29444444444444445 0.017708333333333333 0.05
2 0.6437916666666667 0.3533981481481482 0.02177604166666667 0.07060185185185185
