2 0.21060937500000002 0.7573148148148148 0.061661458333333335 0.20559259259259258
2 0.332828125 0.4822592592592593 0.033526041666666666 0.12153703703703703
2 0.4251302083333333 0.47847222222222224 0.028895833333333332 0.12630555555555556
2 0.51984375 0.4793148148148148 0.027348958333333333 0.12182407407407407
2 0.574578125 0.42186111111111113 0.0205 0.09642592592592593
2 0.6563854166666666 0.45251851851851854 0.02265625 0.07439814814814814
2 0.6419791666666667 0.42412962962962963 0.018703124999999998 0.08542592592592593
2 0.6445833333333333 0.35625 0.0324375 0.09108333333333334
2 0.672140625 0.6221388888888889 0.11596354166666667 0.27099074074074075
2 0.5509479166666666 0.3575925925925926 0.015619791666666666 0.06851851851851852
2 0.5773385416666666 0.34802777777777777 0.015369791666666667 0.06622222222222222
2 0.576046875 0.3176111111111111 0.012786458333333334 0.052064814814814814
2 0.585796875 0.3067037037037037 0.010505208333333333 0.05703703703703704
2 0.5765416666666667 0.2749074074074074 0.010932291666666667 0.03950925925925926
2 0.5608020833333334 0.2863888888888889 0.008817708333333334 0.04562962962962963
2 0.5375572916666667 0.27747222222222223 0.009671875 0.04968518518518518
2 0.5479322916666667 0.2664537037037037 0.009588541666666667 0.04111111111111111
2 0.5601822916666667 0.257 0.006625000000000001 0.033999999999999996
2 0.5473697916666667 0.2383333333333333 0.004682291666666667 0.026953703703703702
2 0.5608906250000001 0.21323148148148147 0.005203125 0.02052777777777778
2 0.554109375 0.22559259259259257 0.005848958333333334 0.02336111111111111
2 0.5665104166666667 0.23316666666666666 0.006020833333333334 0.025037037037037035
2 0.48551041666666667 0.3776481481481482 0.017317708333333334 0.08811111111111111
