2 0.35885416666666664 0.24166666666666667 0.034375 0.11666666666666667
2 0.5106770833333333 0.825462962962963 0.10572916666666667 0.3472222222222222
2 0.2794270833333333 0.5481481481481482 0.07239583333333334 0.32222222222222224
2 0.4780520833333333 0.3243425925925926 0.045984375 0.18280555555555555
2 0.3502604166666667 0.37916666666666665 0.044270833333333336 0.19166666666666668
2 0.3072916666666667 0.3106481481481482 0.03854166666666667 0.1712962962962963
2 0.5433802083333333 0.21216666666666664 0.031546875 0.12380555555555556
2 0.41380208333333335 0.20019444444444445 0.03177083333333333 0.13108333333333333
2 0.5125 0.20304629629629628 0.027083333333333334 0.1198425925925926
2 0.136609375 0.6204999999999999 0.08898958333333334 0.32989814814814816
2 0.545015625 0.38432407407407404 0.05222916666666667 0.2038425925925926
2 0.44798958333333333 0.6712962962962963 0.07515104166666667 0.33412962962962967
2 0.040552083333333336 0.8359814814814815 0.08109895833333333 0.32804629629629634
2 0.17559375 0.4570092592592592 0.0625 0.22089814814814815
2 0.23363020833333334 0.39616666666666667 0.05803645833333334 0.21296296296296297
2 0.48028125 0.18121296296296296 0.033484375000000004 0.12434259259259259
2 0.3203125 0.15675 0.03199479166666667 0.10978703703703703
2 0.37425520833333337 0.14417592592592593 0.026786458333333332 0.10582407407407408
2 0.6841510416666666 0.7658703703703703 0.07663541666666666 0.28571296296296295
2 0.5439010416666666 0.12830555555555556 0.025296875 0.08730555555555557
