2 0.23522395833333334 0.6247592592592592 0.06815104166666666 0.26756481481481487
2 0.48266145833333335 0.6356851851851851 0.0734375 0.32646296296296295
2 0.5492447916666666 0.8325277777777778 0.11077083333333333 0.3349537037037037
2 0.5813489583333333 0.6888611111111111 0.074984375 0.3513425925925926
1 0.6050260416666667 0.465212962962963 0.05983333333333333 0.26699074074074075
2 0.5311041666666667 0.3777037037037037 0.039072916666666666 0.2030925925925926
2 0.179296875 0.28035185185185185 0.04170833333333333 0.14542592592592593
2 0.097515625 0.3226851851851852 0.059395833333333335 0.10787037037037037
2 0.21334375 0.2374351851851852 0.028552083333333332 0.13367592592592592
2 0.2713072916666667 0.2121111111111111 0.03197916666666666 0.12375925925925925
2 0.519171875 0.3051759259259259 0.040203125 0.17654629629629628
2 0.5617916666666667 0.25460185185185186 0.042109375 0.15318518518518517
2 0.41138541666666667 0.12359259259259259 0.024635416666666667 0.10227777777777777
2 0.377765625 0.07832407407407407 0.019890625 0.07840740740740741
2 0.3851979166666667 0.05123148148148148 0.020177083333333335 0.06865740740740742
2 0.5527447916666667 0.1498425925925926 0.026104166666666664 0.11033333333333332
2 0.5429427083333334 0.08875925925925926 0.021078125 0.0844537037037037
1 0.5986822916666666 0.18207407407407405 0.034640625 0.1266388888888889
2 0.48512500000000003 0.09110185185185185 0.07419270833333333 0.17062037037037037
