2 0.18642187500000001 0.8027037037037037 0.0879375 0.3365
2 0.36925520833333336 0.7136111111111112 0.0838125 0.3435092592592593
2 0.07169791666666667 0.2596111111111111 0.04425520833333333 0.1515462962962963
2 0.32031770833333334 0.22460185185185186 0.03802083333333333 0.17104629629629628
2 0.29809895833333333 0.1416851851851852 0.033515625 0.1348425925925926
2 0.3193697916666667 0.06887037037037036 0.025708333333333333 0.1065
2 0.33819270833333337 0.019675925925925927 0.016479166666666666 0.039342592592592596
2 0.3773020833333333 0.028092592592592593 0.023515625 0.056185185185185185
2 0.37469791666666663 0.08437962962962962 0.028723958333333334 0.10355555555555555
2 0.3799427083333333 0.17683333333333331 0.034015625 0.1403148148148148
2 0.4179114583333333 0.1673611111111111 0.03702604166666667 0.13680555555555557
2 0.45441145833333335 0.10668518518518519 0.03190625 0.1290925925925926
