2 0.54609375 0.17083333333333334 0.022395833333333334 0.07314814814814814
2 0.40078125 0.14583333333333334 0.021354166666666667 0.08425925925925926
2 0.21302083333333333 0.6351851851851852 0.06875 0.3111111111111111
2 0.28802083333333334 0.32685185185185184 0.03854166666666667 0.1537037037037037
2 0.3609375 0.15416666666666667 0.028125 0.0824074074074074
2 0.3 0.20879629629629629 0.03333333333333333 0.11944444444444445
2 0.45859375 0.16898148148148148 0.0265625 0.09166666666666666
2 0.48489583333333336 0.31527777777777777 0.03854166666666667 0.16944444444444445
2 0.34739583333333335 0.23472222222222222 0.034375 0.1361111111111111
2 0.42421875 0.44027777777777777 0.05364583333333333 0.24166666666666667
