2 0.5332083333333333 0.12173148148148148 0.02475 0.09357407407407407
2 0.17239583333333333 0.30380555555555555 0.051041666666666666 0.15389814814814815
2 0.5106770833333333 0.16705555555555554 0.0296875 0.11773148148148149
2 0.21809375 0.666425925925926 0.07015624999999999 0.35234259259259254
2 0.5125104166666666 0.2717037037037037 0.034390625 0.13992592592592593
2 0.49256770833333335 0.5583055555555556 0.05549479166666667 0.2833888888888889
2 0.42864583333333334 0.7541666666666667 0.09375 0.36203703703703705
2 0.681203125 0.774712962962963 0.06535416666666667 0.2774259259259259
2 0.155328125 0.58075 0.0656875 0.30617592592592596
2 0.5226822916666667 0.040388888888888884 0.020874999999999998 0.06805555555555555
2 0.47891666666666666 0.03510185185185185 0.018416666666666668 0.0702037037037037
