2 0.3640625 0.023148148148148147 0.030208333333333334 0.046296296296296294
2 0.050708333333333334 0.2228148148148148 0.058703124999999995 0.1506574074074074
2 0.34694791666666663 0.08181481481481481 0.035416666666666666 0.09351851851851851
2 0.2802447916666667 0.05978703703703703 0.039510416666666666 0.11401851851851852
2 0.24185416666666668 0.05397222222222222 0.041296875000000004 0.10793518518518518
2 0.03958333333333333 0.3469537037037037 0.072171875 0.2198425925925926
2 0.1889114583333333 0.8386203703703704 0.09791666666666667 0.3190462962962963
2 0.2529739583333333 0.5538981481481482 0.0800625 0.2929907407407408
2 0.3373125 0.1573425925925926 0.040255208333333334 0.1609814814814815
2 0.23005729166666666 0.300462962962963 0.05699479166666667 0.20621296296296296
2 0.4208697916666667 0.10397222222222223 0.04784375 0.15608333333333332
2 0.19084895833333335 0.15687962962962965 0.04880729166666666 0.1711666666666667
2 0.1015625 0.046296296296296294 0.048364583333333336 0.08465740740740742
2 0.646578125 0.2308148148148148 0.06696875000000001 0.19444444444444445
