2 0.4674479166666667 0.06296296296296296 0.0203125 0.06851851851851852
2 0.25234375 0.8712962962962963 0.1265625 0.25555555555555554
2 0.51171875 0.046296296296296294 0.018229166666666668 0.05925925925925926
2 0.420609375 0.05648148148148148 0.024552083333333332 0.08491666666666665
2 0.5666302083333333 0.13200925925925924 0.024927083333333332 0.10105555555555555
2 0.48125 0.1162037037037037 0.022916666666666665 0.07685185185185185
2 0.3902552083333333 0.10469444444444444 0.025151041666666665 0.09457407407407407
2 0.5386927083333333 0.21296296296296297 0.032442708333333334 0.13333333333333333
2 0.35390625 0.17275 0.03578645833333333 0.11587037037037037
2 0.2632083333333333 0.3162685185185185 0.056026041666666665 0.18253703703703703
2 0.5146197916666667 0.4833981481481482 0.08117708333333334 0.2538333333333333
2 0.46982812500000004 0.2681851851851852 0.04069791666666667 0.17024074074074075
2 0.4095989583333333 0.8842592592592593 0.122765625 0.23148148148148148
