2 0.20353645833333334 0.3910740740740741 0.053197916666666664 0.20595370370370372
2 0.38694270833333333 0.11699999999999999 0.028942708333333334 0.09510185185185184
2 0.46458333333333335 0.04027777777777778 0.014583333333333334 0.05648148148148148
2 0.48072916666666665 0.03287037037037037 0.015625 0.058333333333333334
2 0.27515104166666665 0.2866388888888889 0.04627604166666666 0.1669351851851852
2 0.16343229166666667 0.2662685185185185 0.05081770833333333 0.13994444444444443
2 0.5496666666666666 0.5494722222222221 0.08831770833333333 0.29471296296296295
2 0.10044791666666668 0.3440462962962963 0.05922395833333333 0.17857407407407408
2 0.4779375 0.6505925925925926 0.08103125000000001 0.3181203703703704
1 0.43061979166666664 0.38908333333333334 0.17507291666666666 0.35886111111111113
2 0.059895833333333336 0.825398148148148 0.103421875 0.3492037037037037
2 0.5357135416666666 0.17460185185185184 0.040177083333333335 0.12434259259259259
2 0.6041666666666666 0.2301574074074074 0.044640624999999996 0.1375648148148148
2 0.38619791666666664 0.056416666666666664 0.028645833333333332 0.0816111111111111
2 0.5143229166666666 0.07916666666666666 0.0234375 0.08425925925925926
2 0.5372395833333333 0.10601851851851851 0.0234375 0.0824074074074074
2 0.685640625 0.7784351851851852 0.07366145833333333 0.25793518518518516
