2 0.5083333333333333 0.32546296296296295 0.01875 0.06759259259259259
2 0.49322916666666666 0.29907407407407405 0.015625 0.05555555555555555
2 0.5482864583333333 0.3439814814814815 0.019494791666666667 0.06759259259259259
2 0.43013541666666666 0.42334259259259255 0.031401041666666664 0.10410185185185186
2 0.55371875 0.4777777777777778 0.032442708333333334 0.12222222222222222
2 0.606734375 0.3984814814814815 0.027453125000000002 0.0869074074074074
2 0.48392708333333334 0.43975000000000003 0.031401041666666664 0.11283333333333333
2 0.32897916666666666 0.6177222222222222 0.051265625 0.17249074074074072
2 0.5638020833333334 0.6351851851851852 0.0390625 0.16111111111111112
2 0.29296875 0.8972222222222223 0.07135416666666666 0.20555555555555555
2 0.575890625 0.3220925925925926 0.020833333333333332 0.059527777777777784
