2 0.398921875 0.04787962962962963 0.041890625 0.09576851851851853
2 0.49590625 0.04636111111111111 0.03333333333333333 0.09272222222222222
2 0.14746874999999998 0.05860185185185185 0.044640624999999996 0.11719444444444443
2 0.36673958333333334 0.8951759259259259 0.11234895833333333 0.2096574074074074
2 0.44798958333333333 0.08339814814814814 0.037796874999999994 0.14854629629629632
2 0.286125 0.09920370370370371 0.04635416666666667 0.16428703703703704
2 0.3121302083333333 0.26422222222222225 0.059671875 0.2104537037037037
2 0.35130208333333335 0.1875648148148148 0.0484375 0.1814814814814815
2 0.248140625 0.1895462962962963 0.045385416666666664 0.1880925925925926
2 0.11685416666666668 0.3589259259259259 0.07180208333333334 0.23954629629629628
2 0.18977083333333333 0.5973518518518518 0.09590625 0.3198425925925926
2 0.17808854166666668 0.22883333333333333 0.055135416666666666 0.2071388888888889
