2 0.23319791666666667 0.837287037037037 0.27698437499999995 0.3254259259259259
2 0.6464791666666667 0.35114814814814815 0.03930729166666667 0.10314814814814816
2 0.6715052083333333 0.6211574074074074 0.11713541666666667 0.27587962962962964
2 0.33221875 0.47394444444444445 0.0280625 0.11899074074074073
2 0.5202604166666667 0.49071296296296296 0.030885416666666665 0.12474074074074074
2 0.6583802083333333 0.44487037037037036 0.020666666666666667 0.09015740740740741
2 0.651375 0.4091296296296296 0.019677083333333335 0.07886111111111112
2 0.5788229166666666 0.3713518518518519 0.019536458333333333 0.07584259259259259
2 0.5467031250000001 0.3214074074074074 0.014317708333333333 0.05928703703703704
2 0.5394583333333334 0.2995185185185185 0.014588541666666668 0.0525462962962963
2 0.5200052083333333 0.294787037037037 0.015609375 0.0507962962962963
2 0.5776614583333333 0.2654351851851852 0.00765625 0.03375925925925926
2 0.56878125 0.2536481481481481 0.007260416666666667 0.034888888888888886
2 0.5663541666666667 0.2400925925925926 0.018593750000000003 0.034694444444444444
