2 0.36041666666666666 0.12962962962962962 0.021875 0.06296296296296296
2 0.42135416666666664 0.027777777777777776 0.015625 0.04814814814814815
2 0.44140625 0.040740740740740744 0.0171875 0.05555555555555555
2 0.4859375 0.037037037037037035 0.017708333333333333 0.05925925925925926
2 0.4666666666666667 0.04675925925925926 0.016666666666666666 0.058333333333333334
2 0.5361979166666667 0.19490740740740742 0.025520833333333333 0.10092592592592593
2 0.4630208333333333 0.18935185185185185 0.028125 0.12129629629629629
2 0.3578125 0.1986111111111111 0.03125 0.10648148148148148
2 0.23125 0.38333333333333336 0.04479166666666667 0.18703703703703703
2 0.30885416666666665 0.4898148148148148 0.05520833333333333 0.25
2 0.48333333333333334 0.3333333333333333 0.040625 0.1648148148148148
2 0.36276041666666664 0.8787037037037037 0.09635416666666667 0.24259259259259258
2 0.539609375 0.1001574074074074 0.02175 0.08882407407407408
2 0.13978125 0.4263518518518518 0.04153125 0.21651851851851853
2 0.11310416666666666 0.6318888888888889 0.06804166666666665 0.3189444444444444
2 0.68353125 0.7683981481481481 0.05438020833333333 0.26480555555555557
