2 0.35833333333333334 0.13240740740740742 0.021875 0.06851851851851852
2 0.425 0.18287037037037038 0.030208333333333334 0.08611111111111111
2 0.54375 0.21388888888888888 0.035416666666666666 0.1388888888888889
2 0.41796875 0.08009259259259259 0.0234375 0.0787037037037037
2 0.425 0.2645092592592593 0.03333333333333333 0.15432407407407406
2 0.3307291666666667 0.16944444444444445 0.034375 0.10185185185185185
2 0.5161458333333333 0.26944444444444443 0.03229166666666667 0.14444444444444443
2 0.30807291666666664 0.26435185185185184 0.0328125 0.1398148148148148
2 0.4796875 0.41435185185185186 0.053125 0.21574074074074073
2 0.4075520833333333 0.6981481481481482 0.0765625 0.34444444444444444
2 0.243328125 0.43042592592592593 0.05071354166666667 0.23082407407407407
2 0.21543229166666666 0.5569722222222222 0.05915104166666666 0.2863981481481481
2 0.04357291666666666 0.6356111111111111 0.07133854166666667 0.3171203703703704
2 0.058291666666666665 0.4321759259259259 0.07820833333333334 0.21889814814814815
2 0.6790729166666666 0.772888888888889 0.06803645833333333 0.29230555555555554
2 0.385984375 0.060740740740740734 0.014838541666666667 0.07787962962962963
