2 0.45625 0.03425925925925926 0.016666666666666666 0.05185185185185185
2 0.5197916666666667 0.07361111111111111 0.021875 0.07685185185185185
2 0.47578125 0.1337962962962963 0.024479166666666666 0.09166666666666666
2 0.49166666666666664 0.03611111111111111 0.01875 0.05925925925925926
2 0.534375 0.12268518518518519 0.021875 0.0824074074074074
2 0.4166666666666667 0.09166666666666666 0.022916666666666665 0.08148148148148149
2 0.5932291666666667 0.24305555555555555 0.03854166666666667 0.13796296296296295
2 0.45859375 0.19074074074074074 0.028645833333333332 0.11851851851851852
2 0.3763020833333333 0.3731481481481482 0.049479166666666664 0.18518518518518517
2 0.4317708333333333 0.2689814814814815 0.040625 0.1361111111111111
2 0.44375 0.4009259259259259 0.04583333333333333 0.19444444444444445
2 0.5 0.2462962962962963 0.034375 0.13518518518518519
2 0.503125 0.6569444444444444 0.06666666666666667 0.3194444444444444
2 0.40130208333333334 0.8319444444444445 0.08385416666666666 0.33055555555555555
2 0.686296875 0.7772314814814815 0.05990625 0.26396296296296295
2 0.37742187499999996 0.6291574074074074 0.06195833333333333 0.31038888888888894
2 0.315703125 0.13979629629629628 0.014901041666666667 0.09092592592592592
