2 0.5364583333333334 0.0912037037037037 0.01875 0.058333333333333334
2 0.5588541666666667 0.1050925925925926 0.021875 0.06574074074074074
2 0.525 0.3296296296296296 0.042708333333333334 0.15
2 0.48515625 0.10092592592592593 0.021354166666666667 0.06481481481481481
2 0.525 0.1824074074074074 0.025 0.09259259259259259
2 0.3455729166666667 0.20555555555555555 0.0265625 0.07962962962962963
2 0.4859375 0.18518518518518517 0.021875 0.09074074074074075
2 0.40261458333333333 0.5758518518518518 0.06302083333333333 0.2972222222222222
2 0.4635416666666667 0.20555555555555555 0.027083333333333334 0.10740740740740741
2 0.4296875 0.35694444444444445 0.042708333333333334 0.19166666666666668
2 0.49277604166666666 0.8226296296296297 0.09647916666666667 0.35474074074074075
2 0.6818385416666667 0.7841111111111111 0.0735625 0.2838888888888889
2 0.085796875 0.32975925925925925 0.051619791666666665 0.1683888888888889
2 0.4566614583333333 0.0337037037037037 0.015567708333333334 0.0674074074074074
2 0.48140625 0.0337037037037037 0.018182291666666666 0.0674074074074074
