2 0.421984375 0.20397222222222222 0.039953125 0.14047222222222222
2 0.32578125 0.13697222222222222 0.029984375 0.09537037037037037
2 0.37410937499999997 0.1377685185185185 0.03065625 0.09616666666666666
2 0.5139114583333334 0.17592592592592593 0.032588541666666665 0.1111111111111111
2 0.08054166666666666 0.6485462962962962 0.086234375 0.3412685185185185
2 0.5269322916666667 0.2926574074074074 0.045385416666666664 0.1742037037037037
2 0.287796875 0.22024074074074076 0.04226041666666667 0.14100925925925925
2 0.42284375 0.6136203703703704 0.079015625 0.31084259259259256
2 0.5566197916666666 0.7291018518518518 0.103125 0.36824999999999997
2 0.3645833333333333 0.8730185185185185 0.13541666666666666 0.25397222222222227
2 0.4730885416666667 0.03780555555555555 0.019963541666666664 0.06326851851851852
2 0.3993072916666666 0.11072222222222222 0.020833333333333332 0.08719444444444445
2 0.3088125 0.15856481481481483 0.023869791666666664 0.09645370370370371
