2 0.2734010416666666 0.3882962962962963 0.04888541666666667 0.20991666666666667
2 0.028572916666666667 0.7889537037037038 0.057140624999999994 0.3816111111111111
2 0.5473958333333333 0.22314814814814815 0.03229166666666667 0.13518518518518519
2 0.38645833333333335 0.2125 0.030208333333333334 0.1287037037037037
2 0.30766145833333336 0.23339814814814813 0.03854166666666667 0.14087037037037037
2 0.48984375 0.4 0.043229166666666666 0.1962962962962963
2 0.5276041666666667 0.30648148148148147 0.040625 0.16296296296296298
2 0.43374479166666663 0.3814166666666667 0.048140625000000006 0.20357407407407407
2 0.4855052083333333 0.7934537037037036 0.10330208333333334 0.3869074074074074
2 0.34825 0.6517222222222222 0.09322916666666667 0.31825
2 0.2808802083333333 0.19774999999999998 0.03199479166666667 0.1256574074074074
2 0.4654010416666667 0.09656481481481483 0.024552083333333332 0.10052777777777777
2 0.41703645833333336 0.17592592592592593 0.030505208333333332 0.11375925925925925
2 0.5066979166666666 0.08465740740740742 0.023807291666666668 0.09259259259259259
2 0.4058802083333333 0.11574074074074074 0.024552083333333332 0.08333333333333333
2 0.4348958333333333 0.10780555555555556 0.02753125 0.08068518518518518
2 0.6796875 0.7645462962962963 0.08854166666666667 0.28571296296296295
