2 0.50840625 0.1552222222222222 0.029317708333333335 0.11838888888888889
2 0.12473958333333333 0.5800277777777777 0.07477604166666667 0.27539814814814817
2 0.34858854166666664 0.1662685185185185 0.034671875 0.09709259259259259
2 0.26276041666666666 0.4908055555555556 0.06168229166666667 0.2630925925925926
2 0.38664583333333336 0.14312037037037037 0.030432291666666667 0.11481481481481481
2 0.45498437500000005 0.15635185185185185 0.028125 0.10026851851851852
2 0.46331770833333336 0.24299074074074076 0.036458333333333336 0.15528703703703706
2 0.3379114583333333 0.25469444444444445 0.039359374999999995 0.11864814814814814
2 0.27291666666666664 0.30416666666666664 0.03854166666666667 0.14537037037037037
2 0.5008177083333334 0.29980555555555555 0.04702604166666667 0.17526851851851852
