2 0.30375520833333336 0.394712962962963 0.06897395833333334 0.21799074074074073
2 0.21156770833333333 0.12407407407407407 0.055135416666666666 0.16190740740740742
2 0.42213541666666665 0.038425925925925926 0.028645833333333332 0.07685185185185185
2 0.28984375 0.07268518518518519 0.03802083333333333 0.1287037037037037
2 0.22191145833333334 0.25555555555555554 0.06733854166666667 0.20555555555555555
2 0.2909947916666667 0.22539814814814815 0.055802083333333335 0.18624074074074073
2 0.16298437500000001 0.21963888888888888 0.06034375 0.20039814814814816
2 0.03459895833333334 0.7860462962962963 0.06919791666666668 0.35991666666666666
2 0.35539583333333336 0.15675 0.047546875 0.1875648148148148
2 0.3035729166666667 0.6054907407407407 0.07678645833333334 0.3257962962962963
2 0.46067708333333335 0.043055555555555555 0.030729166666666665 0.08611111111111111
2 0.4208697916666667 0.14027777777777778 0.04263541666666667 0.16997222222222222
2 0.211234375 0.8337962962962963 0.11517708333333333 0.33240740740740743
2 0.058 0.3106481481481482 0.068078125 0.2411388888888889
2 0.7146562500000001 0.10846296296296297 0.04241145833333334 0.14814814814814814
