2 0.182328125 0.48154629629629636 0.0703125 0.25489814814814815
2 0.100109375 0.3646203703703704 0.06689062500000001 0.175
2 0.2578125 0.49166666666666664 0.06979166666666667 0.2574074074074074
2 0.5213541666666667 0.06547222222222222 0.025 0.07830555555555554
2 0.42484895833333336 0.08074999999999999 0.024109375 0.08082407407407408
2 0.48671875 0.06527777777777778 0.019270833333333334 0.075
2 0.5200520833333333 0.14953703703703702 0.024479166666666666 0.08055555555555556
2 0.22678645833333333 0.3622314814814815 0.04494270833333334 0.19299074074074074
2 0.32979687500000004 0.22202777777777777 0.0359375 0.11812037037037036
2 0.49177604166666666 0.19728703703703704 0.031473958333333336 0.12737962962962962
2 0.37213541666666666 0.17241666666666666 0.0296875 0.11230555555555556
2 0.3223229166666667 0.29186111111111107 0.04375 0.1742037037037037
2 0.4015625 0.040740740740740744 0.017708333333333333 0.06851851851851852
2 0.37473958333333335 0.875 0.11822916666666666 0.25
2 0.685265625 0.7705 0.07291666666666667 0.27116666666666667
2 0.3828125 0.06349074074074074 0.015625 0.06878703703703705
