2 0.22786458333333334 0.3736111111111111 0.043229166666666666 0.20092592592592592
2 0.2994791666666667 0.16620370370370371 0.028125 0.0787037037037037
2 0.47994791666666664 0.3106481481481482 0.03177083333333333 0.11944444444444445
2 0.49453125 0.22268518518518518 0.03177083333333333 0.11388888888888889
2 0.32864583333333336 0.26990740740740743 0.035416666666666666 0.12685185185185185
2 0.2760416666666667 0.26064814814814813 0.03333333333333333 0.12314814814814815
2 0.046614583333333334 0.4078703703703704 0.0609375 0.1935185185185185
2 0.18043229166666666 0.5780462962962962 0.08109895833333333 0.3068796296296296
2 0.4840052083333333 0.11375925925925925 0.021578125 0.09787962962962962
2 0.40029687500000005 0.03373148148148148 0.016369791666666668 0.05687962962962963
2 0.6834062500000001 0.7731481481481481 0.078125 0.25793518518518516
