2 0.5965260416666667 0.29724074074074075 0.08869791666666667 0.2082962962962963
2 0.45405729166666664 0.2626851851851852 0.029458333333333333 0.11757407407407408
2 0.7037395833333334 0.47445370370370366 0.04792708333333333 0.1398888888888889
2 0.7457291666666667 0.46414814814814814 0.03815104166666667 0.14087037037037037
2 0.7804947916666667 0.45937962962962964 0.03650520833333334 0.12516666666666668
2 0.8233958333333333 0.4579814814814815 0.040703125 0.1307777777777778
2 0.8603333333333333 0.4407962962962963 0.03471354166666667 0.1342962962962963
2 0.895296875 0.4371481481481482 0.042145833333333334 0.13317592592592595
2 0.937640625 0.43203703703703705 0.03481770833333333 0.1322037037037037
2 0.9719322916666666 0.4305648148148148 0.03569791666666667 0.1323425925925926
2 0.2879583333333333 0.6476481481481482 0.060109375 0.23935185185185184
2 0.06463541666666667 0.567787037037037 0.06311979166666666 0.2
2 0.11550520833333335 0.4831481481481481 0.04505729166666667 0.17578703703703702
2 0.24466666666666667 0.34922222222222227 0.039338541666666664 0.1407962962962963
2 0.297859375 0.3165462962962963 0.026093750000000002 0.10800925925925926
2 0.34044270833333334 0.26584259259259263 0.0261875 0.10846296296296297
2 0.36486979166666667 0.22244444444444444 0.024697916666666667 0.0802962962962963
2 0.42390625 0.2162685185185185 0.028187499999999997 0.09263888888888888
2 0.4521614583333333 0.1704074074074074 0.022197916666666664 0.075
2 0.48321875 0.15568518518518518 0.020078125 0.07640740740740741
2 0.49900520833333334 0.1301574074074074 0.016921875 0.06857407407407408
2 0.515578125 0.0957962962962963 0.015348958333333333 0.06158333333333334
2 0.5568177083333333 0.11612962962962962 0.019703125 0.07138888888888888
2 0.556109375 0.05499074074074074 0.014812500000000001 0.04786111111111111
