2 0.49609375 0.12285185185185186 0.0234375 0.09688888888888889
2 0.5096458333333334 0.08719444444444445 0.023453125000000002 0.08117592592592593
2 0.46770833333333334 0.06111111111111111 0.015625 0.05740740740740741
2 0.40911458333333334 0.016666666666666666 0.0140625 0.03333333333333333
2 0.5057291666666667 0.043055555555555555 0.019791666666666666 0.049074074074074076
2 0.1328125 0.7018518518518518 0.08229166666666667 0.3055555555555556
2 0.4421875 0.02361111111111111 0.014583333333333334 0.041666666666666664
2 0.45260416666666664 0.0712962962962963 0.017708333333333333 0.06481481481481481
2 0.36354166666666665 0.1763888888888889 0.03229166666666667 0.10833333333333334
2 0.6046875 0.22592592592592592 0.03229166666666667 0.1259259259259259
2 0.4625 0.14351851851851852 0.022916666666666665 0.09074074074074075
2 0.4796875 0.24722222222222223 0.03333333333333333 0.13703703703703704
2 0.5113541666666667 0.18237037037037038 0.02773958333333333 0.12362037037037037
2 0.68353125 0.7706388888888889 0.07174479166666667 0.29398148148148145
