2 0.34223437500000004 0.7815185185185185 0.08609895833333334 0.38811111111111113
2 0.416921875 0.8532592592592593 0.089640625 0.29348148148148145
2 0.598703125 0.8109259259259259 0.10498437499999999 0.37813888888888886
2 0.5626718749999999 0.43855555555555553 0.05525 0.24450925925925926
2 0.54890625 0.2708703703703704 0.03813020833333333 0.14724074074074076
2 0.5540468749999999 0.17399074074074075 0.030557291666666667 0.11748148148148148
2 0.373078125 0.1222962962962963 0.025765625 0.09347222222222222
1 0.2749166666666667 0.17392592592592593 0.025869791666666666 0.12000925925925927
2 0.46636979166666664 0.1012037037037037 0.02186979166666667 0.08037962962962963
2 0.48802083333333335 0.08305555555555556 0.020520833333333332 0.07582407407407407
2 0.515859375 0.06525925925925927 0.023036458333333332 0.08016666666666666
2 0.5307760416666667 0.09519444444444444 0.025677083333333333 0.09481481481481482
2 0.4076510416666667 0.03224074074074074 0.017520833333333333 0.06448148148148149
2 0.3814322916666667 0.05234259259259259 0.017177083333333332 0.0699537037037037
