2 0.4244791666666667 0.06435185185185185 0.01875 0.06574074074074074
2 0.39765625 0.10601851851851851 0.019270833333333334 0.0787037037037037
2 0.15324479166666669 0.6503888888888889 0.074765625 0.33625925925925926
2 0.38203125 0.13240740740740742 0.022395833333333334 0.08703703703703704
2 0.029427083333333333 0.5569444444444445 0.058854166666666666 0.22314814814814815
2 0.45234375 0.08333333333333333 0.021354166666666667 0.07962962962962963
2 0.26290104166666667 0.23444444444444443 0.02997395833333333 0.13874999999999998
2 0.5005208333333333 0.45231481481481484 0.059375 0.23425925925925925
2 0.32890625 0.5675925925925925 0.0578125 0.28888888888888886
2 0.42069270833333333 0.1696574074074074 0.025755208333333335 0.11439814814814815
2 0.26484375 0.4375 0.04635416666666667 0.2101851851851852
2 0.3754947916666667 0.35275 0.04796354166666667 0.20931481481481481
2 0.24352604166666666 0.19633333333333333 0.025062499999999998 0.12376851851851851
2 0.32071354166666666 0.24213888888888888 0.030135416666666668 0.1443888888888889
2 0.342734375 0.2598888888888889 0.03345833333333333 0.17062962962962963
2 0.3818020833333333 0.03387037037037037 0.016890625 0.06426851851851852
2 0.403703125 0.030898148148148147 0.017291666666666667 0.061796296296296294
2 0.44174479166666664 0.022481481481481484 0.016984375 0.044953703703703704
2 0.6852291666666667 0.7775185185185185 0.05256770833333334 0.25217592592592597
