2 0.5675 0.44499074074074074 0.025520833333333333 0.10272222222222221
2 0.637328125 0.5216111111111111 0.041213541666666666 0.12783333333333333
2 0.6781979166666667 0.5115925925925926 0.02294791666666667 0.11925925925925927
2 0.6127708333333334 0.3829814814814815 0.02022916666666667 0.07869444444444444
2 0.5553541666666667 0.3230277777777778 0.014765625000000001 0.06063888888888888
2 0.5658229166666667 0.30641666666666667 0.010734374999999999 0.054648148148148154
2 0.5853489583333332 0.29364814814814816 0.010203125 0.04763888888888889
2 0.54334375 0.2603611111111111 0.010223958333333333 0.039074074074074074
2 0.5930052083333333 0.2769907407407407 0.00815625 0.04058333333333333
2 0.573953125 0.27769444444444447 0.009635416666666667 0.03917592592592593
2 0.5251927083333333 0.3489722222222222 0.05726041666666667 0.10643518518518519
2 0.647640625 0.3541388888888889 0.04034375 0.08713888888888889
