2 0.4979166666666667 0.10787037037037037 0.025 0.08055555555555556
2 0.3854166666666667 0.09166666666666666 0.021875 0.08148148148148149
2 0.5265625 0.1837962962962963 0.021875 0.09722222222222222
2 0.42239583333333336 0.09722222222222222 0.026041666666666668 0.09259259259259259
2 0.33255208333333336 0.1865740740740741 0.0296875 0.11018518518518519
2 0.5489583333333333 0.21388888888888888 0.03125 0.12962962962962962
2 0.503125 0.26666666666666666 0.034375 0.14444444444444443
2 0.4627604166666667 0.22962962962962963 0.0296875 0.1259259259259259
2 0.4830729166666667 0.46111111111111114 0.05572916666666667 0.2462962962962963
2 0.67646875 0.7806018518518518 0.09060416666666667 0.2768703703703704
