2 0.40651041666666665 0.09212962962962963 0.022395833333333334 0.08055555555555556
2 0.5173385416666666 0.18042592592592593 0.03497395833333334 0.12433333333333334
2 0.26901041666666664 0.16878703703703704 0.034895833333333334 0.10132407407407408
2 0.49527604166666667 0.04318518518518519 0.021802083333333333 0.06786111111111112
2 0.45003645833333333 0.3656666666666667 0.05111458333333333 0.20700925925925925
2 0.440625 0.08935185185185185 0.022916666666666665 0.08055555555555556
2 0.3930416666666667 0.2324074074074074 0.03921354166666667 0.13068518518518518
2 0.40539583333333334 0.4094537037037037 0.050671875000000005 0.2199722222222222
2 0.47016145833333334 0.6241388888888889 0.08140104166666666 0.3234166666666667
2 0.520421875 0.3065462962962963 0.05022395833333334 0.17923148148148146
2 0.21875 0.844574074074074 0.11011979166666667 0.31084259259259256
2 0.041666666666666664 0.6527777777777778 0.08333333333333333 0.3293611111111111
2 0.6781979166666667 0.78175 0.08854166666666667 0.2645462962962963
