1 0.35584375 0.06456481481481482 0.14379166666666665 0.1291388888888889
2 0.6015312500000001 0.09146296296296297 0.034479166666666665 0.1455
2 0.5011354166666666 0.07665740740740741 0.03160416666666667 0.14985185185185185
2 0.5211041666666667 0.03861111111111112 0.026401041666666666 0.07722222222222223
2 0.44024479166666663 0.08241666666666667 0.036557291666666665 0.15518518518518518
2 0.23191666666666666 0.06667592592592593 0.034833333333333334 0.13335185185185186
2 0.26250520833333335 0.09938888888888889 0.03523958333333333 0.15209259259259258
2 0.21653125 0.2944722222222222 0.056140625000000006 0.23053703703703704
2 0.38215625000000003 0.18258333333333332 0.04538020833333333 0.17651851851851852
2 0.42994791666666665 0.3611111111111111 0.05241666666666667 0.24036111111111108
2 0.5134114583333333 0.5384537037037037 0.08914583333333333 0.29256481481481483
2 0.0593125 0.5434351851851852 0.07850520833333333 0.2994444444444444
2 0.31242708333333336 0.46605555555555556 0.05695833333333333 0.27740740740740744
2 0.31171354166666665 0.28858333333333336 0.05206770833333333 0.20023148148148148
2 0.11432291666666666 0.8156851851851853 0.09478125 0.36862962962962964
