2 0.4750833333333333 0.6910555555555555 0.07911458333333334 0.3335
2 0.18877083333333333 0.5942870370370371 0.08148958333333334 0.3251481481481482
2 0.025239583333333333 0.6489814814814815 0.050484375000000005 0.32342592592592595
2 0.10021354166666667 0.34144444444444444 0.050208333333333334 0.17130555555555554
2 0.2130625 0.31425925925925924 0.04048958333333333 0.16510185185185186
2 0.25866666666666666 0.3081203703703704 0.042109375 0.16392592592592592
2 0.3260052083333333 0.21598148148148147 0.026791666666666665 0.09582407407407408
2 0.305734375 0.1967962962962963 0.02375 0.1005462962962963
2 0.3077239583333334 0.1360462962962963 0.0235625 0.09755555555555555
2 0.45490624999999996 0.4159074074074074 0.051265625 0.2276388888888889
2 0.56534375 0.41691666666666666 0.05963541666666667 0.22225925925925924
2 0.513203125 0.28085185185185185 0.04077083333333333 0.16125
2 0.56259375 0.17777777777777778 0.029135416666666667 0.12175925925925926
2 0.5939427083333333 0.14041666666666666 0.025166666666666667 0.08880555555555555
2 0.45717708333333335 0.10457407407407407 0.018307291666666666 0.08646296296296296
2 0.47256770833333334 0.09565740740740741 0.017838541666666666 0.09084259259259259
2 0.42990104166666665 0.028481481481481483 0.017916666666666668 0.0569537037037037
2 0.44728124999999996 0.025953703703703705 0.017260416666666667 0.05190740740740741
2 0.45911979166666667 0.05501851851851852 0.020104166666666666 0.05771296296296296
2 0.52859375 0.12721296296296294 0.019463541666666664 0.09839814814814815
1 0.029979166666666668 0.4260925925925926 0.059958333333333336 0.20726851851851852
2 0.3098958333333333 0.3743425925925926 0.13169791666666666 0.2645462962962963
2 0.47432812500000004 0.035055555555555555 0.017114583333333332 0.06746296296296296
