2 0.5033854166666667 0.12083333333333333 0.022395833333333334 0.08055555555555556
2 0.5252604166666667 0.17083333333333334 0.0296875 0.10277777777777777
2 0.41640625 0.15185185185185185 0.0234375 0.10555555555555556
2 0.4359375 0.11712962962962963 0.021875 0.08796296296296297
2 0.48541666666666666 0.05740740740740741 0.020833333333333332 0.06851851851851852
2 0.3841145833333333 0.17453703703703705 0.027604166666666666 0.10092592592592593
2 0.14035416666666667 0.36415740740740743 0.06508854166666667 0.18650925925925926
2 0.28489583333333335 0.3527777777777778 0.04375 0.17777777777777778
2 0.3453125 0.2796296296296296 0.03854166666666667 0.1685185185185185
2 0.47421875 0.16944444444444445 0.025520833333333333 0.11296296296296296
2 0.517 0.04277777777777778 0.016453125 0.060481481481481476
2 0.688109375 0.7757592592592593 0.070484375 0.26410185185185187
1 0.30646874999999996 0.16631481481481483 0.03810416666666667 0.11926851851851852
