2 0.3525260416666667 0.719 0.059000000000000004 0.27087962962962964
2 0.155953125 0.4658148148148148 0.04293229166666667 0.1682037037037037
2 0.03202083333333333 0.5726018518518519 0.03882291666666667 0.16325925925925924
2 0.05352083333333334 0.6273796296296297 0.07348958333333333 0.15800925925925927
2 0.059109375 0.5331388888888888 0.04716145833333333 0.15469444444444444
2 0.27429166666666666 0.3493611111111111 0.031697916666666666 0.09825925925925927
2 0.42649479166666665 0.38376851851851856 0.036104166666666666 0.15731481481481482
2 0.413234375 0.5510462962962963 0.051250000000000004 0.2164537037037037
2 0.5657239583333333 0.7106759259259259 0.06455729166666667 0.25051851851851853
2 0.7012083333333333 0.4735648148148148 0.041776041666666666 0.13924999999999998
2 0.743921875 0.46212037037037035 0.039703125 0.1385833333333333
2 0.7768333333333334 0.45883333333333337 0.03261458333333333 0.1283240740740741
2 0.8213958333333333 0.45512962962962966 0.03631770833333334 0.13573148148148148
2 0.8601770833333333 0.4429351851851852 0.032640625 0.1298425925925926
2 0.894890625 0.4353518518518519 0.0333125 0.145
2 0.9360416666666667 0.4267777777777778 0.03436458333333334 0.14197222222222222
2 0.9667760416666666 0.42239814814814813 0.035416666666666666 0.14062962962962963
2 0.9479739583333333 0.558212962962963 0.10405729166666666 0.1381851851851852
2 0.36275 0.2785925925925926 0.02528645833333333 0.10857407407407407
2 0.39684895833333333 0.24930555555555556 0.030979166666666665 0.11666666666666667
2 0.4556145833333333 0.1740833333333333 0.021432291666666665 0.09214814814814815
2 0.46991666666666665 0.20942592592592593 0.025036458333333334 0.08875925925925926
2 0.49174999999999996 0.18485185185185185 0.024947916666666667 0.08405555555555555
2 0.53015625 0.08648148148148149 0.016338541666666668 0.06880555555555556
2 0.5768020833333334 0.09549074074074074 0.015880208333333333 0.060888888888888895
2 0.559515625 0.04727777777777778 0.0125625 0.04964814814814814
2 0.5475833333333333 0.04306481481481481 0.013692708333333333 0.04123148148148148
2 0.5744322916666668 0.04306481481481481 0.011145833333333332 0.04123148148148148
2 0.5984479166666666 0.27925 0.08626041666666667 0.22839814814814813
