2 0.5681718750000001 0.2851944444444444 0.010453125 0.044564814814814814
2 0.49209375000000005 0.3650648148148148 0.016151041666666668 0.08037962962962963
2 0.5192291666666666 0.3103796296296296 0.014338541666666668 0.05505555555555556
2 0.6126874999999999 0.38578703703703704 0.016151041666666668 0.07908333333333332
2 0.6445260416666667 0.355962962962963 0.03335416666666667 0.09210185185185185
2 0.6449583333333333 0.3893425925925926 0.014994791666666667 0.05771296296296296
2 0.6783489583333334 0.5112777777777777 0.023276041666666667 0.1220925925925926
2 0.247359375 0.9054166666666666 0.09528645833333332 0.18917592592592594
2 0.4236979166666667 0.32080555555555557 0.016255208333333333 0.06727777777777777
2 0.5789687499999999 0.2779537037037037 0.008364583333333333 0.043787037037037034
2 0.5624947916666667 0.25475925925925924 0.007885416666666667 0.037703703703703705
2 0.572171875 0.22137962962962962 0.005802083333333334 0.023240740740740742
2 0.5638854166666667 0.2103611111111111 0.004546875000000001 0.017546296296296296
