2 0.26111979166666666 0.310462962962963 0.04115625 0.17610185185185184
2 0.025203125 0.6849166666666667 0.05040625 0.25216666666666665
2 0.033890624999999994 0.851175925925926 0.06777604166666666 0.2976481481481481
2 0.42146354166666666 0.5364166666666667 0.061494791666666666 0.28540740740740744
2 0.5345260416666666 0.5964629629629629 0.07060416666666666 0.29438888888888887
2 0.6805 0.7695185185185186 0.08651562500000001 0.2793981481481482
2 0.4288020833333333 0.3787222222222222 0.048390625 0.21075925925925926
2 0.3776145833333333 0.16841666666666666 0.027619791666666667 0.1234814814814815
2 0.3048072916666667 0.13242592592592595 0.029567708333333335 0.09162962962962963
2 0.4434427083333333 0.08318518518518518 0.023854166666666666 0.09190740740740741
2 0.40705729166666665 0.07673148148148148 0.024 0.08517592592592592
