2 0.7035729166666667 0.47524074074074074 0.046510416666666665 0.14262037037037037
2 0.7474739583333334 0.46640740740740744 0.036390625 0.14346296296296296
2 0.7775416666666667 0.45950925925925923 0.044453124999999996 0.13707407407407407
2 0.8248020833333333 0.4558888888888889 0.03897395833333333 0.14094444444444446
2 0.8630677083333332 0.4436018518518518 0.036333333333333336 0.1385925925925926
2 0.896265625 0.4400648148148148 0.038140625000000004 0.1389351851851852
2 0.9364218750000001 0.43476851851851855 0.03929166666666666 0.13944444444444443
2 0.9681510416666667 0.43207407407407405 0.04025 0.14146296296296296
2 0.9490156249999999 0.5605648148148148 0.10197395833333332 0.15030555555555555
2 0.08875520833333334 0.5378425925925926 0.052286458333333334 0.17892592592592593
2 0.149796875 0.4636111111111111 0.042 0.17292592592592593
2 0.2892604166666667 0.34376851851851853 0.03371875 0.129
2 0.3678020833333333 0.25631481481481483 0.024140625000000002 0.09960185185185184
2 0.33601041666666664 0.24947222222222223 0.049838541666666666 0.07003703703703704
2 0.4248333333333333 0.18064814814814814 0.044046875 0.0778888888888889
2 0.47147916666666667 0.1793796296296296 0.015713541666666667 0.07800925925925926
2 0.49867187500000004 0.19368518518518518 0.020864583333333336 0.09026851851851851
2 0.5242447916666666 0.14687037037037037 0.017083333333333332 0.06853703703703704
2 0.5685572916666667 0.1293148148148148 0.016421875 0.0651851851851852
2 0.5246822916666667 0.08802777777777777 0.013500000000000002 0.05402777777777778
2 0.5397031250000001 0.05256481481481482 0.011880208333333333 0.04562962962962963
2 0.5594583333333334 0.05118518518518519 0.011614583333333334 0.04118518518518518
1 0.591015625 0.08267592592592593 0.010744791666666666 0.040685185185185185
2 0.5980260416666667 0.2898981481481481 0.08875000000000001 0.19587037037037036
2 0.06577604166666667 0.8010092592592593 0.13155208333333335 0.3979814814814815
2 0.5722760416666667 0.038657407407407404 0.008979166666666667 0.03730555555555556
1 0.46021354166666667 0.18669444444444444 0.027416666666666666 0.0873425925925926
