2 0.207953125 0.8584537037037037 0.10943750000000001 0.2831018518518518
2 0.44510937500000003 0.794212962962963 0.08791666666666667 0.3694537037037037
2 0.5617447916666667 0.5869722222222222 0.06493750000000001 0.2993981481481482
2 0.060578125000000003 0.5623981481481481 0.06885416666666666 0.2947037037037037
2 0.3505625 0.4921574074074074 0.055171875 0.24125925925925926
2 0.40155208333333337 0.5588148148148148 0.06686979166666666 0.30050000000000004
2 0.5115729166666667 0.443537037037037 0.05311458333333333 0.24689814814814812
2 0.5764739583333333 0.3837962962962963 0.04750520833333333 0.2056111111111111
2 0.6054166666666667 0.23558333333333334 0.03594270833333334 0.13551851851851854
2 0.5356979166666667 0.24156481481481482 0.035390625 0.15159259259259258
2 0.42933333333333334 0.4587962962962963 0.04604166666666667 0.22186111111111112
2 0.44438020833333336 0.40377777777777774 0.05067708333333333 0.20852777777777778
2 0.5113072916666667 0.1890462962962963 0.029437500000000002 0.13298148148148148
2 0.5522447916666666 0.13762962962962963 0.023348958333333333 0.11244444444444444
2 0.5459322916666667 0.20564814814814814 0.022291666666666664 0.11474074074074074
2 0.4075208333333334 0.15889814814814815 0.02440625 0.10355555555555555
2 0.36063541666666665 0.1495462962962963 0.025552083333333333 0.10542592592592592
2 0.4209114583333333 0.08882407407407408 0.017625000000000002 0.08480555555555556
2 0.409625 0.07382407407407408 0.017041666666666667 0.07742592592592593
2 0.440828125 0.028694444444444443 0.014630208333333334 0.057388888888888885
2 0.4488229166666667 0.03289814814814815 0.014421875 0.0657962962962963
2 0.4791302083333333 0.023083333333333334 0.026432291666666666 0.04616666666666667
2 0.31901562499999997 0.29780555555555555 0.037218749999999995 0.1550185185185185
2 0.3114427083333334 0.21291666666666664 0.031322916666666666 0.10046296296296296
2 0.2890260416666666 0.26737037037037037 0.03510416666666667 0.1373611111111111
2 0.2551145833333333 0.25367592592592597 0.03556770833333334 0.13672222222222222
2 0.21546875 0.34385185185185185 0.04539583333333333 0.15451851851851853
2 0.16161458333333334 0.3328611111111111 0.03838020833333333 0.18398148148148147
2 0.46011979166666667 0.1585925925925926 0.024302083333333332 0.07436111111111111
1 0.38986979166666663 0.03059259259259259 0.047343750000000004 0.06117592592592592
