2 0.39921875 0.8202314814814815 0.077390625 0.277037037037037
2 0.5202135416666667 0.6992314814814814 0.058958333333333335 0.24985185185185182
2 0.05555729166666667 0.6604351851851852 0.07131249999999999 0.2500462962962963
2 0.19970833333333332 0.5415462962962962 0.05961458333333333 0.20854629629629629
2 0.33630208333333333 0.39759259259259255 0.04054166666666667 0.16119444444444445
2 0.509859375 0.3814722222222222 0.03233333333333333 0.13923148148148148
2 0.4789479166666667 0.3393055555555555 0.034166666666666665 0.1413148148148148
2 0.47979166666666667 0.23258333333333334 0.021958333333333333 0.09864814814814815
2 0.513015625 0.2927037037037037 0.027072916666666665 0.1036574074074074
2 0.5503489583333334 0.20975 0.021875 0.08797222222222223
2 0.53675 0.14977777777777776 0.014343749999999999 0.07706481481481482
2 0.454109375 0.13976851851851851 0.012265625 0.0652962962962963
2 0.46423958333333337 0.1504722222222222 0.015166666666666667 0.06818518518518518
2 0.47250000000000003 0.1685185185185185 0.015484375 0.07135185185185186
2 0.4942604166666667 0.1548240740740741 0.016171875 0.0707037037037037
2 0.4920208333333333 0.12495370370370369 0.017489583333333333 0.05006481481481481
2 0.5406927083333334 0.0682037037037037 0.010661458333333334 0.04766666666666666
2 0.5587656249999999 0.1342962962962963 0.0155625 0.06875925925925927
2 0.7047291666666666 0.4720277777777778 0.04359895833333333 0.14132407407407407
2 0.7491666666666668 0.46721296296296294 0.04103645833333334 0.13787037037037037
2 0.7790520833333333 0.4546851851851852 0.035994791666666665 0.12926851851851853
2 0.8234635416666667 0.45818518518518514 0.03453645833333333 0.126
2 0.9479635416666666 0.5330740740740741 0.10407291666666667 0.2077314814814815
2 0.8640000000000001 0.4400277777777778 0.036848958333333334 0.1358425925925926
2 0.89703125 0.4378518518518518 0.038671875 0.13458333333333333
2 0.96984375 0.4222222222222222 0.036723958333333334 0.11257407407407408
2 0.935984375 0.4292962962962963 0.03497395833333334 0.12364814814814815
1 0.7880729166666666 0.6128703703703704 0.0481875 0.21918518518518518
1 0.28547395833333333 0.7787777777777778 0.06034375 0.2855555555555555
2 0.5834114583333334 0.0847962962962963 0.024010416666666666 0.06566666666666666
2 0.41766666666666663 0.17950925925925926 0.015432291666666665 0.04952777777777778
2 0.43021875 0.18489814814814814 0.019697916666666666 0.04549074074074074
2 0.5539583333333333 0.0526574074074074 0.010927083333333334 0.04582407407407407
2 0.5669322916666667 0.03696296296296296 0.007713541666666667 0.038509259259259264
2 0.5966458333333333 0.024259259259259258 0.009854166666666667 0.03532407407407407
2 0.6074947916666668 0.058 0.012791666666666666 0.0435462962962963
2 0.5970572916666667 0.2914907407407407 0.08671354166666667 0.19571296296296298
