2 0.7099791666666667 0.7266574074074074 0.04650520833333334 0.19675925925925927
2 0.498375 0.739 0.04344270833333333 0.20292592592592593
2 0.32485416666666667 0.7723981481481482 0.05578125 0.22033333333333335
2 0.6526354166666667 0.4793148148148148 0.041203125 0.12183333333333335
2 0.5509531249999999 0.40512037037037035 0.019609375 0.08982407407407408
2 0.5733437499999999 0.34479629629629627 0.0169375 0.0720462962962963
2 0.5580572916666667 0.28021296296296294 0.010666666666666666 0.04781481481481482
2 0.5203541666666667 0.2628611111111111 0.008182291666666668 0.03575
2 0.5360625 0.246212962962963 0.008348958333333333 0.03537962962962963
2 0.5520572916666667 0.24915740740740738 0.007932291666666667 0.03509259259259259
2 0.5625312499999999 0.2520555555555556 0.008041666666666666 0.03677777777777778
2 0.56203125 0.21362037037037038 0.005880208333333333 0.02574074074074074
1 0.5760520833333334 0.20739814814814816 0.018885416666666665 0.040046296296296295
2 0.6136510416666667 0.2893796296296296 0.02578645833333333 0.03323148148148148
2 0.6461406249999999 0.3515277777777778 0.0386875 0.09786111111111111
2 0.6441666666666667 0.3865092592592593 0.01738020833333333 0.06905555555555555
1 0.2759375 0.5743148148148148 0.191796875 0.3088611111111111
