2 0.36470833333333336 0.031203703703703706 0.013963541666666666 0.052759259259259256
2 0.384046875 0.055824074074074075 0.017911458333333335 0.06805555555555555
2 0.410921875 0.047129629629629625 0.01784375 0.07423148148148148
2 0.3935208333333333 0.08928703703703704 0.019494791666666667 0.08250925925925925
2 0.3134895833333333 0.2500648148148148 0.0469375 0.1509814814814815
2 0.22975 0.2708333333333333 0.039177083333333335 0.15435185185185185
2 0.419921875 0.23701851851851852 0.05667708333333333 0.1434074074074074
2 0.46076562499999996 0.15164814814814814 0.025515625 0.11773148148148149
2 0.5219739583333334 0.14315740740740743 0.024666666666666667 0.1038425925925926
2 0.5720104166666666 0.17816666666666667 0.024046875000000002 0.11520370370370371
2 0.4243020833333333 0.5278611111111111 0.063703125 0.27446296296296296
