2 0.08965624999999999 0.6096574074074074 0.17931249999999999 0.49292592592592593
2 0.5984010416666667 0.2913703703703704 0.08824479166666667 0.2007962962962963
1 0.24498958333333334 0.5417777777777778 0.20018229166666668 0.3460462962962963
2 0.042765625 0.8052592592592592 0.08553125 0.276712962962963
2 0.11669791666666667 0.8538240740740741 0.08733854166666667 0.2923611111111111
2 0.177734375 0.7365925925925926 0.07703645833333334 0.29626851851851854
2 0.342203125 0.7742037037037037 0.07585416666666665 0.28498148148148145
2 0.052625000000000005 0.9214166666666667 0.09044270833333333 0.1571759259259259
2 0.382546875 0.5369166666666667 0.048213541666666665 0.21780555555555556
2 0.5277916666666667 0.5688055555555555 0.05327604166666667 0.21122222222222223
2 0.40994270833333335 0.3567222222222222 0.038510416666666665 0.14734259259259258
2 0.35032291666666665 0.29282407407407407 0.030390625 0.11624999999999999
2 0.401125 0.2383611111111111 0.02666666666666667 0.09991666666666667
2 0.5439010416666666 0.12751851851851853 0.014770833333333334 0.06549074074074074
2 0.5929427083333334 0.09241666666666667 0.015625 0.059055555555555556
2 0.6295104166666667 0.1348148148148148 0.01932291666666667 0.047157407407407405
2 0.53759375 0.09305555555555556 0.010375 0.05235185185185185
2 0.5289010416666666 0.08194444444444444 0.010848958333333332 0.04334259259259259
2 0.5528802083333333 0.05077777777777778 0.00821875 0.04318518518518519
2 0.5451041666666666 0.046175925925925926 0.007536458333333333 0.037953703703703705
2 0.5591041666666666 0.04337962962962963 0.007270833333333334 0.036333333333333336
2 0.702765625 0.4699259259259259 0.047328125000000006 0.1409537037037037
2 0.7484947916666667 0.4666111111111111 0.041124999999999995 0.14127777777777778
2 0.7807864583333333 0.45962037037037035 0.03930208333333333 0.13423148148148148
2 0.8232604166666667 0.4585185185185185 0.039609374999999995 0.13433333333333333
2 0.8626822916666667 0.4424722222222222 0.03772916666666667 0.13697222222222222
2 0.8971041666666667 0.4395833333333333 0.037557291666666666 0.14275925925925925
2 0.9358072916666667 0.43566666666666665 0.0443125 0.14495370370370372
2 0.9706614583333334 0.4306203703703704 0.03902083333333333 0.13486111111111113
