2 0.7095729166666668 0.730212962962963 0.048651041666666665 0.19885185185185184
2 0.662109375 0.5325462962962962 0.027802083333333335 0.12657407407407406
2 0.6464010416666667 0.3836203703703704 0.0160625 0.06738888888888889
2 0.6442708333333333 0.3571018518518519 0.036109375 0.0905
2 0.5816041666666667 0.36421296296296296 0.04040625 0.1005925925925926
2 0.5463749999999999 0.27049074074074075 0.009348958333333332 0.03737037037037037
2 0.5569427083333333 0.27672222222222226 0.008348958333333333 0.04173148148148148
2 0.563765625 0.28492592592592597 0.008317708333333333 0.04425
2 0.568453125 0.27 0.006635416666666667 0.03521296296296297
2 0.5767552083333333 0.2918425925925926 0.009567708333333334 0.04303703703703703
2 0.5987656250000001 0.2881944444444444 0.009958333333333335 0.04614814814814815
2 0.5885104166666667 0.30012962962962964 0.010932291666666667 0.04225
2 0.5585833333333333 0.20875 0.00446875 0.01574074074074074
2 0.562578125 0.22013888888888888 0.005953125 0.023462962962962963
2 0.5707916666666667 0.22615740740740742 0.006104166666666667 0.025092592592592593
