2 0.42213541666666665 0.1887962962962963 0.03155729166666667 0.14010185185185187
2 0.28916145833333334 0.14714814814814814 0.03227083333333333 0.1123611111111111
2 0.4786822916666667 0.18821296296296297 0.032140625 0.1278148148148148
2 0.5031145833333334 0.16439814814814815 0.02684375 0.12833333333333333
2 0.486546875 0.6927407407407407 0.07703645833333334 0.3368611111111111
2 0.5821979166666666 0.13848148148148148 0.03918229166666667 0.10613888888888888
2 0.712203125 0.9296851851851852 0.11596354166666667 0.14062037037037037
2 0.3942239583333333 0.07998148148148147 0.020635416666666666 0.0801111111111111
2 0.4279427083333333 0.09483333333333334 0.02140104166666667 0.08574074074074074
2 0.36758854166666666 0.02637037037037037 0.014234374999999999 0.05274074074074074
