2 0.6742291666666667 0.774425925925926 0.08958854166666666 0.25835185185185183
2 0.34624479166666666 0.6187037037037038 0.06036458333333334 0.31725925925925924
2 0.463015625 0.4658425925925926 0.05258854166666667 0.2245185185185185
2 0.2585572916666667 0.4041111111111111 0.044708333333333336 0.22450925925925927
2 0.207609375 0.32737037037037037 0.03135416666666667 0.17596296296296296
2 0.3565833333333333 0.16995370370370372 0.025484375 0.12039814814814814
2 0.39916145833333333 0.13867592592592592 0.025572916666666667 0.1072037037037037
2 0.48384895833333336 0.19717592592592592 0.028286458333333334 0.11927777777777777
2 0.4813645833333334 0.34378703703703706 0.045885416666666665 0.19644444444444445
2 0.4620677083333333 0.0775 0.022911458333333336 0.08362962962962962
