2 0.7004270833333333 0.47075925925925927 0.048239583333333336 0.14174074074074075
2 0.7461249999999999 0.46711111111111114 0.03894270833333333 0.14062037037037037
2 0.7796666666666667 0.45854629629629634 0.03658333333333333 0.12967592592592594
2 0.8210625 0.4563055555555556 0.03430729166666667 0.13136111111111112
2 0.863171875 0.4423425925925926 0.03692708333333334 0.13121296296296298
2 0.8958072916666667 0.4407314814814815 0.03796354166666667 0.13724999999999998
2 0.9357447916666667 0.43610185185185185 0.044921875 0.14650925925925926
2 0.9711458333333333 0.42894444444444446 0.03411979166666667 0.13837037037037037
2 0.4032291666666667 0.3087777777777778 0.02849479166666667 0.12335185185185185
2 0.26573958333333336 0.3956296296296296 0.038239583333333334 0.1488888888888889
2 0.433140625 0.16659259259259257 0.022348958333333332 0.07662037037037037
2 0.03969270833333333 0.5801203703703703 0.05142708333333333 0.2092314814814815
2 0.07011979166666667 0.5879074074074074 0.04741666666666667 0.21330555555555555
2 0.33672395833333335 0.2538333333333333 0.04601041666666667 0.06709259259259259
2 0.37494791666666666 0.20033333333333334 0.03797395833333333 0.05062037037037037
2 0.35008854166666664 0.2383611111111111 0.04033333333333333 0.05875925925925926
2 0.3562708333333333 0.21955555555555556 0.03533854166666666 0.05333333333333334
2 0.4596875 0.1785 0.021109375 0.08307407407407408
2 0.47739583333333335 0.1654074074074074 0.018328124999999997 0.07746296296296296
2 0.525828125 0.19407407407407407 0.021447916666666667 0.08747222222222222
2 0.5344322916666666 0.15076851851851852 0.018973958333333332 0.07493518518518519
2 0.5521406249999999 0.10890740740740741 0.016192708333333333 0.06324074074074074
2 0.5028072916666667 0.10853703703703703 0.015911458333333333 0.05837962962962963
2 0.52159375 0.0845925925925926 0.014130208333333333 0.05575925925925926
2 0.4808125 0.12251851851851851 0.01359375 0.04725
2 0.53840625 0.08071296296296296 0.014187499999999999 0.05416666666666667
2 0.5949947916666667 0.05260185185185185 0.01046875 0.04116666666666667
2 0.582890625 0.029685185185185186 0.009411458333333334 0.032749999999999994
2 0.5727135416666667 0.026833333333333334 0.008729166666666668 0.03284259259259259
2 0.6090989583333334 0.023796296296296295 0.008578124999999999 0.03704629629629629
2 0.11370833333333333 0.48190740740740745 0.045947916666666665 0.15965740740740741
1 0.5338541666666666 0.05807407407407407 0.011348958333333332 0.03814814814814815
2 0.62965625 0.1375 0.019619791666666667 0.05439814814814815
2 0.5959635416666667 0.1495 0.06994791666666668 0.16173148148148148
