2 0.44652083333333337 0.5458148148148149 0.06820833333333334 0.29186111111111107
2 0.19896875 0.5149537037037036 0.064421875 0.2694166666666667
2 0.14770833333333336 0.41982407407407407 0.04696354166666667 0.23798148148148146
2 0.33815625 0.28023148148148147 0.0355 0.14958333333333335
2 0.47513020833333336 0.3141851851851852 0.04730208333333333 0.17427777777777778
2 0.6799479166666667 0.772888888888889 0.09235416666666667 0.2614351851851852
2 0.37544791666666666 0.2079814814814815 0.03195833333333333 0.15939814814814815
2 0.39916145833333333 0.13326851851851854 0.025572916666666667 0.11800925925925926
2 0.4233125 0.09623148148148149 0.018322916666666668 0.09948148148148148
2 0.43949479166666666 0.08563888888888889 0.015958333333333335 0.0926111111111111
2 0.53321875 0.12049999999999998 0.021114583333333332 0.09864814814814815
2 0.5221302083333333 0.07378703703703704 0.018036458333333335 0.08545370370370371
2 0.4101354166666667 0.048527777777777774 0.016265625 0.06581481481481481
2 0.45813020833333334 0.028907407407407406 0.014072916666666666 0.057805555555555554
