2 0.3072916666666667 0.8797037037037038 0.080203125 0.23262037037037037
2 0.7043333333333333 0.7479629629629629 0.043932291666666665 0.15961111111111112
2 0.53375 0.5550833333333334 0.034609375000000005 0.14157407407407407
2 0.6611041666666666 0.5321851851851852 0.028895833333333332 0.12487962962962963
2 0.5841822916666667 0.35276851851851854 0.0149375 0.0702962962962963
2 0.48990104166666665 0.29450925925925925 0.01284375 0.05344444444444444
2 0.5210677083333334 0.29936111111111113 0.010786458333333334 0.05137962962962963
2 0.5428958333333332 0.3088518518518519 0.012776041666666666 0.05687962962962963
2 0.571609375 0.2463888888888889 0.009598958333333333 0.03802777777777778
2 0.5662291666666667 0.23441666666666666 0.008302083333333333 0.03596296296296297
1 0.5324375 0.2577777777777778 0.04488541666666667 0.09784259259259259
2 0.646734375 0.3553518518518518 0.036744791666666665 0.08928703703703704
2 0.6148802083333333 0.2925555555555555 0.02984375 0.05123148148148148
2 0.5557239583333333 0.2955740740740741 0.0138125 0.052833333333333336
