2 0.33221875 0.48436111111111113 0.030354166666666668 0.12182407407407407
2 0.6618489583333333 0.5333425925925925 0.027411458333333336 0.1272037037037037
2 0.412484375 0.3695 0.022734374999999998 0.07993518518518518
2 0.3482864583333333 0.4157222222222222 0.025281249999999998 0.09565740740740741
2 0.5706197916666667 0.3871111111111111 0.0190625 0.08076851851851852
2 0.468265625 0.30200000000000005 0.016729166666666666 0.0587037037037037
2 0.6458541666666666 0.352925925925926 0.03592708333333334 0.09622222222222222
2 0.5589114583333333 0.28524074074074074 0.012609375 0.045009259259259256
2 0.5718020833333333 0.2739537037037037 0.009505208333333333 0.04034259259259259
2 0.592796875 0.2783333333333334 0.009828125 0.041694444444444444
2 0.5397291666666667 0.25639814814814815 0.009244791666666667 0.03732407407407408
2 0.535984375 0.23811111111111113 0.006625000000000001 0.027916666666666666
2 0.5518645833333333 0.2311203703703704 0.0064375 0.025055555555555553
2 0.552609375 0.27058333333333334 0.010005208333333333 0.04147222222222222
2 0.5615729166666666 0.2517407407407407 0.008494791666666666 0.03542592592592592
2 0.567921875 0.24651851851851853 0.00590625 0.03239814814814815
2 0.5784947916666667 0.25858333333333333 0.006223958333333333 0.03183333333333334
