2 0.28878645833333333 0.5372407407407408 0.06902083333333334 0.2777222222222222
2 0.4244583333333333 0.48944444444444446 0.05911458333333333 0.28582407407407406
2 0.38681249999999995 0.3812314814814815 0.05673958333333333 0.23977777777777776
2 0.3558385416666667 0.19131481481481483 0.04479166666666667 0.18217592592592594
2 0.09897916666666666 0.11028703703703703 0.03941145833333334 0.1692685185185185
2 0.15159375 0.05455555555555556 0.038385416666666665 0.10911111111111112
2 0.32193229166666665 0.032685185185185185 0.03114583333333333 0.06537037037037037
2 0.38539062500000004 0.036888888888888895 0.03305729166666667 0.07377777777777779
2 0.44534375 0.037731481481481484 0.036296875 0.07546296296296297
2 0.5367864583333334 0.03352777777777778 0.029604166666666668 0.0670462962962963
2 0.35048958333333335 0.08966666666666667 0.040338541666666665 0.1566574074074074
2 0.6115156249999999 0.0848425925925926 0.07906250000000001 0.16967592592592592
