2 0.49925520833333337 0.05026851851851852 0.020833333333333332 0.06878703703703705
2 0.45907812499999995 0.02512962962962963 0.017859375 0.05025925925925926
2 0.40922395833333336 0.04563888888888889 0.017859375 0.059527777777777784
2 0.40848437499999996 0.08068518518518518 0.023807291666666668 0.08730555555555557
2 0.44307812500000004 0.07539814814814816 0.026041666666666668 0.07407407407407407
2 0.32626562499999995 0.25991666666666663 0.037947916666666665 0.14417592592592593
2 0.5148802083333334 0.29894444444444446 0.053572916666666665 0.16931481481481483
2 0.4300572916666667 0.41071296296296295 0.056546874999999996 0.23676851851851852
2 0.6834583333333334 0.776324074074074 0.08375 0.27139814814814817
2 0.37643229166666664 0.1375462962962963 0.025249999999999998 0.10102777777777777
