2 0.2603333333333333 0.27917592592592594 0.039578125 0.16291666666666665
2 0.3171666666666667 0.8465462962962963 0.10116145833333333 0.3069074074074074
2 0.469453125 0.8233981481481482 0.09497395833333333 0.3532037037037037
2 0.67675 0.7737962962962963 0.08769791666666667 0.254
2 0.34359895833333337 0.1934537037037037 0.0325 0.12110185185185185
2 0.40496354166666665 0.10072222222222223 0.025026041666666665 0.09612037037037037
2 0.49790104166666665 0.1508796296296296 0.028604166666666667 0.11926851851851852
2 0.5542135416666666 0.13530555555555554 0.024911458333333334 0.0942962962962963
2 0.5091458333333333 0.053509259259259256 0.025057291666666665 0.07268518518518519
2 0.40393749999999995 0.04586111111111111 0.016026041666666668 0.05430555555555555
