2 0.7128385416666667 0.9323611111111112 0.119546875 0.1352685185185185
2 0.31095833333333334 0.48001851851851846 0.055374999999999994 0.24341666666666664
2 0.5398645833333333 0.5865648148148148 0.06527083333333333 0.29320370370370374
2 0.5202708333333333 0.46362962962962967 0.05472916666666667 0.22557407407407407
2 0.43633333333333335 0.3327777777777778 0.05091145833333333 0.1907314814814815
2 0.5121302083333333 0.34835185185185186 0.04495833333333333 0.18483333333333335
2 0.36899479166666665 0.03155555555555555 0.013895833333333333 0.06312037037037037
2 0.3819895833333333 0.04036111111111111 0.015140625 0.0665462962962963
2 0.429140625 0.2165925925925926 0.027411458333333336 0.13890740740740742
2 0.4588541666666667 0.20575925925925925 0.029552083333333333 0.13112962962962962
2 0.48194270833333336 0.2609814814814815 0.036661458333333334 0.1489814814814815
2 0.5066822916666667 0.2768611111111111 0.03927083333333334 0.15297222222222223
2 0.49833854166666663 0.16637037037037036 0.02518229166666667 0.11948148148148148
2 0.5189635416666667 0.10105555555555555 0.018260416666666668 0.08607407407407407
2 0.5411927083333333 0.08679629629629629 0.022354166666666668 0.08302777777777778
