2 0.712765625 0.92975 0.1190625 0.14050925925925925
2 0.47352083333333334 0.7190740740740741 0.08223958333333334 0.34138888888888885
2 0.10627604166666667 0.503 0.0665 0.23516666666666666
2 0.15803645833333332 0.3465740740740741 0.059604166666666666 0.17787037037037037
2 0.12152604166666667 0.2885925925925926 0.05116145833333333 0.15586111111111112
2 0.23077083333333331 0.42045370370370366 0.04674479166666667 0.22191666666666665
2 0.30062500000000003 0.37072222222222223 0.05102604166666667 0.20024074074074072
2 0.32415625 0.3207407407407407 0.04184895833333333 0.1891574074074074
2 0.23977083333333335 0.3315925925925926 0.04390625 0.17754629629629629
2 0.227125 0.2743055555555556 0.03319791666666667 0.10369444444444444
2 0.27523958333333337 0.2422314814814815 0.03359375 0.15437037037037038
2 0.31639062500000004 0.23307407407407407 0.034645833333333334 0.09530555555555556
2 0.43767187500000004 0.2781666666666667 0.04595833333333333 0.16326851851851854
2 0.4675989583333333 0.3243611111111111 0.03914583333333333 0.18528703703703706
2 0.49838020833333335 0.26057407407407407 0.03820833333333333 0.16142592592592592
2 0.364125 0.19612037037037036 0.030114583333333333 0.12882407407407406
2 0.29238020833333334 0.16482407407407407 0.022041666666666668 0.11066666666666666
2 0.3036979166666667 0.18198148148148147 0.025932291666666666 0.13017592592592592
2 0.32211979166666665 0.14201851851851852 0.023187500000000003 0.1057962962962963
2 0.34982291666666665 0.14799074074074076 0.026510416666666665 0.11403703703703703
2 0.378140625 0.1638148148148148 0.024817708333333334 0.1160462962962963
2 0.42464583333333333 0.1452314814814815 0.02278125 0.10297222222222221
2 0.451296875 0.1622037037037037 0.026317708333333335 0.0895925925925926
2 0.38463020833333333 0.04178703703703704 0.013348958333333332 0.06685185185185186
2 0.3889947916666667 0.14225 0.015140625 0.08464814814814815
2 0.460375 0.035055555555555555 0.01553125 0.06162037037037037
2 0.44692708333333336 0.03711111111111111 0.012947916666666667 0.0575
2 0.4110989583333333 0.04122222222222222 0.013041666666666667 0.04926851851851852
2 0.40822916666666664 0.0718425925925926 0.016671875 0.07028703703703704
2 0.5108072916666667 0.06282407407407407 0.015703125 0.06776851851851852
2 0.489390625 0.027814814814814813 0.023802083333333335 0.03684259259259259
