2 0.5014166666666667 0.8473148148148149 0.10682291666666667 0.30536111111111114
2 0.31696875 0.8065555555555556 0.09208333333333334 0.3287777777777778
2 0.3925 0.6877962962962964 0.079953125 0.3474351851851852
2 0.5068229166666667 0.5659444444444445 0.08654166666666667 0.27965740740740735
2 0.52390625 0.2686574074074074 0.047635416666666666 0.17273148148148149
2 0.4368125 0.5126388888888889 0.059208333333333335 0.2656296296296296
2 0.32899999999999996 0.4676666666666667 0.055385416666666666 0.24612037037037038
2 0.3685833333333333 0.524425925925926 0.059895833333333336 0.2953703703703704
2 0.286421875 0.6127407407407407 0.07265625 0.3207685185185185
2 0.26309375 0.3214814814814815 0.04510416666666666 0.17652777777777778
2 0.19328645833333333 0.3143240740740741 0.04263541666666667 0.11226851851851852
2 0.39671875 0.15256481481481482 0.024151041666666664 0.1102962962962963
2 0.4198854166666666 0.40797222222222224 0.05359895833333333 0.21399074074074076
2 0.37895833333333334 0.12212037037037035 0.023359375 0.087
2 0.40251562500000004 0.10549074074074075 0.023604166666666666 0.08096296296296296
2 0.45228125 0.056388888888888884 0.017223958333333334 0.07535185185185185
2 0.5081614583333333 0.056527777777777774 0.014401041666666666 0.06946296296296296
2 0.5457291666666666 0.09826851851851852 0.016619791666666668 0.07577777777777778
2 0.4971510416666666 0.14182407407407407 0.025369791666666665 0.10650925925925926
2 0.4886666666666667 0.0435462962962963 0.017078125 0.05893518518518518
2 0.43827083333333333 0.01897222222222222 0.015244791666666667 0.03794444444444444
2 0.3862552083333333 0.020370370370370372 0.011916666666666666 0.040740740740740744
2 0.4003072916666667 0.015462962962962963 0.012234374999999999 0.030925925925925926
2 0.41475 0.014759259259259258 0.01334375 0.029518518518518517
2 0.7102968749999999 0.931425925925926 0.12006770833333333 0.13714814814814816
2 0.20319270833333333 0.23112962962962963 0.078078125 0.17483333333333334
