2 0.217515625 0.6571388888888889 0.04943229166666666 0.1842685185185185
2 0.49270833333333336 0.29720370370370375 0.014182291666666668 0.05291666666666667
2 0.5096145833333333 0.2763888888888889 0.009526041666666667 0.0440462962962963
2 0.585671875 0.31976851851851856 0.012609375 0.05959259259259259
2 0.5864583333333333 0.27913888888888894 0.011770833333333335 0.04242592592592593
2 0.56434375 0.23953703703703702 0.01883333333333333 0.03355555555555556
1 0.5394687499999999 0.29160185185185183 0.054015625 0.13146296296296295
2 0.6374739583333333 0.3474537037037037 0.03797916666666667 0.09228703703703704
2 0.6550520833333333 0.4244074074074074 0.048 0.12357407407407409
2 0.6241614583333334 0.3740925925925926 0.015062500000000001 0.057129629629629634
