2 0.54114453125 0.3344375 0.03130078125 0.14066666666666666
2 0.34212109375 0.21551388888888887 0.0297421875 0.10072916666666668
2 0.4160390625 0.24849999999999997 0.031093749999999996 0.1042013888888889
2 0.3424296875 0.1058125 0.0166875 0.05494444444444445
2 0.281609375 0.057284722222222216 0.012234375 0.0446875
2 0.57066796875 0.15293055555555554 0.02198828125 0.09014583333333334
2 0.628203125 0.14235416666666667 0.04721875 0.08288888888888889
1 0.25301953125 0.03147916666666666 0.0409921875 0.05210416666666667
1 0.49702343750000005 0.1489861111111111 0.12665234375 0.25587499999999996
2 0.54158984375 0.07961805555555555 0.05172265625 0.11365972222222222
