1 0.205484375 0.3946481481481482 0.042734375 0.221
1 0.4119895833333333 0.07610185185185185 0.016505208333333334 0.08082407407407408
2 0.46479166666666666 0.42319444444444443 0.056140625000000006 0.2256388888888889
2 0.3720572916666667 0.7204907407407407 0.07900520833333333 0.3325648148148148
2 0.67690625 0.7736574074074074 0.08973958333333334 0.2598888888888889
2 0.35607291666666663 0.2631203703703704 0.03835416666666667 0.15856481481481483
2 0.397328125 0.11082407407407407 0.02059375 0.08251851851851852
2 0.4262135416666667 0.054 0.015864583333333335 0.06147222222222222
2 0.3952708333333333 0.037333333333333336 0.013348958333333332 0.05776851851851852
2 0.3759270833333333 0.017953703703703704 0.013197916666666667 0.03590740740740741
