2 0.6785208333333334 0.7780740740740741 0.09123958333333333 0.2594722222222222
2 0.3488125 0.17522222222222222 0.030776041666666667 0.11548148148148148
2 0.41179166666666667 0.09497222222222222 0.024791666666666667 0.09078703703703704
2 0.47844270833333336 0.031907407407407405 0.020942708333333334 0.06258333333333334
2 0.516921875 0.27420370370370367 0.03713020833333334 0.15603703703703706
2 0.4194114583333333 0.5458148148148149 0.069546875 0.29186111111111107
2 0.104546875 0.8542592592592593 0.097796875 0.29147222222222224
2 0.38298437500000004 0.21463888888888888 0.036625 0.1264351851851852
1 0.5370104166666666 0.6386203703703704 0.06168229166666667 0.31389814814814815
1 0.534203125 0.11025925925925925 0.023088541666666667 0.09667592592592593
