2 0.67765625 0.7775185185185185 0.09297395833333333 0.25217592592592597
2 0.30240625 0.27069444444444446 0.035182291666666664 0.14901851851851852
2 0.34427083333333336 0.19331481481481483 0.030380208333333332 0.12699074074074074
2 0.37781770833333334 0.16125925925925927 0.02802083333333333 0.11534259259259258
2 0.4047708333333333 0.13516666666666666 0.024630208333333334 0.10018518518518518
2 0.4586354166666667 0.22958333333333333 0.03688020833333334 0.14705555555555555
2 0.5037395833333334 0.2624814814814815 0.035078124999999995 0.15421296296296297
1 0.5797864583333333 0.12990740740740742 0.036125 0.10510185185185186
1 0.40453125 0.07336111111111111 0.017213541666666665 0.07226851851851851
2 0.43128645833333334 0.07981481481481481 0.022114583333333333 0.07899999999999999
2 0.48590104166666664 0.07322222222222222 0.020234375000000002 0.0781574074074074
2 0.3756822916666666 0.026685185185185187 0.013338541666666667 0.05337962962962963
2 0.4086770833333333 0.04937037037037037 0.016817708333333334 0.06132407407407408
2 0.42197395833333334 0.03036111111111111 0.013901041666666667 0.057249999999999995
2 0.41289583333333335 0.015462962962962963 0.013109375000000001 0.030925925925925926
