2 0.4832604166666667 0.2904074074074074 0.04446354166666667 0.18536111111111112
2 0.5344427083333334 0.17367592592592593 0.030505208333333332 0.11857407407407408
2 0.19186979166666665 0.24207407407407408 0.041546875 0.14733333333333334
2 0.29451041666666666 0.2897685185185185 0.03676041666666666 0.15014814814814814
2 0.40828125 0.05575925925925926 0.01603125 0.07100000000000001
2 0.43846875 0.022481481481481484 0.015645833333333335 0.044953703703703704
2 0.4821145833333333 0.0587037037037037 0.016760416666666667 0.07072222222222221
1 0.5125 0.03989814814814815 0.014401041666666666 0.05781481481481481
1 0.6000677083333333 0.1179074074074074 0.01766145833333333 0.11505555555555556
2 0.676078125 0.7772314814814815 0.08981770833333333 0.26396296296296295
