2 0.41076562499999997 0.06824074074074074 0.015796875 0.07128703703703704
2 0.5685 0.12562037037037035 0.023963541666666664 0.09962962962962962
2 0.3548489583333333 0.16581481481481483 0.020276041666666668 0.10902777777777778
2 0.5373645833333334 0.20510185185185184 0.02940104166666667 0.12587037037037035
2 0.5182604166666667 0.2960185185185185 0.03286979166666667 0.16572222222222222
2 0.5598541666666667 0.3529074074074074 0.039671875 0.1950462962962963
2 0.46226562499999996 0.44178703703703703 0.040671875 0.21651851851851853
2 0.21618229166666666 0.3491851851851852 0.04502604166666667 0.18564814814814815
2 0.14392708333333332 0.45287037037037037 0.058499999999999996 0.2448611111111111
2 0.6752083333333334 0.7775833333333333 0.09155208333333334 0.2492314814814815
1 0.4925364583333333 0.11341666666666667 0.07169270833333334 0.14929629629629632
