2 0.38515625 0.030898148148148147 0.014921875 0.061796296296296294
2 0.40859375 0.06964814814814815 0.020135416666666666 0.07409259259259258
2 0.37710416666666663 0.11488888888888889 0.023125 0.08741666666666667
2 0.37118749999999995 0.207 0.028651041666666665 0.13891666666666666
2 0.31850520833333335 0.2785462962962963 0.03613541666666666 0.15856481481481483
2 0.39371875 0.5074444444444444 0.05461979166666667 0.2675925925925926
2 0.48200000000000004 0.381037037037037 0.045411458333333335 0.20612962962962963
2 0.4935208333333333 0.14547222222222222 0.030260416666666668 0.09921296296296298
2 0.4875625 0.049157407407407414 0.020078125 0.0701574074074074
2 0.50409375 0.08136111111111112 0.020161458333333333 0.08152777777777777
1 0.5660104166666666 0.11033333333333332 0.024203125 0.09373148148148149
1 0.027901041666666668 0.34193518518518523 0.055802083333333335 0.16005555555555556
2 0.677453125 0.7791018518518518 0.09300520833333333 0.2566111111111111
