1 0.5310104166666666 0.1366388888888889 0.018432291666666666 0.1000462962962963
2 0.6760364583333334 0.7773055555555556 0.09147395833333333 0.2610185185185185
2 0.2891458333333333 0.38160185185185186 0.053802083333333334 0.21342592592592594
2 0.17076041666666666 0.489 0.06008854166666667 0.27081481481481484
2 0.4547291666666667 0.13207407407407407 0.027328124999999998 0.10636111111111111
2 0.49707291666666664 0.1447037037037037 0.02 0.10075
2 0.5228020833333333 0.23499074074074072 0.033265625 0.13625
2 0.40465104166666666 0.19198148148148148 0.029604166666666668 0.12124074074074073
2 0.34277083333333336 0.2036296296296296 0.02390625 0.12600925925925927
2 0.3984166666666667 0.06508333333333334 0.013661458333333333 0.08040740740740741
2 0.4160520833333334 0.08346296296296296 0.01942708333333333 0.08012037037037037
2 0.43969270833333335 0.055824074074074075 0.016354166666666666 0.06805555555555555
2 0.4781302083333333 0.033166666666666664 0.016838541666666665 0.06286111111111112
