2 0.5158177083333333 0.5761203703703704 0.031447916666666666 0.16111111111111112
2 0.5978593750000001 0.46346296296296297 0.02365625 0.10862962962962962
2 0.54140625 0.4436851851851852 0.02228645833333333 0.10196296296296296
2 0.6135729166666667 0.37205555555555553 0.012458333333333333 0.07350925925925926
2 0.6234947916666667 0.3418333333333333 0.012505208333333333 0.06491666666666666
2 0.6003854166666667 0.35025 0.014203125 0.06323148148148149
2 0.5749583333333333 0.26746296296296296 0.009177083333333334 0.04025
1 0.6037239583333334 0.2647314814814815 0.009421875 0.04403703703703704
2 0.5926197916666667 0.2499537037037037 0.007005208333333333 0.03486111111111111
2 0.5233645833333334 0.2846388888888889 0.009119791666666667 0.04126851851851852
2 0.522890625 0.2580740740740741 0.008171875 0.027037037037037037
2 0.562171875 0.2255 0.004442708333333333 0.02484259259259259
