2 0.5108854166666666 0.2378611111111111 0.030265625 0.13891666666666666
2 0.15789583333333335 0.5570370370370371 0.062135416666666665 0.28344444444444444
2 0.67571875 0.7766759259259258 0.08736979166666667 0.25666666666666665
2 0.5522812500000001 0.11741666666666667 0.027984375 0.10481481481481482
2 0.49371875000000004 0.12365740740740742 0.02197395833333333 0.08952777777777778
2 0.46036979166666664 0.07336111111111111 0.016046875 0.07226851851851851
2 0.48515104166666667 0.06662962962962962 0.017 0.07731481481481481
2 0.36597916666666663 0.13874074074074075 0.021703125 0.10425925925925926
2 0.3455729166666667 0.2004074074074074 0.027776041666666664 0.12965740740740742
2 0.32304166666666667 0.27475925925925926 0.03653125 0.16333333333333333
2 0.268390625 0.2753888888888889 0.040067708333333334 0.1676851851851852
2 0.064609375 0.4209537037037037 0.07347395833333333 0.19645370370370369
2 0.44221875 0.024583333333333336 0.014463541666666666 0.04916666666666667
2 0.46988541666666667 0.03861111111111112 0.05069270833333333 0.07722222222222223
