2 0.541625 0.16714814814814816 0.024036458333333333 0.11478703703703703
2 0.6756041666666667 0.7790555555555555 0.09234375 0.2490925925925926
2 0.28677604166666665 0.42480555555555555 0.04906770833333333 0.21960185185185185
2 0.20911458333333333 0.395 0.04652083333333333 0.20626851851851852
2 0.28744791666666664 0.2929259259259259 0.03825520833333333 0.14102777777777778
2 0.37477604166666667 0.28297222222222224 0.03409375 0.15813888888888888
2 0.3939583333333333 0.1642037037037037 0.0273125 0.11506481481481481
2 0.33531249999999996 0.19780555555555554 0.024614583333333332 0.12362037037037037
2 0.3604895833333333 0.23260185185185187 0.026359375 0.14383333333333334
2 0.36676562500000004 0.12926851851851853 0.02328125 0.10075
1 0.3767916666666667 0.11159259259259259 0.019020833333333334 0.10243518518518518
2 0.4827447916666667 0.048527777777777774 0.013921875 0.06581481481481481
2 0.42924999999999996 0.02563888888888889 0.010208333333333335 0.05127777777777778
1 0.464515625 0.022027777777777778 0.010052083333333333 0.044055555555555556
1 0.36752083333333335 0.04867592592592593 0.013239583333333334 0.06412037037037037
