2 0.45950520833333336 0.5436388888888889 0.035145833333333334 0.13627777777777778
2 0.5307916666666667 0.35432407407407407 0.01686979166666667 0.0709074074074074
2 0.523625 0.3315277777777778 0.012942708333333334 0.06237037037037037
2 0.5418906250000001 0.32308333333333333 0.012270833333333333 0.06001851851851851
2 0.5559427083333334 0.28123148148148147 0.009869791666666666 0.04511111111111111
2 0.5490572916666667 0.2637685185185185 0.008755208333333332 0.037953703703703705
2 0.56328125 0.24035185185185184 0.0066927083333333335 0.02947222222222222
1 0.588125 0.41700000000000004 0.015250000000000001 0.0971111111111111
1 0.6102239583333334 0.3903888888888889 0.013151041666666667 0.08298148148148149
1 0.6188020833333333 0.36335185185185187 0.011786458333333333 0.06596296296296296
