2 0.535984375 0.6937592592592593 0.07004687500000001 0.3439259259259259
2 0.6721666666666667 0.77275 0.08026562500000001 0.26733333333333337
2 0.16894270833333333 0.602638888888889 0.0731875 0.31852777777777774
2 0.15730208333333331 0.4770740740740741 0.052270833333333336 0.21610185185185185
2 0.15611979166666667 0.4040462962962963 0.049901041666666666 0.16573148148148148
2 0.4173177083333333 0.37717592592592597 0.05320833333333333 0.21385185185185185
2 0.31096874999999996 0.28577777777777774 0.04015625 0.16375925925925927
2 0.36850520833333333 0.2693611111111111 0.037171875 0.16290740740740742
2 0.45559375 0.2847222222222222 0.036645833333333336 0.17147222222222222
2 0.3688177083333333 0.16364814814814815 0.023911458333333333 0.10776851851851851
2 0.4114791666666667 0.11117592592592591 0.0206875 0.08924074074074073
2 0.46419791666666665 0.1819537037037037 0.02891145833333333 0.11043518518518518
2 0.5008229166666667 0.22958333333333333 0.036182291666666665 0.14705555555555555
2 0.5690885416666667 0.24431481481481482 0.03383333333333333 0.1456574074074074
2 0.46029166666666665 0.044814814814814814 0.019359375 0.06763888888888889
2 0.48392708333333334 0.0360462962962963 0.016286458333333333 0.06552777777777777
2 0.4987291666666666 0.06080555555555556 0.01984375 0.07493518518518519
2 0.4321927083333333 0.022481481481481484 0.01871875 0.044953703703703704
2 0.3610416666666667 0.10921296296296297 0.020515625 0.07913888888888888
2 0.44099479166666666 0.23926851851851855 0.031114583333333334 0.14172222222222222
2 0.53921875 0.08402777777777778 0.020958333333333336 0.08741666666666667
2 0.3519322916666667 0.8756574074074075 0.107140625 0.2486759259259259
