2 0.47754166666666664 0.8233240740740742 0.051171875 0.2166851851851852
2 0.5712864583333332 0.5318240740740741 0.027885416666666666 0.12267592592592594
1 0.5531979166666667 0.4140185185185185 0.016703125 0.08891666666666667
2 0.53290625 0.32996296296296296 0.014661458333333332 0.06339814814814815
2 0.5426614583333333 0.27452777777777776 0.011255208333333332 0.04125925925925926
2 0.5565833333333334 0.272212962962963 0.009932291666666667 0.0442037037037037
2 0.5272447916666666 0.27625925925925926 0.008927083333333334 0.04117592592592593
2 0.5678072916666667 0.2386759259259259 0.007380208333333333 0.02712037037037037
2 0.5496927083333334 0.24524074074074076 0.007609375 0.029138888888888888
2 0.29867187500000003 0.968111111111111 0.08056250000000001 0.06376851851851852
1 0.48451041666666667 0.30441666666666667 0.05745833333333333 0.0993425925925926
