2 0.44265625 0.6154722222222223 0.08304687499999999 0.29846296296296293
2 0.6754427083333333 0.7750648148148148 0.081609375 0.2627037037037037
2 0.45800520833333336 0.28380555555555553 0.046036458333333335 0.1536574074074074
2 0.3861822916666667 0.12962037037037039 0.023916666666666666 0.08601851851851852
2 0.44904687499999996 0.1250648148148148 0.02290625 0.09233333333333334
2 0.4891770833333334 0.13228703703703704 0.021578125 0.09752777777777778
2 0.4443489583333333 0.20355555555555555 0.029140625 0.1289537037037037
2 0.38476041666666666 0.024583333333333336 0.014130208333333333 0.04916666666666667
2 0.43479687499999997 0.019675925925925927 0.013510416666666667 0.039342592592592596
2 0.5355885416666666 0.20201851851851851 0.03453125 0.1320462962962963
