2 0.44080208333333337 0.6440925925925925 0.07413020833333334 0.33101851851851855
2 0.6773802083333333 0.7752037037037037 0.08721354166666666 0.25680555555555556
2 0.5132135416666667 0.2573611111111111 0.036656249999999994 0.1532314814814815
2 0.45528124999999997 0.26381481481481484 0.03885416666666666 0.15996296296296295
2 0.470828125 0.16280555555555556 0.028281249999999997 0.11225925925925925
2 0.4151458333333334 0.14750925925925926 0.022817708333333336 0.10636111111111111
2 0.3962395833333333 0.031064814814814812 0.014244791666666668 0.06188888888888889
2 0.4226875 0.0745 0.018182291666666666 0.07098148148148148
2 0.42860937499999996 0.01375 0.0091875 0.027490740740740743
2 0.4594583333333333 0.03459259259259259 0.013791666666666667 0.06155555555555556
2 0.4770989583333333 0.05383333333333334 0.014505208333333333 0.0685462962962963
2 0.49447916666666664 0.06894444444444443 0.013843749999999998 0.06694444444444445
2 0.5011770833333333 0.04515740740740741 0.013708333333333333 0.06231481481481481
2 0.526890625 0.06385185185185184 0.01721875 0.07375925925925926
2 0.5141770833333333 0.1505 0.024651041666666665 0.10077777777777779
1 0.22566145833333331 0.32092592592592595 0.2928854166666667 0.48051851851851857
