2 0.5530729166666667 0.7630648148148148 0.08165625 0.3652592592592593
2 0.6781302083333334 0.7766759259259258 0.09044791666666667 0.25666666666666665
2 0.19680729166666666 0.47741666666666666 0.07745833333333334 0.23223148148148148
2 0.02383333333333333 0.43855555555555553 0.04766666666666666 0.19772222222222222
2 0.05264583333333333 0.9352777777777778 0.10529166666666666 0.12943518518518518
2 0.39304687499999996 0.034083333333333334 0.01334375 0.05542592592592593
2 0.402125 0.0287962962962963 0.014135416666666668 0.057583333333333334
2 0.4257239583333333 0.021777777777777778 0.012718750000000001 0.043555555555555556
2 0.44265104166666663 0.03176851851851852 0.01359375 0.060055555555555556
2 0.45551562500000004 0.021777777777777778 0.011546875000000002 0.043555555555555556
1 0.50690625 0.03713888888888889 0.013708333333333333 0.07427777777777778
