1 0.372328125 0.10458333333333333 0.0153125 0.08839814814814814
2 0.15331770833333333 0.4482407407407408 0.05550520833333333 0.22325
2 0.23603125 0.37815740740740744 0.04479166666666667 0.20346296296296298
2 0.4130572916666667 0.4823333333333333 0.06646354166666667 0.24205555555555558
2 0.34821875 0.28815740740740736 0.03827083333333334 0.17582407407407405
2 0.25640625 0.2570648148148148 0.033526041666666666 0.13733333333333334
2 0.266484375 0.18958333333333333 0.027057291666666667 0.11141666666666666
2 0.320203125 0.23639814814814816 0.02802083333333333 0.14125925925925925
2 0.3368854166666667 0.17349074074074075 0.022026041666666666 0.10804629629629629
2 0.35471874999999997 0.19449074074074074 0.025291666666666667 0.11095370370370371
2 0.3827916666666667 0.1841574074074074 0.027036458333333332 0.11291666666666667
2 0.40333854166666666 0.1597962962962963 0.020677083333333336 0.1073888888888889
2 0.44272395833333333 0.14552777777777776 0.021895833333333333 0.10973148148148149
2 0.4284375 0.12523148148148147 0.019942708333333333 0.09794444444444445
2 0.4124947916666667 0.08295370370370371 0.018151041666666666 0.08335185185185184
2 0.4064947916666667 0.04806481481481481 0.015416666666666667 0.06707407407407408
2 0.37703125 0.029574074074074076 0.014354166666666666 0.05915740740740741
2 0.48086979166666666 0.3257222222222222 0.04032291666666667 0.17587037037037037
2 0.539328125 0.2473888888888889 0.039177083333333335 0.1529537037037037
2 0.5063333333333333 0.2046851851851852 0.024119791666666668 0.11487962962962962
2 0.48384375 0.22077777777777777 0.03121875 0.11825
2 0.547453125 0.1315 0.02186979166666667 0.10225000000000001
2 0.47897395833333334 0.1330925925925926 0.015697916666666666 0.09719444444444444
2 0.49320833333333336 0.1542777777777778 0.019859375000000002 0.11281481481481481
2 0.6693958333333333 0.71975 0.07478125000000001 0.14912962962962964
