2 0.197234375 0.5915555555555555 0.05053125 0.16111111111111112
2 0.33570833333333333 0.7149444444444444 0.05144270833333333 0.19493518518518518
2 0.5252083333333333 0.6987407407407408 0.045031249999999995 0.19647222222222221
2 0.5171979166666667 0.5796944444444445 0.034213541666666666 0.16517592592592592
2 0.5626197916666666 0.4203148148148148 0.019151041666666667 0.09950925925925926
2 0.42591666666666667 0.3249814814814815 0.013114583333333334 0.06007407407407407
2 0.507828125 0.3636759259259259 0.014697916666666666 0.07437962962962963
2 0.4929895833333333 0.3184259259259259 0.012802083333333332 0.0610462962962963
2 0.52171875 0.3064351851851852 0.01296875 0.055574074074074074
2 0.5573333333333333 0.2984351851851852 0.010411458333333333 0.051925925925925924
2 0.5623281250000001 0.2679537037037037 0.009114583333333334 0.03572222222222222
2 0.5603125 0.24133333333333332 0.006822916666666666 0.02723148148148148
