2 0.41775 0.48506481481481484 0.026291666666666665 0.12714814814814815
2 0.470515625 0.7777222222222223 0.05022395833333334 0.21247222222222223
2 0.562421875 0.4793148148148148 0.027442708333333333 0.12183333333333335
2 0.6076458333333333 0.4072777777777778 0.020666666666666667 0.09194444444444444
2 0.50940625 0.37556481481481485 0.017859375 0.0811851851851852
2 0.50346875 0.330037037037037 0.015526041666666665 0.06420370370370371
2 0.5297291666666667 0.3511574074074074 0.015098958333333332 0.07248148148148148
2 0.535 0.30524074074074076 0.010880208333333334 0.05627777777777778
2 0.55459375 0.3122592592592593 0.012739583333333334 0.05487962962962963
2 0.5981822916666667 0.33446296296296296 0.03134375 0.06378703703703703
2 0.6168697916666667 0.3333333333333333 0.027916666666666666 0.06322222222222222
2 0.5410364583333334 0.28605555555555556 0.009067708333333334 0.04413888888888889
2 0.5603333333333332 0.24821296296296297 0.0059947916666666665 0.028638888888888887
2 0.5731406250000001 0.2507685185185185 0.006432291666666667 0.02912962962962963
2 0.55721875 0.23762037037037037 0.006703125 0.025972222222222223
2 0.565640625 0.2292037037037037 0.0072187499999999995 0.024564814814814817
