2 0.6832604166666666 0.5872777777777778 0.07467708333333332 0.31557407407407406
2 0.512265625 0.5500277777777778 0.06775520833333333 0.300287037037037
2 0.32544791666666667 0.42460185185185184 0.06564583333333333 0.25930555555555557
2 0.11432291666666666 0.537537037037037 0.07741666666666666 0.3
2 0.09238020833333334 0.335787037037037 0.0613125 0.22366666666666668
2 0.23705208333333333 0.18385185185185185 0.045098958333333335 0.18521296296296297
2 0.339296875 0.1285 0.039526041666666664 0.16402777777777777
2 0.33373437499999997 0.055453703703703706 0.03329166666666667 0.11089814814814815
2 0.4164895833333333 0.037907407407407404 0.02723958333333333 0.07582407407407407
2 0.4581614583333333 0.08493518518518518 0.030723958333333336 0.14171296296296299
2 0.4149479166666667 0.13874074074074075 0.03978645833333334 0.16599074074074074
2 0.5035833333333334 0.06877777777777778 0.033026041666666665 0.13755555555555557
2 0.5341666666666666 0.16498148148148148 0.050791666666666666 0.17525000000000002
2 0.5586354166666666 0.12751851851851853 0.03028125 0.14353703703703705
