2 0.42896354166666667 0.7698703703703704 0.07648958333333335 0.3572592592592592
2 0.25109895833333334 0.7427222222222222 0.08014583333333333 0.3554351851851852
2 0.33681249999999996 0.49102777777777773 0.057125 0.24710185185185185
2 0.4425364583333333 0.5233703703703704 0.06197395833333333 0.2553888888888889
2 0.5000729166666666 0.3620925925925926 0.041630208333333335 0.1991111111111111
2 0.5136875 0.19998148148148148 0.025453125 0.12488888888888888
2 0.46818229166666664 0.24641666666666667 0.026463541666666666 0.1498611111111111
2 0.3109635416666666 0.25392592592592594 0.031468750000000004 0.14326851851851852
2 0.25828124999999996 0.21176851851851852 0.027901041666666668 0.12376851851851851
2 0.3628177083333333 0.14975925925925926 0.0240625 0.10467592592592592
2 0.45247916666666665 0.20924074074074073 0.026302083333333334 0.13723148148148148
2 0.410921875 0.0702037037037037 0.01784375 0.0813888888888889
1 0.38980729166666667 0.08037962962962963 0.019020833333333334 0.0862962962962963
2 0.46759375 0.07469444444444445 0.016598958333333334 0.07801851851851853
2 0.4887447916666667 0.0658611111111111 0.013765625 0.07886111111111112
2 0.5188958333333333 0.04901851851851852 0.015036458333333334 0.07605555555555556
2 0.5345989583333334 0.0773611111111111 0.015197916666666667 0.08951851851851853
2 0.4433229166666666 0.03765740740740741 0.011458333333333333 0.059500000000000004
2 0.4203958333333333 0.020370370370370372 0.013109375000000001 0.040740740740740744
1 0.36388020833333334 0.05225 0.014041666666666668 0.06399074074074074
2 0.50034375 0.03822222222222222 0.012661458333333332 0.0667962962962963
2 0.6795520833333334 0.8144814814814815 0.0915625 0.27364814814814814
