2 0.4681875 0.5628611111111111 0.06119270833333333 0.28583333333333333
2 0.321265625 0.42221296296296296 0.050333333333333334 0.23601851851851852
2 0.237328125 0.42312962962962963 0.050859375000000005 0.22858333333333333
2 0.13570833333333335 0.6602962962962963 0.07095312499999999 0.3294722222222222
2 0.13120833333333332 0.4928518518518518 0.06100520833333333 0.21539814814814814
2 0.19952083333333331 0.3550092592592593 0.04121875 0.18802777777777777
1 0.19533333333333333 0.2467037037037037 0.025906250000000002 0.13807407407407407
2 0.28831249999999997 0.18314814814814817 0.027828125 0.12208333333333332
2 0.321265625 0.2283888888888889 0.03296875 0.13540740740740742
2 0.3626197916666667 0.24986111111111114 0.03392708333333334 0.15701851851851853
2 0.49616666666666664 0.2750370370370371 0.032078125 0.1515462962962963
2 0.5251302083333333 0.22824999999999998 0.030979166666666665 0.14130555555555557
2 0.6803020833333334 0.813787037037037 0.09480208333333334 0.2722407407407407
2 0.43527083333333333 0.1446388888888889 0.019666666666666666 0.10369444444444444
2 0.38440104166666667 0.14477777777777778 0.020359375000000002 0.09780555555555555
2 0.4547291666666667 0.08122222222222222 0.01864583333333333 0.08180555555555555
2 0.5357864583333334 0.08844444444444444 0.01756770833333333 0.087
2 0.388625 0.04516666666666667 0.015072916666666667 0.06412962962962963
2 0.40275520833333334 0.054287037037037036 0.01365625 0.07113888888888889
2 0.42548437499999997 0.046425925925925926 0.013979166666666666 0.06160185185185185
2 0.47133854166666667 0.02949074074074074 0.015416666666666667 0.05899074074074074
2 0.4895729166666667 0.024583333333333336 0.013682291666666667 0.04916666666666667
2 0.43708854166666666 0.019675925925925927 0.012880208333333334 0.039342592592592596
2 0.33925520833333334 0.18819444444444444 0.023817708333333333 0.12600925925925927
2 0.4257604166666667 0.12063888888888888 0.01973958333333333 0.09275
