2 0.11941145833333335 0.3550092592592593 0.08933854166666667 0.1262962962962963
2 0.24869270833333335 0.29398148148148145 0.059703124999999996 0.15856481481481483
2 0.50871875 0.8349722222222222 0.09538020833333333 0.33005555555555555
2 0.6790833333333333 0.8152592592592592 0.09408854166666666 0.2721018518518519
2 0.3292760416666667 0.17024074074074075 0.026421874999999997 0.10862037037037037
2 0.300703125 0.1651203703703704 0.028307291666666668 0.1076388888888889
2 0.27011979166666666 0.16575925925925927 0.027901041666666668 0.11199074074074074
2 0.40046354166666664 0.11272222222222222 0.02296875 0.08616666666666667
2 0.5239479166666666 0.1539722222222222 0.028614583333333332 0.1131111111111111
2 0.4832604166666667 0.049101851851851855 0.018416666666666668 0.07312037037037036
2 0.4126197916666667 0.06221296296296296 0.016026041666666668 0.07775
2 0.3791145833333333 0.03822222222222222 0.016729166666666666 0.06680555555555556
2 0.40105729166666665 0.03983333333333334 0.015473958333333334 0.06076851851851851
2 0.419328125 0.03352777777777778 0.012083333333333333 0.04813888888888889
