2 0.07138541666666667 0.9345092592592592 0.14277083333333335 0.13098148148148148
1 0.5696510416666667 0.20511111111111113 0.016098958333333333 0.0245
2 0.48699479166666665 0.7254074074074075 0.049651041666666666 0.19302777777777777
2 0.40519791666666666 0.4651111111111111 0.028098958333333333 0.11519444444444445
2 0.42584375 0.41150000000000003 0.022984375 0.09383333333333334
2 0.4365833333333333 0.33237037037037037 0.017005208333333334 0.0699537037037037
2 0.46725520833333334 0.3598425925925926 0.016796875 0.07470370370370372
2 0.49928645833333335 0.3285092592592593 0.016463541666666668 0.06085185185185185
2 0.5345885416666667 0.30344444444444446 0.011307291666666667 0.052814814814814814
2 0.5476093750000001 0.2820185185185185 0.013682291666666667 0.04362962962962963
2 0.5596875 0.24612962962962961 0.008473958333333333 0.03582407407407407
2 0.5508385416666666 0.25975 0.010666666666666666 0.03612962962962963
2 0.5781562499999999 0.37860185185185186 0.018901041666666667 0.07853703703703703
1 0.575375 0.2912037037037037 0.012395833333333333 0.04669444444444444
1 0.5743020833333333 0.2669074074074074 0.010244791666666668 0.038657407407407404
