2 0.38428645833333336 0.6352500000000001 0.04269791666666667 0.17752777777777776
2 0.5455729166666666 0.42894444444444446 0.02325 0.10750925925925926
2 0.545734375 0.9476296296296297 0.06871354166666667 0.10474074074074075
2 0.475390625 0.31912962962962965 0.014057291666666666 0.062453703703703706
2 0.5062135416666667 0.2948611111111111 0.013197916666666667 0.04786111111111111
2 0.564203125 0.2748333333333333 0.008520833333333333 0.040212962962962964
2 0.5305208333333333 0.2503888888888889 0.008 0.032990740740740744
2 0.55490625 0.24862962962962962 0.008161458333333333 0.02948148148148148
2 0.5656822916666666 0.24137037037037037 0.007140625 0.025768518518518517
2 0.5739322916666667 0.2496851851851852 0.008010416666666667 0.03158333333333333
2 0.6227864583333333 0.3720925925925926 0.013708333333333333 0.06036111111111111
2 0.6383541666666667 0.35041666666666665 0.037036458333333334 0.09108333333333334
2 0.6552291666666666 0.42200925925925925 0.049078125 0.12468518518518518
2 0.5595052083333333 0.22853703703703704 0.006072916666666667 0.02477777777777778
