2 0.4308125 0.5252592592592592 0.033317708333333335 0.13655555555555554
2 0.5522395833333333 0.3940092592592592 0.020963541666666665 0.09319444444444445
2 0.611 0.3431574074074074 0.018692708333333332 0.06863888888888889
2 0.502296875 0.2858425925925926 0.013020833333333334 0.05127777777777778
2 0.5115989583333334 0.25849074074074074 0.010786458333333334 0.03864814814814815
2 0.5554427083333333 0.25624074074074077 0.006619791666666667 0.032462962962962964
2 0.56528125 0.2625092592592593 0.010197916666666666 0.035222222222222224
2 0.5748385416666667 0.2586851851851852 0.006583333333333333 0.030629629629629628
2 0.571203125 0.2856203703703704 0.026776041666666663 0.04410185185185186
2 0.5701041666666666 0.23672222222222222 0.006583333333333333 0.027111111111111114
