2 0.45642708333333337 0.9545740740740741 0.06892187500000001 0.09085185185185185
2 0.5375052083333334 0.4031388888888889 0.018494791666666666 0.08385185185185186
2 0.5451041666666666 0.32905555555555555 0.011989583333333333 0.06224074074074074
2 0.5234375 0.28672222222222227 0.010322916666666666 0.05010185185185185
2 0.5394010416666667 0.25841666666666663 0.008395833333333333 0.03515740740740741
2 0.5503333333333333 0.2922962962962963 0.009427083333333334 0.04737037037037037
2 0.5722552083333333 0.2887222222222222 0.008994791666666667 0.04329629629629629
2 0.5576302083333334 0.2504166666666667 0.006666666666666667 0.03150925925925926
2 0.5822187499999999 0.2687685185185185 0.007223958333333333 0.03270370370370371
2 0.5735364583333333 0.2508425925925926 0.007223958333333333 0.029268518518518517
2 0.5677916666666667 0.23726851851851852 0.005286458333333333 0.028351851851851854
2 0.5642604166666667 0.2182962962962963 0.006036458333333333 0.022814814814814816
