2 0.46005729166666665 0.5404166666666667 0.07271354166666667 0.30266666666666664
2 0.6788020833333334 0.819675925925926 0.08832812500000001 0.2716851851851852
2 0.18405208333333334 0.7168425925925926 0.083203125 0.36230555555555555
2 0.2795520833333333 0.4887129629629629 0.06586979166666666 0.2826018518518518
2 0.13381770833333334 0.6123888888888889 0.07473958333333333 0.33549999999999996
2 0.20050520833333335 0.4210185185185185 0.051875 0.22437037037037036
2 0.27860416666666665 0.2553333333333333 0.03619270833333333 0.14607407407407408
2 0.023234374999999998 0.7001481481481481 0.04646354166666666 0.3143240740740741
2 0.40946354166666665 0.1855277777777778 0.027078125 0.11449999999999999
2 0.4360208333333333 0.14099074074074075 0.022901041666666667 0.10257407407407408
2 0.40456770833333333 0.12899074074074074 0.024234375 0.08166666666666667
2 0.32489583333333333 0.14821296296296296 0.03676041666666666 0.10776851851851851
2 0.32966666666666666 0.2081851851851852 0.027208333333333334 0.08883333333333333
2 0.377734375 0.15137037037037035 0.02264583333333333 0.09864814814814815
2 0.5053177083333333 0.2598888888888889 0.029552083333333333 0.13975925925925925
1 0.5661302083333334 0.23835185185185187 0.027916666666666666 0.1491574074074074
2 0.5882708333333333 0.11847222222222223 0.01836979166666667 0.09149074074074075
2 0.450265625 0.03099074074074074 0.0149375 0.06160185185185185
2 0.47264062500000004 0.04116666666666667 0.012812500000000001 0.06650925925925925
2 0.49778125 0.0724537037037037 0.016213541666666668 0.07970370370370371
2 0.5085520833333333 0.05807407407407407 0.0151875 0.06637037037037037
2 0.37710416666666663 0.044953703703703704 0.014437499999999999 0.06174074074074075
2 0.39197916666666666 0.0427037037037037 0.014682291666666668 0.06342592592592593
2 0.3549114583333333 0.8624351851851851 0.107140625 0.2751296296296296
