2 0.4680677083333334 0.7197870370370371 0.048802083333333336 0.20769444444444446
2 0.30291666666666667 0.931425925925926 0.07440104166666667 0.13714814814814816
2 0.5138020833333333 0.38025925925925924 0.020479166666666666 0.08421296296296296
2 0.5656614583333333 0.3845092592592592 0.016651041666666665 0.07900925925925925
2 0.5673802083333332 0.3277222222222222 0.014005208333333333 0.05648148148148148
2 0.5745416666666666 0.2598888888888889 0.008364583333333333 0.03501851851851852
2 0.5539010416666666 0.23621296296296299 0.007020833333333334 0.026250000000000002
2 0.5661145833333333 0.2310925925925926 0.006270833333333333 0.025268518518518517
2 0.572546875 0.21832407407407406 0.00525 0.021333333333333333
1 0.6379583333333334 0.39401851851851855 0.018885416666666665 0.0810462962962963
