2 0.2611354166666667 0.7072962962962963 0.19743229166666668 0.30000925925925925
2 0.06573958333333334 0.5288425925925926 0.06880208333333333 0.2696944444444444
2 0.31653125 0.4055185185185185 0.05822395833333334 0.2273148148148148
2 0.268421875 0.35767592592592595 0.047078125 0.19953703703703704
2 0.325328125 0.2897685185185185 0.035890624999999995 0.15014814814814814
2 0.38543229166666665 0.19121296296296295 0.029359375 0.12277777777777778
2 0.43345833333333333 0.18693518518518518 0.026453125 0.11730555555555555
2 0.5610416666666667 0.18826851851851853 0.033359375 0.12306481481481481
2 0.29691666666666666 0.21744444444444444 0.03114583333333333 0.1320462962962963
2 0.07379166666666667 0.3503148148148148 0.06059375 0.16937037037037037
2 0.326390625 0.18707407407407406 0.025869791666666666 0.11141666666666666
2 0.39647916666666666 0.08787962962962963 0.016734375000000003 0.07970370370370371
1 0.37876041666666665 0.044953703703703704 0.01428125 0.06174074074074075
2 0.4126197916666667 0.05462962962962963 0.016026041666666668 0.056407407407407406
2 0.46518229166666664 0.026685185185185187 0.013520833333333334 0.05337962962962963
