2 0.5240260416666667 0.5244166666666666 0.033979166666666664 0.1410462962962963
2 0.42434895833333336 0.533425925925926 0.035234375000000005 0.1361111111111111
2 0.454671875 0.4874814814814815 0.029046875000000003 0.12137962962962963
2 0.5460677083333334 0.3668240740740741 0.019130208333333332 0.08068518518518518
2 0.5519895833333333 0.29264814814814816 0.02228645833333333 0.04805555555555555
2 0.5785260416666667 0.2977314814814815 0.010260416666666666 0.05051851851851852
2 0.5884479166666666 0.2831111111111111 0.010140624999999999 0.044703703703703704
2 0.5683072916666667 0.2517037037037037 0.006869791666666666 0.032
2 0.56896875 0.22811111111111113 0.0050729166666666665 0.02277777777777778
2 0.5783697916666667 0.2465092592592593 0.006161458333333333 0.02808333333333333
2 0.5690989583333333 0.20574074074074072 0.0048125 0.016175925925925923
2 0.5740729166666667 0.21496296296296297 0.004338541666666667 0.01962037037037037
1 0.5548958333333334 0.21382407407407408 0.01806770833333333 0.039574074074074074
2 0.6208229166666667 0.27666666666666667 0.01503125 0.039324074074074074
