2 0.5182604166666667 0.5907777777777777 0.03286979166666667 0.1626574074074074
2 0.536140625 0.5121388888888889 0.028692708333333334 0.13192592592592592
2 0.57315625 0.39204629629629634 0.019390624999999998 0.08309259259259259
2 0.590203125 0.7036481481481482 0.032651041666666665 0.2062962962962963
1 0.6405572916666666 0.4358888888888889 0.018776041666666667 0.09362037037037037
2 0.5454322916666666 0.3303425925925926 0.015010416666666667 0.06788888888888889
2 0.5783229166666667 0.34718518518518515 0.016395833333333335 0.06788888888888889
2 0.6070156250000001 0.3396851851851852 0.014125 0.06299074074074074
2 0.6406614583333333 0.32743518518518516 0.012281249999999999 0.055342592592592596
2 0.6174583333333333 0.2980185185185185 0.011328125 0.045314814814814815
2 0.6017239583333333 0.27975925925925926 0.009213541666666667 0.037425925925925925
2 0.48215625 0.9440740740740741 0.08731770833333334 0.11185185185185186
1 0.45693229166666666 0.3196759259259259 0.12398958333333333 0.19637962962962963
1 0.5715052083333333 0.2741018518518518 0.047260416666666666 0.12375925925925925
