1 0.59318359375 0.10652777777777778 0.08264453125 0.1292847222222222
2 0.25319140625 0.16405555555555557 0.0237578125 0.07420833333333333
2 0.18962109375 0.2428958333333333 0.07630078125 0.2006388888888889
2 0.19290234374999998 0.03952777777777778 0.0359921875 0.06125694444444444
2 0.2654921875 0.03665277777777778 0.034683593750000005 0.07331249999999999
2 0.3248515625 0.035076388888888886 0.06160546875 0.07015277777777777
2 0.37594921875 0.05917361111111111 0.04466015625 0.10402777777777779
2 0.39437500000000003 0.04465277777777778 0.07175000000000001 0.08887500000000001
2 0.5013671875 0.042368055555555555 0.051359375 0.08082638888888889
2 0.5383515625 0.07638194444444445 0.08040625 0.11065972222222221
