1 0.515109375 0.9031481481481481 0.05260416666666667 0.1917222222222222
2 0.37004166666666666 0.7310092592592593 0.05066145833333333 0.19927777777777778
2 0.1711875 0.9005555555555556 0.08525 0.19887962962962963
2 0.459109375 0.4260740740740741 0.025671875 0.1048425925925926
2 0.55634375 0.4050925925925926 0.022229166666666668 0.09066666666666667
2 0.509296875 0.28852777777777777 0.012807291666666666 0.05663888888888889
2 0.5438020833333332 0.2982037037037037 0.012687499999999999 0.05411111111111111
2 0.5836666666666667 0.3695648148148148 0.014765625000000001 0.07057407407407407
2 0.5698854166666667 0.23512037037037037 0.006151041666666667 0.02725925925925926
1 0.5451354166666668 0.2545925925925926 0.03240625 0.06789814814814815
