2 0.5421770833333334 0.4624074074074074 0.026880208333333332 0.12196296296296297
2 0.37978645833333335 0.423962962962963 0.02328125 0.10062962962962964
2 0.5402864583333333 0.3567592592592593 0.014510416666666666 0.07136111111111111
2 0.513234375 0.30127777777777776 0.013359375 0.05325925925925926
2 0.577265625 0.299 0.02422916666666667 0.043787037037037034
2 0.6062135416666667 0.28682407407407406 0.013703125 0.045675925925925925
2 0.5795729166666667 0.2538240740740741 0.0054062500000000005 0.02750925925925926
2 0.5931458333333333 0.25841666666666663 0.008255208333333333 0.03515740740740741
2 0.5607708333333333 0.23849074074074073 0.005125 0.023083333333333334
1 0.6320208333333334 0.29688888888888887 0.025234375 0.039574074074074074
