2 0.48985416666666665 0.42866666666666664 0.055755208333333334 0.24275000000000002
2 0.5308541666666666 0.29587962962962966 0.03374479166666667 0.1716111111111111
2 0.5870885416666667 0.2735 0.03336979166666666 0.15463888888888888
2 0.5557916666666666 0.21724074074074073 0.028067708333333333 0.14087962962962963
2 0.5869270833333334 0.1293425925925926 0.02263541666666667 0.09780555555555555
2 0.43921875 0.16561111111111113 0.027557291666666664 0.11787037037037036
2 0.46660416666666665 0.15922222222222224 0.023307291666666667 0.10818518518518519
2 0.322609375 0.4941851851851852 0.0634375 0.26885185185185184
2 0.3282916666666667 0.3653888888888889 0.05049479166666667 0.18410185185185185
2 0.3572135416666667 0.3075185185185185 0.033692708333333335 0.17637962962962964
2 0.21049479166666665 0.5320648148148148 0.06663541666666667 0.2660462962962963
2 0.22722395833333334 0.4178611111111111 0.058432291666666664 0.20262962962962963
2 0.17434375 0.7285555555555556 0.08841145833333333 0.3613240740740741
2 0.124109375 0.6035462962962963 0.06573958333333334 0.31389814814814815
2 0.13278645833333333 0.3334074074074074 0.048380208333333334 0.16950925925925925
2 0.27019791666666665 0.17907407407407408 0.02458854166666667 0.10776851851851851
2 0.053468749999999995 0.3627222222222222 0.08071354166666667 0.14173148148148149
2 0.49272916666666666 0.10072222222222223 0.02 0.09612037037037037
2 0.45298958333333333 0.06087962962962963 0.018958333333333334 0.06356481481481482
2 0.379546875 0.03983333333333334 0.015859375 0.06075925925925926
2 0.49332291666666667 0.03611111111111111 0.0125 0.06258333333333334
2 0.5065416666666667 0.04474074074074074 0.012901041666666667 0.07058333333333333
