2 0.18275 0.9499444444444445 0.08580729166666666 0.10011111111111111
2 0.2106875 0.8149074074074074 0.06624479166666666 0.22510185185185186
2 0.398296875 0.6323055555555556 0.044671875 0.17780555555555555
2 0.48089062499999996 0.6951574074074074 0.04841145833333334 0.19240740740740742
2 0.35148958333333336 0.5230833333333332 0.030927083333333334 0.1352962962962963
2 0.414 0.5012685185185185 0.027473958333333333 0.12561111111111112
2 0.53065625 0.4605092592592593 0.024666666666666667 0.10890740740740741
2 0.581484375 0.512287037037037 0.025630208333333335 0.1260277777777778
2 0.6114375 0.38257407407407407 0.017828124999999997 0.07958333333333334
2 0.5118697916666667 0.3505185185185185 0.014875 0.0679351851851852
2 0.499515625 0.3096203703703704 0.012739583333333334 0.057129629629629634
2 0.53096875 0.30675 0.01140625 0.05446296296296296
2 0.56940625 0.31187037037037035 0.011895833333333333 0.05544444444444445
2 0.5975416666666666 0.31060185185185185 0.010875 0.04675
2 0.54959375 0.26872222222222225 0.01046875 0.04632407407407407
2 0.5090677083333334 0.27601851851851855 0.011005208333333332 0.048574074074074075
2 0.5305729166666667 0.2659166666666667 0.010619791666666666 0.040712962962962965
2 0.5620677083333334 0.2375833333333333 0.0076302083333333335 0.027240740740740742
