2 0.380984375 0.6059351851851852 0.181921875 0.3905
2 0.219015625 0.5756296296296296 0.07327083333333334 0.30519444444444443
2 0.11546354166666667 0.439537037037037 0.04671875 0.2182037037037037
2 0.347546875 0.12660185185185185 0.02303125 0.08925
2 0.38278645833333336 0.09812962962962964 0.018859375 0.08166666666666667
2 0.400625 0.10037037037037037 0.016338541666666668 0.07998148148148147
2 0.4251302083333333 0.1489814814814815 0.028895833333333332 0.10622222222222222
2 0.44754687499999996 0.13530555555555554 0.025114583333333333 0.0942962962962963
2 0.38416666666666666 0.03702777777777778 0.012942708333333334 0.05514814814814815
2 0.36514583333333334 0.026851851851851852 0.01309375 0.05024074074074074
2 0.562578125 0.13228703703703704 0.0208125 0.09752777777777778
2 0.584875 0.11461111111111111 0.022000000000000002 0.09920370370370371
2 0.5384322916666666 0.31277777777777777 0.04542708333333333 0.17147222222222222
2 0.5709114583333333 0.5475740740740741 0.05309375 0.2799351851851852
2 0.512859375 0.7963888888888889 0.07761979166666667 0.407212962962963
2 0.6406822916666666 0.7568981481481482 0.07458333333333332 0.3607685185185185
2 0.630953125 0.59325 0.068453125 0.2764537037037037
2 0.607140625 0.27116666666666667 0.03571354166666666 0.14021296296296296
