2 0.5443177083333333 0.28791666666666665 0.009932291666666667 0.04869444444444445
2 0.60290625 0.391037037037037 0.021057291666666665 0.0781574074074074
2 0.5843125 0.49121296296296296 0.025531250000000002 0.11351851851851852
2 0.5360729166666667 0.48703703703703705 0.024697916666666667 0.12033333333333333
2 0.553640625 0.7088796296296297 0.04467708333333333 0.18017592592592593
2 0.483125 0.9352407407407407 0.07978645833333334 0.12952777777777777
1 0.6525468750000001 0.46572222222222226 0.019953125000000002 0.10632407407407407
1 0.5657760416666666 0.30115740740740743 0.027291666666666665 0.04822222222222222
1 0.5873020833333332 0.32373148148148145 0.013520833333333334 0.05970370370370371
2 0.5647239583333333 0.22362962962962965 0.005291666666666667 0.02112962962962963
2 0.5703177083333333 0.22627777777777777 0.007015625 0.028092592592592593
