2 0.25012890625 0.03147916666666666 0.0352109375 0.05210416666666667
2 0.2861328125 0.0271875 0.027140625 0.05436805555555556
2 0.32529296875 0.03684027777777778 0.0624921875 0.06977777777777779
2 0.37728125 0.05830555555555555 0.04732421875 0.1057638888888889
2 0.393 0.044548611111111115 0.07094921875 0.08909722222222223
2 0.5004375 0.044104166666666667 0.051449218750000004 0.07735416666666667
2 0.20731640625 0.19893750000000002 0.02131640625 0.07977777777777778
2 0.33918359374999996 0.10553472222222222 0.013343749999999998 0.05192361111111111
2 0.29478515625 0.05625694444444445 0.011359375 0.03824305555555556
2 0.43717187500000004 0.04797916666666667 0.013136718750000002 0.030944444444444445
