2 0.13788020833333334 0.5117962962962963 0.060296875 0.26169444444444445
2 0.17627604166666666 0.39443518518518517 0.045078125 0.19898148148148148
2 0.023234374999999998 0.4333703703703704 0.04646354166666666 0.1996851851851852
2 0.2749739583333334 0.3526296296296296 0.049765625 0.1956111111111111
2 0.409703125 0.5209814814814815 0.06922395833333334 0.28540740740740744
2 0.456109375 0.6271851851851852 0.06481770833333333 0.300287037037037
2 0.537328125 0.8110555555555556 0.09183854166666668 0.3778888888888889
2 0.38819270833333336 0.395 0.05225 0.20626851851851852
2 0.374265625 0.3263888888888889 0.046953125000000005 0.1863425925925926
2 0.2856666666666667 0.2818425925925926 0.034692708333333336 0.14355555555555555
2 0.3150677083333333 0.2166759259259259 0.03272916666666667 0.13358333333333333
2 0.29703124999999997 0.1550185185185185 0.026171875 0.09976851851851852
2 0.34825520833333334 0.15719444444444444 0.02792708333333333 0.10103703703703704
2 0.39703125 0.2072037037037037 0.028255208333333334 0.13007407407407406
2 0.5277760416666667 0.5390833333333334 0.05884375 0.2660462962962963
2 0.5582395833333333 0.4713888888888889 0.04685416666666666 0.23868518518518517
2 0.5695677083333333 0.3778055555555555 0.04315104166666666 0.19294444444444445
2 0.5360625 0.3341018518518518 0.040692708333333334 0.17091666666666666
2 0.605203125 0.28703703703703703 0.036609375000000006 0.1724537037037037
2 0.37477604166666667 0.13453703703703704 0.025406250000000002 0.0958425925925926
2 0.38669270833333336 0.1495462962962963 0.02841145833333333 0.11351851851851852
2 0.41865625 0.10177777777777777 0.022895833333333334 0.08278703703703703
2 0.4398489583333333 0.13691666666666666 0.018406250000000002 0.08826851851851851
2 0.456265625 0.09609259259259259 0.02030208333333333 0.08293518518518518
2 0.37295833333333334 0.04348148148148148 0.014833333333333334 0.061879629629629625
2 0.5808125000000001 0.1082962962962963 0.019078125 0.08658333333333333
