2 0.36763541666666666 0.6696944444444445 0.04758333333333333 0.18160185185185185
2 0.6540989583333333 0.48711111111111116 0.030630208333333336 0.11711111111111111
2 0.4946145833333333 0.42466666666666664 0.02321875 0.09659259259259259
2 0.6020885416666667 0.40132407407407406 0.017526041666666665 0.08358333333333333
2 0.5625052083333333 0.3288518518518519 0.013166666666666667 0.06322222222222222
2 0.57628125 0.30742592592592594 0.0123125 0.054037037037037036
2 0.6312552083333334 0.32016666666666665 0.014307291666666666 0.05763888888888889
2 0.6000260416666666 0.2896388888888889 0.009604166666666667 0.0437037037037037
2 0.5391302083333334 0.2863425925925926 0.009973958333333333 0.04722222222222222
2 0.5369322916666667 0.24824074074074076 0.007479166666666666 0.03162037037037037
2 0.5862708333333334 0.2592962962962963 0.009557291666666667 0.03858333333333334
2 0.5773385416666666 0.28125925925925926 0.024838541666666665 0.042111111111111106
2 0.5649166666666667 0.22715740740740742 0.006625000000000001 0.024814814814814814
