2 0.46897395833333333 0.4864722222222222 0.02804166666666667 0.1299537037037037
2 0.464359375 0.8297777777777777 0.0656875 0.2486759259259259
2 0.5245 0.6425462962962963 0.040135416666666666 0.1797777777777778
2 0.6395729166666667 0.5225925925925926 0.034171875 0.1250462962962963
2 0.5098958333333333 0.46549074074074076 0.028291666666666666 0.11578703703703704
2 0.6407552083333333 0.4212314814814815 0.019177083333333334 0.09207407407407407
2 0.5324322916666666 0.3658148148148148 0.019536458333333333 0.07383333333333333
2 0.415421875 0.33670370370370367 0.019895833333333335 0.061907407407407404
2 0.5817604166666667 0.29362962962962963 0.01403125 0.049833333333333334
2 0.6016458333333333 0.2855648148148148 0.012140624999999999 0.049129629629629634
2 0.564078125 0.2791111111111111 0.009916666666666666 0.04239814814814815
2 0.5409114583333333 0.2542037037037037 0.010463541666666666 0.03888888888888889
