2 0.4948229166666666 0.786425925925926 0.053703125 0.2175277777777778
2 0.430140625 0.698037037037037 0.04413020833333334 0.1950740740740741
2 0.511359375 0.5799074074074073 0.036421875000000006 0.1563425925925926
2 0.552515625 0.5149444444444444 0.02672916666666667 0.13753703703703704
2 0.5712604166666666 0.46423148148148147 0.0208125 0.10708333333333334
2 0.5849947916666667 0.41533333333333333 0.01703125 0.09262962962962963
2 0.6036614583333333 0.3585185185185185 0.014432291666666668 0.07158333333333333
2 0.5259166666666667 0.34168518518518515 0.015197916666666667 0.06877777777777778
2 0.5722083333333334 0.3619537037037037 0.01576041666666667 0.08154629629629628
2 0.5482916666666667 0.31032407407407403 0.013072916666666667 0.05853703703703703
2 0.5967135416666667 0.29874999999999996 0.010953125000000001 0.05081481481481482
2 0.5569739583333334 0.29433333333333334 0.013072916666666667 0.051240740740740746
1 0.48842708333333335 0.2986111111111111 0.027020833333333334 0.056712962962962965
2 0.37425520833333337 0.3875648148148148 0.022322916666666668 0.08465740740740742
