2 0.18219791666666665 0.8024907407407408 0.07428125000000001 0.22187037037037038
2 0.504765625 0.5776574074074075 0.03539583333333333 0.15802777777777777
2 0.49253125 0.47776851851851854 0.028286458333333334 0.12490740740740741
2 0.5843229166666667 0.475175925925926 0.02784375 0.1104537037037037
2 0.5816822916666666 0.3731111111111111 0.017343749999999998 0.07607407407407407
2 0.5196458333333334 0.2920185185185185 0.029317708333333335 0.05025925925925926
2 0.5537447916666667 0.30024074074074075 0.011744791666666667 0.05312962962962963
2 0.5915208333333334 0.28278703703703706 0.02575 0.04516666666666667
2 0.533296875 0.24587037037037038 0.008723958333333334 0.030250000000000003
2 0.5543020833333333 0.2521851851851852 0.007182291666666666 0.029861111111111113
2 0.5612760416666667 0.24472222222222223 0.007875 0.027953703703703706
2 0.5500208333333333 0.2783888888888889 0.026078125 0.044787037037037035
