2 0.07872395833333333 0.8261944444444445 0.07914583333333333 0.21374074074074073
2 0.24613020833333332 0.7626481481481481 0.06325520833333334 0.19774074074074074
2 0.38014583333333335 0.6818981481481482 0.060453124999999996 0.19366666666666665
2 0.4757239583333333 0.7836203703703704 0.05716666666666667 0.21191666666666667
2 0.6263177083333333 0.8874444444444445 0.07016145833333334 0.22511111111111112
2 0.5715416666666666 0.6631018518518518 0.0439375 0.18075925925925926
2 0.5114375 0.596037037037037 0.033109375 0.15774074074074076
2 0.44616666666666666 0.4988888888888888 0.031036458333333336 0.13318518518518518
2 0.531046875 0.4756666666666667 0.025458333333333336 0.12069444444444444
2 0.586734375 0.5143148148148149 0.030921874999999998 0.13318518518518518
2 0.5601354166666667 0.4211574074074074 0.019390624999999998 0.09501851851851852
2 0.47692187500000005 0.3801111111111111 0.020260416666666666 0.08911111111111111
2 0.6265989583333333 0.41657407407407404 0.016739583333333332 0.08225
2 0.6061822916666666 0.3886574074074074 0.016770833333333336 0.08625925925925926
2 0.582921875 0.37736111111111115 0.015921875 0.07648148148148147
2 0.5334895833333333 0.37548148148148147 0.016416666666666666 0.08412037037037036
2 0.5136927083333334 0.34534259259259265 0.014479166666666666 0.06799999999999999
2 0.4564479166666667 0.34025925925925926 0.014572916666666666 0.06780555555555556
2 0.5242395833333333 0.32581481481481483 0.012333333333333333 0.06171296296296297
2 0.557296875 0.29703703703703704 0.01034375 0.04546296296296296
2 0.5301927083333333 0.29253703703703704 0.010624999999999999 0.04928703703703703
2 0.5659635416666667 0.24511111111111114 0.006848958333333334 0.032768518518518516
2 0.589296875 0.31403703703703706 0.012645833333333334 0.05809259259259259
2 0.5655312499999999 0.341037037037037 0.01719270833333333 0.06366666666666668
2 0.6305885416666667 0.35570370370370374 0.017505208333333334 0.060231481481481476
2 0.5318177083333333 0.23925 0.022682291666666667 0.05096296296296296
