2 0.08726041666666666 0.6397499999999999 0.07711458333333333 0.32849074074074075
2 0.24100520833333333 0.80375 0.09641145833333334 0.35403703703703704
2 0.33697916666666666 0.8164537037037037 0.09391145833333334 0.3670925925925926
2 0.443921875 0.843462962962963 0.09946354166666667 0.31307407407407406
2 0.476671875 0.6856944444444444 0.07816145833333334 0.3432222222222222
2 0.6025572916666667 0.8018611111111111 0.08687500000000001 0.3718518518518519
1 0.6973854166666666 0.8534907407407407 0.09771354166666667 0.2930185185185185
2 0.4529166666666667 0.39696296296296296 0.051479166666666666 0.21637037037037038
2 0.32398958333333333 0.36875925925925923 0.04884375 0.16614814814814816
2 0.423828125 0.3157314814814815 0.0401875 0.17119444444444443
2 0.5023593749999999 0.36048148148148146 0.04099479166666666 0.20514814814814816
2 0.5603333333333332 0.4721574074074074 0.05450520833333334 0.23714814814814816
2 0.5388645833333333 0.3287037037037037 0.035875 0.18171296296296297
2 0.5800625 0.27469444444444446 0.04188541666666667 0.1662777777777778
2 0.23985937499999999 0.3362777777777778 0.040296875 0.17778703703703702
2 0.29913020833333337 0.3055555555555556 0.033838541666666666 0.1662777777777778
2 0.079796875 0.3341018518518518 0.04309375 0.15968518518518518
2 0.17865104166666665 0.26375000000000004 0.04114583333333333 0.1320462962962963
2 0.2537447916666667 0.1965462962962963 0.02988020833333333 0.11492592592592593
2 0.28551562500000005 0.23856481481481479 0.032651041666666665 0.14032407407407407
2 0.32481770833333334 0.2102962962962963 0.031401041666666664 0.1239074074074074
2 0.29277604166666665 0.16610185185185183 0.022864583333333334 0.09725
2 0.37089062500000003 0.17776851851851852 0.024822916666666663 0.11289814814814815
2 0.34221874999999996 0.16750925925925925 0.016723958333333334 0.10585185185185185
2 0.32278125 0.13212037037037036 0.018567708333333332 0.07715740740740741
2 0.354359375 0.14619444444444443 0.01827604166666667 0.10868518518518518
2 0.39476041666666667 0.18464814814814814 0.026166666666666668 0.12666666666666668
2 0.4075052083333333 0.15205555555555555 0.021348958333333334 0.09850925925925925
2 0.4295 0.1673148148148148 0.025572916666666667 0.09705555555555555
2 0.524859375 0.1861851851851852 0.026885416666666665 0.11289814814814815
2 0.4080416666666667 0.08493518518518518 0.017687500000000002 0.07201851851851852
2 0.41755729166666666 0.07518518518518519 0.015880208333333333 0.07775925925925926
2 0.38171354166666666 0.09324074074074075 0.015229166666666665 0.07684259259259259
2 0.36434374999999997 0.10177777777777777 0.015520833333333334 0.07202777777777779
2 0.3950416666666667 0.08153703703703703 0.014411458333333333 0.07576851851851851
2 0.46402604166666667 0.07138888888888888 0.015078125 0.0685
1 0.46036979166666664 0.02336111111111111 0.045640625 0.04671296296296296
