2 0.4543385416666667 0.3060555555555556 0.012750000000000001 0.056351851851851854
2 0.3783125 0.44831481481481483 0.028234375 0.11556481481481481
2 0.48121354166666663 0.3675740740740741 0.021359375 0.08062962962962963
2 0.5108489583333333 0.5742592592592592 0.0355 0.14987037037037038
2 0.4892447916666667 0.7189351851851852 0.057390625 0.20001851851851854
2 0.5476302083333333 0.4728611111111111 0.02745833333333333 0.11837037037037038
2 0.5744218750000001 0.3141111111111111 0.013338541666666667 0.057046296296296296
2 0.6001145833333333 0.2985462962962963 0.010901041666666667 0.04750925925925926
2 0.610671875 0.28756481481481483 0.0103125 0.04561111111111111
2 0.524875 0.2903703703703704 0.010598958333333333 0.051222222222222225
2 0.5571197916666667 0.2944351851851852 0.01953125 0.03467592592592593
2 0.5431875 0.3108888888888889 0.014234374999999999 0.05368518518518518
2 0.5329895833333333 0.29475 0.017270833333333332 0.05227777777777778
2 0.6220729166666668 0.30229629629629634 0.008817708333333334 0.04421296296296296
