2 0.7642447916666666 0.38875000000000004 0.129 0.2215648148148148
2 0.14214062500000002 0.09911111111111112 0.03756770833333333 0.16387962962962963
2 0.20567708333333332 0.10809259259259259 0.04311458333333333 0.15714814814814815
2 0.201890625 0.29538888888888887 0.045953125000000004 0.22310185185185183
2 0.14624479166666668 0.43274074074074076 0.05619791666666667 0.2570648148148148
2 0.29821875000000003 0.7681203703703704 0.08063541666666667 0.3691851851851852
2 0.4430520833333333 0.6144259259259259 0.07515625000000001 0.31178703703703703
2 0.5890625 0.4798796296296296 0.07204166666666666 0.28344444444444444
2 0.5655052083333333 0.8619814814814816 0.08916145833333333 0.276037037037037
2 0.12098958333333334 0.8233981481481482 0.09249479166666667 0.3532037037037037
2 0.05477083333333333 0.6642962962962964 0.078109375 0.34673148148148153
2 0.094984375 0.32905555555555555 0.05610416666666666 0.22871296296296295
2 0.33531249999999996 0.45322222222222225 0.05065104166666667 0.26099074074074075
2 0.3986927083333333 0.27946296296296297 0.04546354166666667 0.2128611111111111
2 0.455125 0.3824444444444445 0.05416145833333333 0.23980555555555558
2 0.49628125 0.2873148148148148 0.044468749999999994 0.22239814814814815
2 0.5539791666666667 0.38258333333333333 0.05221875 0.23390740740740742
2 0.372015625 0.19858333333333333 0.03724479166666667 0.18381481481481482
2 0.2840885416666667 0.13874074074074075 0.03153645833333333 0.16599074074074074
2 0.349796875 0.12625925925925927 0.032739583333333336 0.16570370370370371
2 0.3984947916666667 0.09960185185185184 0.03638541666666666 0.14325925925925925
2 0.44221875 0.1706574074074074 0.040505208333333334 0.1835277777777778
2 0.46952604166666667 0.21675 0.03956770833333333 0.19237037037037036
2 0.5377604166666666 0.20292592592592593 0.038875 0.18633333333333335
2 0.46514583333333337 0.0740648148148148 0.03254166666666666 0.13539814814814813
2 0.544703125 0.04422222222222222 0.024989583333333332 0.0884537037037037
2 0.25638541666666664 0.07368518518518519 0.0316875 0.1473796296296296
2 0.291234375 0.2766574074074074 0.04408854166666667 0.20725000000000002
2 0.26581770833333335 0.32814814814814813 0.052286458333333334 0.20528703703703705
2 0.08863020833333332 0.22587037037037036 0.04513020833333334 0.17974074074074076
2 0.436375 0.0287962962962963 0.025348958333333334 0.057583333333333334
2 0.31431770833333333 0.04492592592592593 0.02949479166666667 0.08985185185185186
2 0.34482291666666665 0.04492592592592593 0.033213541666666666 0.08985185185185186
2 0.5203958333333333 0.15817592592592594 0.03886979166666667 0.18325
2 0.4313333333333333 0.8805000000000001 0.09859375000000001 0.23900000000000002
