2 0.5115208333333333 0.845 0.08188541666666667 0.30999074074074073
2 0.6047291666666667 0.7465833333333333 0.07386458333333333 0.34771296296296295
2 0.5408020833333332 0.6353240740740741 0.06752604166666668 0.2980462962962963
2 0.5835364583333333 0.5061111111111112 0.06098958333333333 0.2618425925925926
2 0.53440625 0.35557407407407404 0.04084895833333334 0.19532407407407407
2 0.5957291666666666 0.3413981481481481 0.03502604166666667 0.1731574074074074
2 0.5595052083333333 0.4111296296296296 0.04590625 0.20767592592592593
2 0.16570312499999998 0.4362407407407407 0.055177083333333335 0.23321296296296296
2 0.133265625 0.7585092592592593 0.08058333333333333 0.37156481481481485
2 0.043916666666666666 0.6038981481481481 0.06508333333333333 0.29075
2 0.10299479166666667 0.5087037037037037 0.06691666666666667 0.276287037037037
2 0.11356770833333334 0.33066666666666666 0.056817708333333335 0.1609537037037037
2 0.21948958333333335 0.2821944444444444 0.036015625 0.15968518518518518
2 0.24616666666666667 0.22193518518518518 0.026869791666666667 0.12867592592592592
2 0.26309375 0.24529629629629632 0.02773958333333333 0.1352685185185185
2 0.28696875 0.26325925925925925 0.032088541666666665 0.15266666666666667
2 0.32489583333333333 0.2925740740740741 0.03676041666666666 0.15575925925925926
2 0.3601354166666667 0.25449074074074074 0.032588541666666665 0.15056481481481482
2 0.38021875 0.15508333333333335 0.023989583333333335 0.10243518518518518
2 0.34663541666666664 0.19149074074074074 0.026427083333333334 0.111
2 0.31313541666666667 0.18258333333333332 0.027125 0.11478703703703703
2 0.41573958333333333 0.12204629629629629 0.024 0.09555555555555556
2 0.38894270833333333 0.10976851851851852 0.020755208333333334 0.08643518518518518
2 0.36127604166666666 0.12716666666666668 0.01925 0.09653703703703705
2 0.34722916666666664 0.11551851851851852 0.018927083333333334 0.09176851851851851
2 0.44229687500000003 0.12169444444444445 0.019828125 0.07942592592592593
2 0.4356666666666667 0.09307407407407407 0.020453125000000003 0.07774074074074074
2 0.5374010416666667 0.1416851851851852 0.019067708333333332 0.10398148148148148
2 0.548453125 0.22909259259259257 0.023807291666666668 0.1368148148148148
2 0.56834375 0.2086111111111111 0.021916666666666664 0.13287962962962963
1 0.24770833333333334 0.42627777777777776 0.08377604166666666 0.18860185185185185
