2 0.06842708333333333 0.8272592592592594 0.09500520833333333 0.3454814814814815
2 0.15425520833333334 0.5538796296296297 0.067015625 0.29256481481481483
2 0.0868125 0.4842222222222223 0.05191666666666667 0.22424074074074074
2 0.12840625 0.400537037037037 0.04135416666666667 0.1895740740740741
2 0.05950520833333333 0.4103611111111111 0.05285416666666667 0.20922222222222223
2 0.210296875 0.371287037037037 0.05755729166666667 0.1835462962962963
2 0.24624479166666668 0.4161851851851852 0.05828125 0.24247222222222223
2 0.2817604166666667 0.3463796296296296 0.042505208333333336 0.21089814814814817
2 0.3104895833333333 0.30324074074074076 0.03398958333333334 0.17090740740740742
2 0.262265625 0.26739814814814816 0.027822916666666666 0.13316666666666666
2 0.27840624999999997 0.20833333333333334 0.027114583333333334 0.11380555555555555
2 0.3056770833333333 0.1866574074074074 0.02783333333333333 0.1290925925925926
2 0.34134895833333334 0.22025925925925927 0.029109375 0.1376574074074074
2 0.35326562499999997 0.17444444444444446 0.025796875 0.11702777777777777
2 0.341859375 0.1261111111111111 0.018609374999999997 0.07899999999999999
1 0.41988020833333334 0.14252777777777778 0.04096875 0.09949074074074074
2 0.34640625 0.8045925925925926 0.105828125 0.38040740740740736
2 0.42888020833333335 0.6988148148148149 0.06244270833333333 0.34785185185185186
2 0.5008645833333333 0.741462962962963 0.07793229166666667 0.34673148148148153
2 0.49115625 0.4603055555555556 0.05156770833333334 0.24121296296296296
2 0.5535885416666667 0.6306296296296297 0.06879687500000001 0.3411111111111111
2 0.5977447916666667 0.5418888888888889 0.05468229166666667 0.2716574074074074
2 0.5974739583333334 0.8287962962962964 0.10101041666666667 0.3423981481481482
2 0.3335 0.4478888888888889 0.0574375 0.23798148148148146
2 0.359859375 0.3861574074074074 0.044187500000000005 0.2071111111111111
2 0.403625 0.43919444444444444 0.046651041666666664 0.2329351851851852
2 0.45160937500000004 0.2962962962962963 0.028036458333333333 0.15393518518518517
2 0.5118697916666667 0.31144444444444447 0.032239583333333335 0.16572222222222222
2 0.5290781250000001 0.37107407407407406 0.038875 0.19237962962962965
2 0.5594635416666667 0.33789814814814817 0.030203125 0.16614814814814816
2 0.4920625 0.23232407407407407 0.0308125 0.12474999999999999
2 0.4288020833333333 0.365537037037037 0.03103125 0.17821296296296296
2 0.4193697916666667 0.2336574074074074 0.027791666666666666 0.1305
2 0.3853125 0.07547222222222223 0.016968749999999998 0.07647222222222222
2 0.372921875 0.06894444444444443 0.016489583333333332 0.07268518518518519
2 0.42358854166666665 0.08234259259259259 0.07144791666666667 0.09639814814814815
