2 0.5750520833333332 0.7606111111111111 0.052703124999999997 0.2046111111111111
2 0.36638020833333335 0.6278703703703704 0.04411458333333333 0.16291666666666665
2 0.4820520833333333 0.7069537037037037 0.05148958333333333 0.19331481481481483
2 0.472625 0.4723981481481481 0.030557291666666667 0.11862962962962964
2 0.5521822916666667 0.4603611111111111 0.023005208333333336 0.10566666666666667
2 0.39121875 0.4028240740740741 0.021911458333333335 0.09614814814814815
2 0.43196875 0.3364074074074074 0.019036458333333332 0.07072222222222221
2 0.5885989583333333 0.37849074074074074 0.014583333333333334 0.08082407407407408
2 0.572 0.3461296296296296 0.013682291666666667 0.06979629629629629
2 0.6235208333333334 0.35197222222222224 0.016729166666666666 0.06483333333333333
2 0.6109270833333333 0.3276481481481482 0.014453125 0.06802777777777777
2 0.593640625 0.3143888888888889 0.011130208333333334 0.05076851851851852
2 0.587625 0.30853703703703705 0.0136875 0.055740740740740743
2 0.6276666666666666 0.31939814814814815 0.010338541666666668 0.04412037037037037
2 0.5107916666666666 0.2906111111111111 0.011057291666666667 0.04950925925925926
2 0.5367447916666667 0.3168703703703704 0.015041666666666667 0.0575925925925926
2 0.5832708333333334 0.25875 0.009140625000000001 0.035787037037037034
2 0.569890625 0.2561851851851852 0.008421875 0.0325
