2 0.358640625 0.670537037037037 0.078203125 0.33143518518518517
2 0.216890625 0.8735555555555556 0.11067708333333333 0.2528888888888889
2 0.5003489583333333 0.6812777777777778 0.06475520833333333 0.31277777777777777
2 0.400703125 0.39317592592592593 0.06511458333333334 0.22114814814814815
2 0.51759375 0.2361111111111111 0.03500520833333333 0.15084259259259258
2 0.4796666666666667 0.1665185185185185 0.030333333333333334 0.14129629629629628
2 0.4291927083333333 0.15698148148148147 0.03181770833333333 0.14074074074074075
2 0.33779687500000005 0.20868518518518517 0.033052083333333336 0.16080555555555553
2 0.277734375 0.15978703703703703 0.03792708333333333 0.14635185185185184
2 0.37244791666666666 0.1333425925925926 0.03638020833333333 0.13750925925925925
2 0.39371875 0.037907407407407404 0.028572916666666667 0.07582407407407407
