2 0.542890625 0.7847407407407407 0.06650520833333333 0.3499629629629629
2 0.33689583333333334 0.7828518518518519 0.08853645833333333 0.36777777777777776
2 0.413609375 0.5149537037037036 0.06141145833333333 0.261
2 0.5266302083333333 0.4043981481481482 0.05481770833333333 0.24359259259259258
2 0.5740677083333333 0.2646574074074074 0.042046875000000004 0.2172037037037037
2 0.6340468749999999 0.18791666666666665 0.040484375 0.16865740740740742
2 0.7341666666666666 0.31657407407407406 0.05495833333333333 0.20599074074074075
2 0.616015625 0.09672222222222222 0.03392708333333334 0.1405925925925926
2 0.500109375 0.1518611111111111 0.03996875 0.17062037037037037
2 0.44671875 0.2378611111111111 0.04255729166666666 0.20064814814814813
2 0.3733958333333333 0.3975185185185185 0.06605729166666667 0.254537037037037
2 0.23239583333333333 0.7690277777777778 0.08440104166666668 0.36175
2 0.20409895833333333 0.5341759259259259 0.05732291666666667 0.31796296296296295
2 0.29821875000000003 0.2606574074074074 0.04590625 0.1999537037037037
2 0.30978125 0.30780555555555555 0.04646354166666666 0.22633333333333333
2 0.32659374999999996 0.34988888888888886 0.05230729166666667 0.2487777777777778
2 0.3530729166666667 0.07018518518518518 0.034083333333333334 0.1403611111111111
2 0.4242239583333333 0.04633333333333333 0.03229166666666667 0.0926574074074074
2 0.41278125 0.19472222222222224 0.044125 0.19152777777777777
2 0.46053125 0.1154537037037037 0.035458333333333335 0.15644444444444444
2 0.5704322916666666 0.024583333333333336 0.020890625 0.04916666666666667
2 0.6066979166666666 0.048435185185185185 0.025718750000000002 0.09687037037037037
