1 0.27153645833333334 0.7338888888888889 0.508171875 0.5322129629629629
2 0.07907812500000001 0.41267592592592595 0.046864583333333334 0.2045925925925926
2 0.025994791666666666 0.6048148148148148 0.05198958333333333 0.28331481481481485
2 0.04174479166666667 0.6860462962962962 0.06784895833333333 0.29762962962962963
2 0.6114791666666667 0.5209166666666667 0.050895833333333335 0.28835185185185186
2 0.5614010416666667 0.45146296296296295 0.053171875 0.24205555555555558
2 0.6291145833333334 0.3549444444444444 0.03930208333333333 0.19098148148148147
2 0.5495572916666667 0.24480555555555555 0.029489583333333333 0.15589814814814815
2 0.5185 0.3076574074074074 0.031609375 0.17049074074074075
2 0.39320312500000004 0.2664166666666667 0.02959895833333333 0.1435462962962963
2 0.36865625 0.24221296296296294 0.025010416666666667 0.14144444444444443
2 0.27733854166666666 0.3393703703703704 0.03871875 0.19406481481481483
2 0.240796875 0.3942222222222222 0.043916666666666666 0.17695370370370372
2 0.15702083333333333 0.45371296296296293 0.055177083333333335 0.1786388888888889
2 0.11621354166666667 0.29839814814814813 0.049953125 0.14691666666666667
1 0.18653645833333332 0.2979074074074074 0.030875 0.14789814814814814
2 0.23033854166666667 0.3153796296296296 0.031677083333333335 0.15505555555555556
2 0.2651458333333333 0.25715740740740745 0.028374999999999997 0.13120370370370368
2 0.2958072916666667 0.2882314814814815 0.025463541666666666 0.1532314814814815
2 0.31641145833333334 0.265712962962963 0.028468749999999998 0.14214814814814816
2 0.33053645833333334 0.23042592592592595 0.02547395833333333 0.1425648148148148
2 0.2842083333333333 0.20264814814814816 0.0265625 0.10552777777777778
2 0.35165104166666666 0.21169444444444444 0.024296875 0.12671296296296294
2 0.38933854166666665 0.1372685185185185 0.021546875 0.10439814814814814
2 0.3728802083333333 0.1057037037037037 0.018145833333333337 0.08335185185185184
2 0.4294322916666667 0.16961111111111113 0.021875 0.1014537037037037
2 0.6050416666666667 0.23217592592592592 0.025875 0.1306388888888889
2 0.5947447916666667 0.2657777777777778 0.024369791666666665 0.13920370370370372
