2 0.23618229166666668 0.8974722222222222 0.0815625 0.20505555555555557
2 0.3674739583333333 0.7574537037037037 0.05421354166666667 0.19970370370370372
2 0.6046510416666667 0.6741203703703703 0.04244791666666667 0.1811759259259259
2 0.7083229166666667 0.8928425925925926 0.06403125 0.21431481481481482
2 0.27603645833333335 0.6182777777777778 0.047635416666666666 0.1806111111111111
2 0.358203125 0.6192592592592592 0.04434375 0.17023148148148148
2 0.39825520833333333 0.5185925925925926 0.028968749999999998 0.1386574074074074
2 0.52015625 0.5536018518518518 0.031453125 0.1500277777777778
2 0.45447916666666666 0.4544537037037037 0.025062499999999998 0.11527777777777778
2 0.5124166666666666 0.41824999999999996 0.019942708333333333 0.09700925925925925
2 0.5579166666666667 0.43884259259259256 0.024401041666666668 0.1011574074074074
2 0.6098645833333334 0.4577222222222222 0.022526041666666666 0.10614814814814814
2 0.5984427083333334 0.41874074074074075 0.021317708333333334 0.0908611111111111
2 0.5800833333333333 0.3682962962962963 0.015046875 0.07260185185185185
2 0.5332708333333334 0.39144444444444443 0.017583333333333333 0.08328703703703703
2 0.44014583333333335 0.39562037037037034 0.018026041666666666 0.09306481481481482
2 0.48555208333333333 0.37318518518518523 0.018296875 0.08095370370370371
2 0.4765 0.3446944444444444 0.0138125 0.06670370370370371
2 0.5089739583333334 0.33922222222222226 0.016630208333333334 0.06728703703703703
2 0.5243489583333333 0.35198148148148145 0.01576041666666667 0.07026851851851852
2 0.550703125 0.37257407407407406 0.014786458333333334 0.07830555555555554
2 0.5631458333333333 0.3537037037037037 0.013223958333333334 0.07332407407407407
2 0.575546875 0.326212962962963 0.0131875 0.059657407407407416
2 0.6059270833333333 0.3208703703703704 0.011447916666666667 0.05609259259259259
2 0.5406875 0.300962962962963 0.010776041666666668 0.05187962962962963
2 0.5353854166666667 0.29008333333333336 0.008989583333333334 0.05291666666666667
2 0.5270625 0.26025925925925925 0.013973958333333333 0.03744444444444444
2 0.5496666666666666 0.27875 0.010302083333333333 0.044500000000000005
2 0.5605572916666667 0.2768425925925926 0.009651041666666667 0.03925
2 0.5699947916666667 0.28690740740740744 0.022114583333333333 0.04372222222222222
2 0.5929062500000001 0.3006666666666667 0.021463541666666665 0.04987962962962963
