2 0.4745 0.6146296296296296 0.05961458333333333 0.2973425925925926
2 0.53125 0.48057407407407404 0.051895833333333335 0.2539814814814815
2 0.5405625000000001 0.7246944444444444 0.07747395833333333 0.3409814814814815
2 0.6123489583333334 0.8442314814814814 0.083890625 0.311537037037037
2 0.22505208333333335 0.5919074074074074 0.06277083333333333 0.2698425925925926
2 0.18397395833333335 0.5422407407407407 0.051791666666666666 0.25692592592592595
2 0.13910416666666667 0.49587037037037035 0.043645833333333335 0.1981388888888889
2 0.06964583333333334 0.5103888888888889 0.043625000000000004 0.17471296296296296
2 0.05946354166666667 0.41877777777777775 0.03715104166666667 0.16432407407407407
2 0.027067708333333333 0.38839814814814816 0.04353125 0.1437037037037037
2 0.19052083333333333 0.35178703703703706 0.037109375 0.13837037037037037
2 0.17154166666666668 0.30296296296296293 0.035604166666666666 0.12096296296296295
2 0.37016145833333336 0.32814814814814813 0.06305729166666667 0.17441666666666666
2 0.3550833333333333 0.2723055555555555 0.036375000000000005 0.14299074074074075
2 0.27027604166666663 0.18868518518518518 0.027588541666666667 0.10538888888888888
2 0.34221874999999996 0.17177777777777778 0.021057291666666665 0.10552777777777778
2 0.38551041666666663 0.2063611111111111 0.026041666666666668 0.1037037037037037
2 0.3256822916666666 0.13677777777777778 0.020973958333333334 0.09415740740740741
2 0.3509791666666667 0.12583333333333332 0.017744791666666666 0.09078703703703704
2 0.3650260416666667 0.1106111111111111 0.01806770833333333 0.08195370370370371
2 0.209703125 0.26410185185185187 0.030328124999999997 0.11731481481481482
2 0.5640000000000001 0.22958333333333333 0.030598958333333332 0.14705555555555555
2 0.5269479166666666 0.21239814814814814 0.04155729166666667 0.12811111111111112
2 0.603265625 0.21955555555555556 0.031005208333333333 0.13625
2 0.4364947916666667 0.14842592592592593 0.020374999999999997 0.09892592592592593
2 0.45188541666666665 0.0862037037037037 0.0164375 0.08868518518518519
2 0.38941666666666663 0.09111111111111111 0.018229166666666668 0.06763888888888889
