2 0.19632291666666665 0.6359537037037037 0.053927083333333334 0.1789351851851852
2 0.417328125 0.3401574074074074 0.016125 0.07035185185185186
2 0.5050208333333334 0.354287037037037 0.01665625 0.07215740740740742
2 0.5517864583333334 0.4444166666666667 0.02461979166666667 0.10956481481481481
2 0.59871875 0.38101851851851853 0.018041666666666668 0.07403703703703703
2 0.5487916666666667 0.28721296296296295 0.008958333333333334 0.04516666666666667
2 0.5239635416666667 0.2584722222222222 0.009901041666666667 0.035305555555555555
2 0.5542552083333334 0.27001851851851855 0.010213541666666666 0.03987962962962963
2 0.5534427083333333 0.23475925925925925 0.007098958333333334 0.026222222222222223
2 0.5948281249999999 0.2897685185185185 0.025140625000000003 0.043666666666666666
2 0.6198229166666667 0.28860185185185183 0.024541666666666666 0.04
2 0.6097083333333334 0.24906481481481482 0.027854166666666666 0.07336111111111111
