2 0.620515625 0.8712407407407408 0.09281249999999999 0.25751851851851854
2 0.6125468749999999 0.6776944444444444 0.07559895833333334 0.3395740740740741
2 0.51984375 0.6154074074074074 0.07943750000000001 0.3014074074074074
2 0.42714583333333334 0.5477777777777778 0.06591666666666667 0.27110185185185187
2 0.36846354166666667 0.49102777777777773 0.05697395833333333 0.24710185185185185
2 0.2888645833333333 0.504074074074074 0.056713541666666666 0.2546851851851852
2 0.30650520833333333 0.41428703703703706 0.045119791666666666 0.19855555555555554
2 0.34553124999999996 0.33887962962962964 0.038109375 0.18662962962962965
2 0.497546875 0.39612037037037034 0.043520833333333335 0.22086111111111112
2 0.571578125 0.3977314814814815 0.042281250000000006 0.21483333333333335
2 0.6177916666666667 0.4284537037037037 0.04616145833333333 0.2207222222222222
1 0.5439947916666666 0.195 0.05482291666666667 0.11800925925925926
2 0.5812083333333333 0.20875 0.019869791666666668 0.12699074074074074
2 0.6166458333333333 0.20917592592592593 0.02477604166666667 0.14017592592592593
2 0.18693229166666667 0.6219259259259259 0.066390625 0.30519444444444443
2 0.10465624999999999 0.7035833333333333 0.084125 0.3635648148148148
1 0.04853645833333333 0.8743240740740741 0.09689583333333333 0.2513518518518518
2 0.05516666666666667 0.6362407407407408 0.061536458333333335 0.2906111111111111
2 0.041828125 0.4455 0.08347395833333333 0.21469444444444444
2 0.11005729166666667 0.4720925925925926 0.065421875 0.2400925925925926
2 0.15757291666666667 0.49039814814814814 0.04933333333333333 0.24275925925925926
2 0.21534375 0.4278240740740741 0.05377083333333333 0.21637962962962962
2 0.12690625 0.30800925925925926 0.052244791666666665 0.15575925925925926
2 0.32583854166666665 0.2589074074074074 0.03170833333333333 0.15014814814814814
2 0.34296875 0.21800925925925924 0.024291666666666666 0.10847222222222223
2 0.41072395833333336 0.21604629629629632 0.026130208333333335 0.12924074074074074
2 0.4273020833333333 0.17802777777777778 0.024557291666666665 0.1210925925925926
2 0.4526354166666666 0.1390185185185185 0.019671875000000002 0.09247222222222222
2 0.20547916666666666 0.22544444444444445 0.03403645833333333 0.13569444444444445
2 0.27801041666666665 0.18938888888888888 0.026328124999999997 0.10678703703703704
2 0.2490052083333333 0.2038425925925926 0.029078125 0.08630555555555555
2 0.31281770833333333 0.16133333333333333 0.02459895833333333 0.10398148148148148
1 0.5204791666666667 0.10104629629629629 0.10501041666666668 0.20209259259259257
