2 0.1136875 0.7415277777777778 0.06920833333333333 0.18946296296296297
2 0.223671875 0.6193333333333333 0.051328124999999995 0.167287037037037
2 0.2749739583333334 0.8682222222222222 0.06713020833333333 0.23352777777777778
2 0.4448229166666666 0.9427129629629629 0.07002604166666666 0.11456481481481481
2 0.5989687499999999 0.8149722222222222 0.04591666666666667 0.2165462962962963
2 0.6430885416666666 0.6895462962962964 0.042937499999999997 0.1811851851851852
2 0.6542552083333334 0.5020370370370371 0.025338541666666665 0.12406481481481482
2 0.5918229166666666 0.5871296296296297 0.03179166666666667 0.16152777777777777
2 0.48401041666666667 0.666537037037037 0.039015625 0.1907222222222222
2 0.37418229166666667 0.6994444444444444 0.050270833333333334 0.19787962962962963
2 0.27114583333333336 0.662962962962963 0.054265625 0.18664814814814815
2 0.346875 0.5009907407407408 0.03384375 0.13739814814814813
2 0.41877604166666665 0.576962962962963 0.03528645833333333 0.15662037037037038
2 0.5085572916666666 0.514037037037037 0.032552083333333336 0.14497222222222222
2 0.6171197916666666 0.4882962962962963 0.02225 0.11508333333333334
2 0.4160052083333333 0.49269444444444443 0.028880208333333334 0.11817592592592592
2 0.409609375 0.4517962962962963 0.029609375 0.11733333333333333
2 0.40091666666666664 0.4121944444444445 0.018583333333333334 0.09858333333333333
2 0.41880208333333335 0.3490185185185185 0.015536458333333333 0.07493518518518519
2 0.4291145833333333 0.37094444444444447 0.01816145833333333 0.08006481481481481
2 0.453265625 0.3872037037037037 0.017223958333333334 0.08733333333333333
2 0.48839583333333336 0.3897314814814815 0.019302083333333334 0.08227777777777778
2 0.5130625 0.4286851851851852 0.025078125 0.09621296296296296
2 0.551546875 0.40549074074074076 0.01871875 0.0936111111111111
2 0.58790625 0.41024074074074074 0.016619791666666668 0.0963611111111111
2 0.6012291666666666 0.3947777777777778 0.015807291666666667 0.08901851851851852
2 0.6215052083333333 0.4161296296296296 0.016588541666666668 0.08457407407407408
2 0.635734375 0.3804351851851852 0.0156875 0.08557407407407408
2 0.6514270833333333 0.42680555555555555 0.019609375 0.09077777777777778
2 0.6188802083333333 0.35203703703703704 0.013229166666666665 0.06582407407407408
2 0.5818802083333333 0.3443888888888889 0.014036458333333333 0.06735185185185184
2 0.5624427083333334 0.3722407407407407 0.015880208333333333 0.07592592592592592
2 0.5243645833333334 0.34194444444444444 0.014536458333333334 0.06919444444444445
2 0.49618749999999995 0.3435092592592593 0.014052083333333333 0.07064814814814814
2 0.5108020833333333 0.367462962962963 0.015822916666666666 0.07477777777777778
2 0.45113020833333334 0.3305740740740741 0.012015625 0.058249999999999996
2 0.464390625 0.35935185185185187 0.013911458333333333 0.07875925925925926
2 0.4794583333333333 0.33635185185185185 0.015640625000000002 0.06812037037037036
2 0.5483854166666667 0.31221296296296297 0.009546875 0.055185185185185184
2 0.559859375 0.30900000000000005 0.010713541666666666 0.05549074074074074
2 0.5695 0.32330555555555557 0.012953125000000001 0.0605462962962963
2 0.5174322916666667 0.2947222222222222 0.012036458333333333 0.04883333333333333
