1 0.5656614583333333 0.4713148148148148 0.047802083333333335 0.2416296296296296
2 0.3347239583333333 0.7935092592592593 0.075515625 0.38293518518518516
2 0.544671875 0.8287962962962964 0.09609895833333333 0.3423981481481482
2 0.6164114583333333 0.6979722222222222 0.06944791666666666 0.35234259259259254
2 0.66278125 0.807962962962963 0.0840625 0.38406481481481486
2 0.224265625 0.7667129629629629 0.07855729166666667 0.3663796296296296
2 0.26065104166666664 0.8696944444444444 0.09577604166666666 0.26061111111111107
2 0.29841666666666666 0.47264814814814815 0.054984374999999995 0.2473888888888889
2 0.399125 0.569037037037037 0.06195833333333333 0.27349074074074076
2 0.45228125 0.4469074074074074 0.051953125 0.2175
2 0.49979687500000003 0.39037037037037037 0.03586458333333333 0.2155277777777778
2 0.44206249999999997 0.6449351851851851 0.0645 0.2647962962962963
2 0.27572395833333335 0.3317222222222222 0.035640625 0.17849074074074076
2 0.23136458333333335 0.3639907407407407 0.04067708333333333 0.18129629629629632
2 0.18851041666666665 0.33789814814814817 0.03482291666666667 0.13527777777777777
2 0.157453125 0.35094444444444445 0.03694270833333334 0.11199074074074074
2 0.13555208333333332 0.3400648148148148 0.03654166666666667 0.13653703703703704
2 0.11116145833333334 0.3000833333333333 0.036375000000000005 0.1182962962962963
2 0.043796875 0.29468518518518516 0.05269270833333333 0.12910185185185186
2 0.23834895833333333 0.24501851851851852 0.025130208333333334 0.11619444444444443
2 0.311359375 0.27799074074074076 0.032255208333333334 0.15126851851851852
2 0.36854166666666666 0.2680925925925926 0.026828124999999998 0.13457407407407407
2 0.34521875 0.31369444444444444 0.034 0.16403703703703704
2 0.2896145833333333 0.23035185185185186 0.025223958333333334 0.11464814814814814
2 0.3827447916666667 0.17325925925925925 0.020515625 0.10537962962962963
2 0.40425520833333334 0.14975925925925926 0.020130208333333333 0.09906481481481481
2 0.41380208333333335 0.10549074074074075 0.018395833333333333 0.08096296296296296
2 0.435234375 0.15010185185185188 0.021322916666666667 0.0899537037037037
1 0.46084895833333334 0.02949074074074074 0.07429166666666666 0.05899074074074074
2 0.6360208333333334 0.43568518518518523 0.044432291666666665 0.22591666666666668
