2 0.430734375 0.8263425925925927 0.054000000000000006 0.23871296296296296
2 0.37394791666666666 0.612175925925926 0.04284895833333333 0.15914814814814815
2 0.368171875 0.49548148148148147 0.028781249999999998 0.1264259259259259
2 0.433859375 0.5209444444444444 0.030817708333333336 0.13583333333333333
2 0.49729166666666663 0.5306574074074074 0.031822916666666666 0.14446296296296296
2 0.5336770833333334 0.45170370370370366 0.022994791666666667 0.11155555555555556
2 0.5792760416666667 0.523712962962963 0.026520833333333334 0.1274814814814815
2 0.5933854166666667 0.44932407407407404 0.024354166666666666 0.10369444444444444
2 0.5674010416666667 0.3667222222222222 0.013177083333333334 0.06966666666666667
2 0.5511822916666667 0.3585833333333333 0.017197916666666667 0.07191666666666667
2 0.42870833333333336 0.3952407407407407 0.021385416666666667 0.0912037037037037
2 0.40234375 0.36325 0.017270833333333332 0.0766111111111111
2 0.5415677083333333 0.29562962962962963 0.012734375 0.046314814814814816
2 0.5576927083333333 0.2944722222222222 0.012859375000000001 0.048629629629629634
2 0.583734375 0.3188796296296296 0.012869791666666667 0.05732407407407407
2 0.5621875000000001 0.24568518518518517 0.006234375 0.029750000000000002
2 0.5689166666666666 0.25512037037037033 0.0085625 0.03473148148148148
2 0.48294791666666664 0.30899074074074073 0.035250000000000004 0.05606481481481481
2 0.6185468749999999 0.29275 0.026927083333333334 0.04364814814814815
1 0.5726302083333333 0.2062962962962963 0.019296874999999998 0.032768518518518516
