1 0.11486979166666668 0.3077962962962963 0.05421354166666667 0.16460185185185186
2 0.51803125 0.6632499999999999 0.06886458333333333 0.3600555555555556
2 0.09308854166666666 0.8017962962962963 0.08356770833333332 0.39640740740740743
2 0.026869791666666667 0.5033796296296296 0.05181770833333333 0.22241666666666668
2 0.20942708333333335 0.37275925925925923 0.04193229166666667 0.18339814814814814
2 0.2616354166666667 0.4786851851851852 0.05433854166666666 0.24093518518518517
2 0.15642708333333333 0.6447222222222222 0.08003645833333332 0.2736296296296296
2 0.5732812500000001 0.7344444444444445 0.07519270833333333 0.39443518518518517
2 0.6593072916666666 0.8280277777777778 0.07364062499999999 0.34394444444444444
2 0.6391041666666666 0.5794166666666667 0.0540625 0.26955555555555555
2 0.5569375 0.4199722222222222 0.04945833333333333 0.20683333333333334
2 0.4817239583333333 0.4030648148148148 0.048328125000000006 0.20697222222222222
2 0.32434375 0.3254074074074074 0.04259895833333334 0.19673148148148148
2 0.2756458333333333 0.31993518518518516 0.038953125000000005 0.1796111111111111
2 0.25678125 0.2408796296296296 0.03247395833333334 0.13569444444444445
2 0.37145833333333333 0.18960185185185185 0.025723958333333335 0.12881481481481483
2 0.3420625 0.2006111111111111 0.027687499999999997 0.12923148148148147
2 0.303703125 0.1877037037037037 0.023885416666666666 0.11576851851851852
2 0.3135677083333333 0.22530555555555556 0.026260416666666668 0.11072222222222222
2 0.25378125 0.20250925925925928 0.05426041666666667 0.14228703703703702
