2 0.4385104166666667 0.7536666666666667 0.07475520833333334 0.35880555555555554
2 0.33148958333333334 0.7459537037037037 0.072515625 0.3433703703703703
2 0.27611979166666667 0.627824074074074 0.07115625 0.3046388888888889
2 0.096171875 0.7364074074074074 0.09319791666666667 0.3428055555555556
2 0.025203125 0.5242777777777778 0.05041145833333334 0.23952777777777778
2 0.044390625 0.46009259259259255 0.045197916666666664 0.18831481481481482
2 0.087484375 0.39113888888888887 0.04110416666666667 0.12138888888888888
2 0.020989583333333332 0.3737407407407407 0.038322916666666665 0.1421574074074074
2 0.6045364583333334 0.7501574074074073 0.08215104166666666 0.3826481481481481
2 0.35465104166666667 0.5213333333333333 0.07196875 0.27067592592592593
2 0.30472916666666666 0.4255833333333333 0.05025 0.21805555555555556
2 0.18294791666666665 0.2960833333333333 0.042791666666666665 0.1627777777777778
2 0.21408333333333335 0.25392592592592594 0.03735416666666667 0.14326851851851852
2 0.24284895833333334 0.20594444444444443 0.027182291666666667 0.09051851851851853
2 0.6338958333333333 0.5371203703703704 0.06447916666666667 0.2559444444444445
2 0.5025989583333333 0.5750648148148149 0.05709895833333333 0.2978981481481482
2 0.5246979166666667 0.8272592592592594 0.0839375 0.3454814814814815
2 0.4106875 0.39639814814814817 0.04515104166666666 0.20908333333333334
2 0.4700416666666667 0.4194074074074074 0.052744791666666666 0.23040740740740742
2 0.6214635416666667 0.40025925925925926 0.048296875 0.2013611111111111
2 0.5405625000000001 0.39625925925925926 0.042744791666666664 0.20375000000000001
2 0.58996875 0.3079444444444444 0.033921875 0.1587037037037037
2 0.5713020833333334 0.5137592592592592 0.053885416666666665 0.24935185185185185
2 0.5143541666666667 0.29110185185185183 0.03200520833333333 0.15589814814814815
2 0.35046875 0.2784814814814815 0.03929166666666666 0.16150925925925927
2 0.304015625 0.16399074074074074 0.027989583333333335 0.09023148148148148
2 0.5503854166666666 0.21597222222222223 0.02941145833333333 0.13218518518518518
2 0.33389062500000005 0.21744444444444444 0.0235 0.1320462962962963
2 0.1166875 0.29636111111111113 0.047427083333333335 0.12012037037037036
