2 0.2107291666666667 0.6850555555555555 0.05669270833333333 0.1845462962962963
2 0.5663697916666667 0.7585740740740741 0.05269791666666667 0.2142962962962963
2 0.5630937500000001 0.36946296296296294 0.016630208333333334 0.0749537037037037
2 0.6089479166666667 0.3709351851851852 0.0180625 0.0748148148148148
2 0.4546614583333334 0.3741666666666667 0.017411458333333334 0.08290740740740742
2 0.493640625 0.3520185185185185 0.015239583333333334 0.07280555555555555
2 0.5355520833333334 0.367787037037037 0.018130208333333335 0.08012037037037037
2 0.5074270833333333 0.30591666666666667 0.013166666666666667 0.05751851851851852
2 0.5937083333333334 0.3027407407407407 0.011848958333333333 0.048324074074074075
2 0.620515625 0.29247222222222224 0.023802083333333335 0.03776851851851852
2 0.5853645833333334 0.2798796296296296 0.009588541666666667 0.03963888888888889
2 0.5233645833333334 0.25728703703703704 0.011171875 0.034333333333333334
2 0.5341822916666668 0.2760648148148148 0.027421875 0.043398148148148144
2 0.5597916666666667 0.2615555555555556 0.009723958333333334 0.03485185185185185
2 0.57146875 0.2421666666666667 0.008234375 0.028305555555555556
