2 0.636734375 0.5788518518518518 0.049328124999999994 0.29312962962962963
2 0.45046875 0.6464074074074074 0.05873958333333333 0.3263888888888889
2 0.5310520833333333 0.7056111111111111 0.0601875 0.3398611111111111
2 0.5786822916666666 0.6028518518518519 0.05648958333333333 0.30407407407407405
2 0.6881145833333334 0.8681481481481482 0.07917708333333334 0.26369444444444445
2 0.5928541666666667 0.8178518518518518 0.08656770833333334 0.3174166666666667
2 0.7161354166666667 0.7778703703703704 0.08313020833333334 0.3609074074074074
2 0.216453125 0.4840833333333333 0.059453125 0.23574074074074072
2 0.28136458333333336 0.4234074074074074 0.05119270833333334 0.2167962962962963
2 0.23665624999999998 0.3982962962962963 0.044307291666666665 0.22212962962962962
2 0.17797395833333332 0.4309074074074074 0.043265624999999995 0.17934259259259258
2 0.09174479166666667 0.41603703703703704 0.03573958333333334 0.18662962962962965
2 0.0659375 0.44262962962962965 0.04315104166666666 0.1502962962962963
2 0.029630208333333335 0.4055833333333333 0.03997916666666667 0.1626388888888889
2 0.024463541666666665 0.3700925925925926 0.04873958333333333 0.17189814814814816
2 0.13128645833333333 0.31685185185185183 0.04822395833333334 0.15491666666666667
2 0.16321354166666666 0.3213425925925926 0.04436458333333334 0.15436111111111112
2 0.20417708333333331 0.24943518518518518 0.036640624999999996 0.11576851851851852
2 0.27063020833333334 0.25119444444444444 0.04108333333333333 0.13471296296296298
2 0.11234374999999999 0.3012037037037037 0.03874479166666667 0.10202777777777777
2 0.40346354166666665 0.32933333333333337 0.035916666666666666 0.1552037037037037
2 0.377890625 0.2217962962962963 0.033380208333333335 0.13456481481481483
2 0.29955729166666667 0.16581481481481483 0.024281249999999997 0.10902777777777778
2 0.3166041666666667 0.1504537037037037 0.020182291666666668 0.10608333333333332
2 0.45583333333333337 0.3627962962962963 0.041692708333333335 0.2005185185185185
2 0.47213020833333336 0.3165648148148148 0.034359375 0.1667037037037037
2 0.5554010416666666 0.4260740740740741 0.044645833333333336 0.19743518518518519
2 0.5096197916666667 0.3742314814814815 0.03989583333333333 0.18325925925925926
2 0.49940104166666666 0.5352962962962963 0.05244270833333333 0.27081481481481484
1 0.6360625 0.40263888888888894 0.04277604166666667 0.19378703703703704
2 0.5401666666666666 0.23674074074074075 0.02459375 0.12432407407407409
2 0.4145520833333334 0.10037037037037037 0.021630208333333335 0.07998148148148147
