2 0.5009010416666667 0.619388888888889 0.033901041666666666 0.1678611111111111
2 0.24666666666666667 0.56525 0.04720833333333333 0.15216666666666667
2 0.353171875 0.43687037037037035 0.025374999999999998 0.10586111111111111
2 0.617953125 0.46285185185185185 0.023687499999999997 0.10287962962962963
2 0.6026927083333333 0.4108148148148148 0.020630208333333334 0.08910185185185185
2 0.5613854166666666 0.36968518518518517 0.019713541666666667 0.08106481481481481
2 0.516828125 0.31607407407407406 0.014963541666666667 0.05817592592592592
2 0.467921875 0.2887222222222222 0.02665625 0.04861111111111111
2 0.5690260416666667 0.3126296296296296 0.013901041666666667 0.05435185185185185
2 0.544875 0.3073518518518519 0.01484375 0.05725925925925926
2 0.5911562499999999 0.31619444444444444 0.012703125000000001 0.056416666666666664
2 0.6309114583333333 0.3916851851851852 0.019302083333333334 0.08450925925925926
2 0.6157395833333333 0.3424814814814815 0.012624999999999999 0.06353703703703704
2 0.6411614583333333 0.33582407407407405 0.015171875 0.0569537037037037
2 0.628546875 0.3199814814814815 0.014567708333333334 0.04884259259259259
2 0.6670989583333333 0.33731481481481485 0.03390625 0.0784537037037037
2 0.6072552083333334 0.2900925925925926 0.008921875 0.04125925925925926
2 0.5993802083333333 0.29675 0.0083125 0.047842592592592596
2 0.5903385416666667 0.28068518518518515 0.009171875 0.03253703703703704
2 0.5819635416666666 0.2915462962962963 0.010416666666666666 0.04753703703703704
2 0.4105989583333333 0.3570185185185185 0.019020833333333334 0.07577777777777778
2 0.566703125 0.2351111111111111 0.0073593750000000005 0.02725
