2 0.6909583333333333 0.7711388888888889 0.06402083333333333 0.3659537037037037
2 0.5562291666666667 0.735712962962963 0.061927083333333334 0.37226851851851855
2 0.502953125 0.8287962962962964 0.07690625 0.3423981481481482
2 0.45847916666666666 0.7428611111111111 0.06955729166666667 0.34953703703703703
2 0.42466145833333335 0.6463425925925925 0.06615104166666667 0.32933333333333337
2 0.29411458333333335 0.7242037037037037 0.07936979166666666 0.36160185185185184
2 0.483734375 0.5467962962962962 0.050619791666666664 0.27025925925925925
2 0.5890208333333333 0.5595 0.05633333333333333 0.303787037037037
2 0.662859375 0.531712962962963 0.06338541666666667 0.26675
2 0.6124635416666667 0.4230555555555555 0.044187500000000005 0.23152777777777778
2 0.150234375 0.6565833333333333 0.079796875 0.3004351851851852
2 0.09202604166666667 0.7154351851851851 0.09359374999999999 0.2669074074074074
2 0.0775 0.39675 0.043708333333333335 0.19435185185185186
2 0.6091927083333334 0.8272592592592594 0.07757291666666667 0.3454814814814815
2 0.2365364583333333 0.26563888888888887 0.03191666666666667 0.14509259259259258
2 0.26341145833333335 0.29839814814814813 0.03184375 0.15814814814814815
2 0.2685 0.22067592592592594 0.026401041666666666 0.1199814814814815
2 0.2866927083333334 0.19542592592592592 0.026328124999999997 0.13120370370370368
2 0.2685416666666667 0.16055555555555556 0.024744791666666665 0.11394444444444445
2 0.5111614583333333 0.18230555555555555 0.02734375 0.12656481481481482
2 0.5002291666666667 0.33046296296296296 0.035 0.16978703703703704
2 0.45074479166666664 0.4795277777777778 0.047135416666666666 0.20557407407407408
2 0.6060312499999999 0.28114814814814815 0.03653125 0.17301851851851854
2 0.5812864583333333 0.24403703703703705 0.03391666666666667 0.12657407407407406
2 0.4164114583333333 0.19171296296296297 0.03055208333333333 0.10217592592592592
1 0.49538020833333335 0.08773148148148148 0.08258854166666667 0.17546296296296296
