2 0.44257291666666665 0.45819444444444446 0.02558854166666667 0.11353703703703705
2 0.5087552083333333 0.803537037037037 0.058994791666666664 0.20854629629629629
2 0.6208697916666667 0.6776944444444444 0.038427083333333334 0.18525
2 0.6418593749999999 0.48814814814814816 0.024859375 0.12098148148148148
2 0.496484375 0.3946388888888889 0.022390625 0.08538888888888889
2 0.5262395833333333 0.4378518518518518 0.022875 0.09156481481481482
2 0.5512395833333333 0.46619444444444447 0.023395833333333334 0.11064814814814815
2 0.5895208333333334 0.4442685185185185 0.021828124999999997 0.09976851851851852
2 0.4734583333333333 0.3384166666666667 0.017135416666666667 0.0701574074074074
2 0.5245624999999999 0.341712962962963 0.015177083333333334 0.07058333333333333
2 0.5570208333333333 0.351712962962963 0.014989583333333334 0.06742592592592592
2 0.6223697916666667 0.3229814814814815 0.01375 0.05472222222222222
2 0.549046875 0.29110185185185183 0.011197916666666667 0.05114814814814815
2 0.5093697916666666 0.29762962962962963 0.010833333333333334 0.05494444444444445
2 0.51803125 0.31263888888888886 0.011661458333333334 0.05719444444444445
2 0.48869270833333334 0.2631203703703704 0.01982291666666667 0.03838888888888889
2 0.5674791666666666 0.26392592592592595 0.009864583333333335 0.03537037037037037
2 0.5598802083333333 0.24859259259259261 0.0076927083333333335 0.030953703703703702
2 0.604515625 0.2978796296296296 0.008416666666666666 0.04462962962962963
2 0.4242447916666666 0.31983333333333336 0.017671875 0.06385185185185184
2 0.54709375 0.23660185185185184 0.006421875 0.02548148148148148
2 0.5423802083333332 0.23077777777777778 0.004807291666666667 0.023092592592592595
2 0.56759375 0.2327037037037037 0.004890625 0.01923148148148148
