2 0.49466666666666664 0.6864629629629629 0.07769791666666667 0.3108148148148148
2 0.6059166666666667 0.7000740740740741 0.07622916666666667 0.3565555555555555
2 0.5452604166666667 0.43098148148148147 0.053875 0.2381203703703704
2 0.5128958333333333 0.31467592592592597 0.041239583333333336 0.18451851851851853
2 0.24908333333333335 0.3941574074074074 0.043130208333333336 0.21075925925925926
2 0.35883333333333334 0.3033148148148148 0.03519270833333333 0.16796296296296298
2 0.05552083333333333 0.44887037037037036 0.04661979166666667 0.19674074074074074
2 0.13211458333333334 0.38419444444444445 0.041828125 0.13527777777777777
2 0.18306250000000002 0.3830648148148148 0.03781770833333333 0.12069444444444444
2 0.21597395833333335 0.4470462962962963 0.044619791666666665 0.2116111111111111
2 0.18022395833333332 0.2957314814814815 0.035609375000000006 0.14102777777777778
2 0.12035416666666668 0.31130555555555556 0.032197916666666666 0.14075
2 0.21179166666666666 0.2575 0.029302083333333333 0.14734259259259258
2 0.242375 0.2263611111111111 0.029708333333333333 0.12825925925925927
2 0.264515625 0.16125925925925927 0.020166666666666666 0.08448148148148148
2 0.29671875000000003 0.16167592592592595 0.02206770833333333 0.06680555555555556
2 0.3356302083333333 0.33396296296296296 0.03739583333333333 0.11507407407407408
2 0.5830989583333334 0.1940925925925926 0.027130208333333336 0.12544444444444444
