2 0.6984843749999999 0.8203611111111111 0.123390625 0.1982962962962963
2 0.5792604166666667 0.7430740740740741 0.051609375 0.20344444444444446
2 0.5112708333333333 0.6271666666666667 0.041937499999999996 0.16376851851851854
2 0.29953125 0.6006018518518518 0.04033333333333333 0.16849999999999998
2 0.42733333333333334 0.5701851851851851 0.038125 0.14935185185185187
2 0.43869791666666663 0.4712777777777778 0.029604166666666668 0.11356481481481483
2 0.4997552083333333 0.4723333333333333 0.030630208333333336 0.11566666666666667
2 0.4782083333333333 0.4128240740740741 0.023994791666666668 0.09157407407407409
2 0.38808333333333334 0.3688981481481482 0.019526041666666667 0.08473148148148149
2 0.408921875 0.35916666666666663 0.016927083333333332 0.07683333333333334
2 0.4194895833333333 0.32912037037037034 0.015921875 0.06536111111111112
2 0.5671197916666666 0.3024444444444444 0.0143125 0.051370370370370365
2 0.598078125 0.3532685185185185 0.01633333333333333 0.06967592592592593
2 0.5904427083333333 0.29650000000000004 0.011479166666666667 0.046425925925925926
2 0.5433802083333333 0.27346296296296296 0.008505208333333332 0.042
