2 0.32311979166666666 0.7905 0.07661458333333333 0.3861574074074074
2 0.24885416666666668 0.8311111111111111 0.08780208333333334 0.3377685185185185
2 0.12178125 0.851175925925926 0.05934895833333333 0.2976481481481481
2 0.5860260416666667 0.7557037037037037 0.07811979166666667 0.3659537037037037
2 0.6848020833333333 0.5717685185185185 0.062125 0.3129074074074074
2 0.6242656249999999 0.45532407407407405 0.052161458333333334 0.23433333333333334
2 0.23835416666666667 0.5096851851851852 0.04249479166666667 0.23504629629629628
2 0.34746875 0.4811388888888889 0.04371354166666667 0.23040740740740742
2 0.11198958333333334 0.40671296296296294 0.036296875 0.1772314814814815
2 0.44667708333333334 0.3063240740740741 0.04421354166666667 0.16474074074074072
2 0.48965625 0.3237962962962963 0.045098958333333335 0.14102777777777778
2 0.399359375 0.14827777777777776 0.01728645833333333 0.10482407407407407
2 0.18136458333333336 0.2708333333333333 0.022270833333333333 0.11226851851851852
2 0.20642708333333332 0.2708333333333333 0.028989583333333332 0.11226851851851852
2 0.14719270833333334 0.3675 0.03378125 0.15744444444444444
2 0.5852343750000001 0.17275925925925928 0.024447916666666666 0.09513888888888888
2 0.6006250000000001 0.1614722222222222 0.020505208333333334 0.10650925925925926
2 0.5629739583333334 0.16616666666666668 0.02159895833333333 0.0942962962962963
2 0.42347395833333334 0.23203703703703704 0.029052083333333333 0.13653703703703704
2 0.4464427083333333 0.7480555555555556 0.08888541666666666 0.3475740740740741
2 0.5810989583333334 0.4074074074074074 0.053572916666666665 0.20635185185185187
2 0.4244791666666667 0.876324074074074 0.11383854166666667 0.24735185185185185
2 0.19010416666666666 0.7539722222222222 0.07515104166666667 0.317462962962963
2 0.099328125 0.3088611111111111 0.040921874999999996 0.11508333333333334
2 0.17894270833333334 0.2506574074074074 0.036458333333333336 0.1124351851851852
2 0.27641145833333336 0.1534351851851852 0.023067708333333332 0.07672222222222222
2 0.30543229166666663 0.1455 0.023067708333333332 0.07672222222222222
2 0.32105729166666663 0.14880555555555555 0.020088541666666668 0.07010185185185185
2 0.41592187500000005 0.10250925925925926 0.016369791666666668 0.06481481481481481
2 0.4308020833333333 0.09193518518518519 0.017859375 0.07010185185185185
2 0.665921875 0.8333333333333334 0.09523958333333334 0.32804629629629634
