2 0.23113541666666665 0.6855462962962963 0.0593125 0.19478703703703704
2 0.46845833333333337 0.9028333333333333 0.06493750000000001 0.19432407407407407
2 0.41890104166666664 0.7866203703703704 0.06269791666666666 0.21746296296296297
2 0.37495833333333334 0.66225 0.04355208333333334 0.18168518518518517
2 0.39571875 0.5267314814814815 0.036125 0.13286111111111112
2 0.40658854166666664 0.4664166666666667 0.027651041666666668 0.11037962962962962
2 0.46634895833333334 0.4654537037037037 0.028421875 0.114
2 0.5107447916666666 0.5842222222222223 0.039088541666666664 0.16266666666666668
2 0.5894739583333333 0.6884351851851852 0.04550520833333334 0.19331481481481483
2 0.6171510416666667 0.4934444444444444 0.028984375 0.12369444444444445
2 0.5692760416666667 0.5080462962962964 0.029067708333333334 0.12141666666666666
2 0.521140625 0.4884722222222222 0.029671875 0.11005555555555556
2 0.5131614583333334 0.3967222222222222 0.021 0.09321296296296297
2 0.4760104166666667 0.3544259259259259 0.018578125 0.07343518518518519
2 0.4546041666666667 0.3007592592592592 0.011182291666666667 0.049435185185185186
2 0.5009635416666667 0.30724074074074076 0.012239583333333333 0.05499074074074074
2 0.5394895833333333 0.3536203703703704 0.019494791666666667 0.06998148148148148
2 0.5809739583333333 0.3730740740740741 0.017041666666666667 0.0715
2 0.5940416666666667 0.4003425925925926 0.020265625 0.08934259259259258
2 0.5086822916666667 0.29183333333333333 0.011010416666666667 0.053814814814814815
2 0.5397135416666666 0.3012407407407407 0.010291666666666668 0.05167592592592593
2 0.5677395833333333 0.30983333333333335 0.012067708333333335 0.05131481481481481
2 0.5729114583333333 0.3421944444444444 0.014187499999999999 0.06634259259259259
2 0.6254479166666667 0.32199074074074074 0.011807291666666667 0.05712037037037037
2 0.6156666666666666 0.30899074074074073 0.011432291666666667 0.057435185185185186
1 0.6382864583333333 0.3910462962962963 0.015552083333333333 0.09093518518518517
2 0.4825885416666667 0.27952777777777776 0.024333333333333332 0.04724074074074074
2 0.5323229166666666 0.25553703703703706 0.008119791666666666 0.03142592592592593
2 0.578109375 0.2639351851851852 0.009776041666666667 0.03944444444444445
2 0.5530833333333334 0.24691666666666667 0.007973958333333333 0.03270370370370371
2 0.563453125 0.24027777777777778 0.0056875 0.029157407407407406
2 0.5696093750000001 0.21913888888888888 0.004838541666666666 0.020037037037037037
