2 0.09025 0.7364074074074074 0.081359375 0.2810740740740741
2 0.162265625 0.629712962962963 0.06046354166666667 0.2559537037037037
2 0.20279687500000002 0.5694537037037037 0.05992708333333333 0.28667592592592595
2 0.08973437499999999 0.5599814814814814 0.06817708333333333 0.25230555555555556
2 0.023234374999999998 0.46114814814814814 0.04646354166666666 0.20586111111111113
2 0.13365625 0.36974074074074076 0.04664583333333334 0.1557685185185185
2 0.236734375 0.3871388888888889 0.04099479166666666 0.19673148148148148
2 0.11506770833333334 0.3010648148148148 0.045927083333333334 0.10791666666666666
2 0.181640625 0.27574074074074073 0.02803125 0.1529537037037037
2 0.21056770833333335 0.3201481481481481 0.028593749999999998 0.17076851851851851
2 0.3458125 0.3409814814814815 0.04386979166666667 0.19083333333333333
2 0.4047291666666667 0.3536111111111111 0.03496875 0.1852222222222222
2 0.42986979166666667 0.4697777777777778 0.07309895833333332 0.24472222222222223
2 0.5835364583333333 0.5540277777777778 0.06098958333333333 0.28667592592592595
2 0.4985364583333334 0.7120000000000001 0.07154166666666667 0.3186759259259259
2 0.633421875 0.8210833333333333 0.101734375 0.35783333333333334
2 0.52584375 0.8504074074074075 0.08796354166666666 0.29918518518518517
2 0.026786458333333332 0.6797314814814815 0.05356770833333333 0.2541388888888889
2 0.4288020833333333 0.20250925925925928 0.048390625 0.11141666666666666
1 0.3314583333333333 0.1438611111111111 0.17835416666666667 0.2595648148148148
2 0.370828125 0.28850925925925924 0.034880208333333336 0.1723148148148148
2 0.6298645833333333 0.43778703703703703 0.04253645833333333 0.23012962962962963
2 0.577890625 0.3704444444444444 0.037546875 0.18802777777777777
2 0.5460833333333334 0.29686111111111113 0.036432291666666665 0.1920925925925926
