2 0.4735520833333334 0.45075925925925925 0.02678125 0.11718518518518518
2 0.15228645833333332 0.7158518518518519 0.06306770833333333 0.1875
2 0.5254427083333334 0.3663703703703704 0.017718750000000002 0.08112962962962963
2 0.5949010416666667 0.4096574074074074 0.017744791666666666 0.08435185185185184
2 0.64678125 0.3882222222222222 0.015958333333333335 0.07523148148148148
2 0.60346875 0.33044444444444443 0.011921875 0.054907407407407405
2 0.5746510416666666 0.28225 0.009338541666666667 0.04186111111111111
2 0.5982083333333333 0.29133333333333333 0.009583333333333333 0.04413888888888889
2 0.6244062499999999 0.28450925925925924 0.010640624999999999 0.03975
2 0.5658697916666667 0.2404351851851852 0.005921874999999999 0.025675925925925925
2 0.569171875 0.2625925925925926 0.008796875000000001 0.03427777777777778
2 0.5798072916666667 0.2735370370370371 0.008494791666666666 0.037648148148148146
2 0.5131197916666667 0.29031481481481486 0.026166666666666668 0.04738888888888889
2 0.50721875 0.28288888888888886 0.021057291666666665 0.0417962962962963
2 0.4986770833333333 0.27332407407407405 0.022578125 0.046481481481481485
2 0.4884791666666667 0.26751851851851854 0.019291666666666665 0.03885185185185185
2 0.46170833333333333 0.2734166666666667 0.027505208333333333 0.042694444444444445
2 0.6659947916666666 0.33796296296296297 0.03233854166666667 0.07234259259259258
