2 0.25086458333333334 0.9607407407407407 0.09008854166666666 0.07850925925925926
2 0.6037031249999999 0.9229351851851851 0.06486458333333334 0.15412962962962964
2 0.5740677083333333 0.7688888888888888 0.042046875000000004 0.21331481481481482
2 0.4494375 0.5862870370370371 0.032375 0.16601851851851854
2 0.40050520833333336 0.5660833333333334 0.038677083333333334 0.15030555555555555
2 0.540125 0.5363425925925925 0.02625 0.13402777777777777
2 0.6061875000000001 0.586574074074074 0.029901041666666666 0.15424074074074076
2 0.5775989583333333 0.4664351851851852 0.01882291666666667 0.11014814814814815
2 0.5853177083333333 0.4123518518518518 0.016026041666666668 0.08223148148148149
2 0.6233593749999999 0.34224074074074073 0.015723958333333333 0.06391666666666666
2 0.5952604166666667 0.35240740740740745 0.015083333333333334 0.06882407407407408
2 0.5901510416666667 0.330212962962963 0.012671874999999999 0.0557037037037037
2 0.5701197916666667 0.3410092592592593 0.011682291666666667 0.06917592592592592
2 0.5379375 0.4069166666666667 0.017630208333333335 0.08749074074074073
2 0.49565624999999996 0.35750000000000004 0.013786458333333333 0.07128703703703704
2 0.45757291666666666 0.3304537037037037 0.01575 0.06503703703703703
2 0.3959322916666667 0.36875925925925923 0.017468749999999998 0.07682407407407407
2 0.48655729166666667 0.32835185185185184 0.013822916666666666 0.06082407407407407
2 0.510984375 0.337712962962963 0.014703125000000001 0.0701574074074074
2 0.5025625 0.2714259259259259 0.010239583333333333 0.0442037037037037
2 0.5161927083333333 0.2780185185185185 0.010598958333333333 0.04504629629629629
2 0.535078125 0.2544166666666666 0.007567708333333333 0.04034259259259259
2 0.6154270833333333 0.2975925925925926 0.010276041666666668 0.04098148148148148
2 0.4725885416666667 0.2995925925925926 0.02755208333333333 0.04961111111111111
2 0.46670833333333334 0.2730092592592593 0.02273958333333333 0.04806481481481481
