2 0.5623072916666667 0.8326574074074073 0.067140625 0.33468518518518514
2 0.6361822916666667 0.8011574074074074 0.07253124999999999 0.3704444444444444
2 0.6172395833333333 0.5416111111111112 0.05200520833333333 0.28344444444444444
2 0.6716979166666667 0.6042500000000001 0.056755208333333335 0.3068796296296296
2 0.45247916666666665 0.522037037037037 0.06103125 0.24121296296296296
2 0.30149479166666665 0.46128703703703705 0.04725 0.23083333333333333
2 0.38314583333333335 0.46205555555555555 0.05603645833333334 0.22928703703703704
2 0.04458854166666667 0.37184259259259256 0.03690625 0.15997222222222224
2 0.355875 0.3269537037037037 0.037953125000000004 0.1627777777777778
2 0.37675000000000003 0.23414814814814813 0.029354166666666667 0.14074074074074075
2 0.27276041666666667 0.18799074074074074 0.021036458333333334 0.10398148148148148
2 0.5732760416666667 0.18812962962962965 0.023104166666666665 0.1289537037037037
2 0.50678125 0.2651481481481482 0.037682291666666666 0.13485185185185183
1 0.4288020833333333 0.0743888888888889 0.06575520833333333 0.1487777777777778
