2 0.2013802083333333 0.9090462962962963 0.08486458333333333 0.1819074074074074
2 0.4821145833333333 0.7162777777777778 0.04911979166666667 0.2006851851851852
2 0.5764739583333333 0.7646759259259259 0.045125 0.20489814814814813
2 0.3930104166666667 0.6706111111111112 0.041041666666666664 0.17416666666666666
2 0.333140625 0.566787037037037 0.03763020833333333 0.15171296296296297
2 0.36929166666666663 0.4574259259259259 0.0300625 0.11508333333333334
2 0.41297395833333334 0.5164907407407406 0.03583854166666667 0.13445370370370371
2 0.473 0.4962222222222222 0.03261979166666667 0.12168518518518517
2 0.4063802083333333 0.35974999999999996 0.017796875 0.07544444444444445
2 0.43127604166666667 0.3865555555555556 0.021921875 0.08917592592592592
2 0.4712552083333333 0.40976851851851853 0.017744791666666666 0.08289814814814815
2 0.4832604166666667 0.3634444444444444 0.018515624999999997 0.07712962962962963
2 0.5183385416666667 0.37862962962962965 0.019765625000000002 0.08043518518518519
2 0.5516354166666667 0.4607685185185185 0.023854166666666666 0.10653703703703704
2 0.5504479166666666 0.39287037037037037 0.017479166666666667 0.06619444444444444
2 0.5718125000000001 0.3544074074074074 0.017739583333333333 0.07188888888888889
2 0.6042500000000001 0.4072777777777778 0.017713541666666666 0.08788888888888889
1 0.5876770833333332 0.519175925925926 0.024630208333333334 0.1464351851851852
2 0.496171875 0.3186759259259259 0.01309375 0.06309259259259259
2 0.525515625 0.3143611111111111 0.013427083333333334 0.058750000000000004
2 0.5359322916666667 0.2841574074074074 0.010078125 0.045342592592592594
2 0.4887760416666667 0.28173148148148147 0.011119791666666667 0.04761111111111111
2 0.5057864583333334 0.29108333333333336 0.009890624999999998 0.048324074074074075
2 0.5527239583333333 0.28690740740740744 0.010010416666666666 0.043731481481481475
2 0.5580416666666667 0.29600925925925925 0.011036458333333334 0.04625
2 0.5997552083333333 0.3239444444444445 0.014328125 0.055129629629629626
1 0.6286041666666667 0.3519259259259259 0.012734375 0.06523148148148149
2 0.66809375 0.33314814814814814 0.037223958333333335 0.06781481481481481
2 0.537765625 0.2374814814814815 0.005171875 0.026555555555555554
2 0.5463489583333333 0.2375 0.004973958333333334 0.025824074074074076
2 0.5517135416666666 0.2424074074074074 0.005291666666666667 0.027925925925925927
