2 0.212703125 0.21000925925925926 0.078 0.16655555555555554
2 0.09415104166666667 0.30906481481481485 0.03881770833333333 0.11156481481481481
2 0.2558333333333333 0.30324074074074076 0.03752604166666666 0.17090740740740742
2 0.3494427083333333 0.5264537037037037 0.06502083333333333 0.2716574074074074
2 0.43365625 0.7449722222222223 0.08761979166666665 0.35375
2 0.7110885416666667 0.931425925925926 0.12164583333333333 0.13714814814814816
2 0.46802604166666667 0.3663148148148148 0.050458333333333334 0.2075462962962963
2 0.4240260416666667 0.2863425925925926 0.040578125 0.1710648148148148
2 0.4952552083333333 0.2662037037037037 0.03546875 0.15239814814814814
2 0.5350729166666667 0.19472222222222224 0.030036458333333335 0.12980555555555556
2 0.5969531250000001 0.2361111111111111 0.03573958333333334 0.15085185185185185
2 0.44119270833333335 0.20433333333333334 0.03150520833333333 0.12742592592592594
2 0.38633854166666665 0.14162037037037037 0.025963541666666666 0.10693518518518517
2 0.43349479166666666 0.09055555555555556 0.029531250000000002 0.09122222222222222
2 0.40141145833333336 0.03737962962962963 0.017916666666666668 0.0712962962962963
2 0.41838020833333334 0.039629629629629626 0.017135416666666667 0.06961111111111112
2 0.3527135416666667 0.10156481481481482 0.031635416666666666 0.0916388888888889
2 0.5428072916666667 0.1314537037037037 0.017723958333333335 0.10202777777777777
2 0.5869270833333334 0.14148148148148149 0.02263541666666667 0.08196296296296296
2 0.47860416666666666 0.18975 0.022994791666666667 0.12293518518518519
2 0.5041770833333333 0.16 0.025526041666666666 0.10665740740740741
2 0.5237864583333333 0.0577962962962963 0.01788020833333333 0.07816666666666666
