2 0.10291666666666667 0.9121296296296296 0.08759895833333334 0.17573148148148146
2 0.30402083333333335 0.8741111111111111 0.06271875 0.2385740740740741
2 0.39846354166666664 0.45917592592592593 0.0269375 0.11175
2 0.4864583333333333 0.5708703703703704 0.03436979166666666 0.15162962962962961
2 0.5588489583333334 0.5237314814814815 0.03426041666666667 0.14488888888888887
2 0.5946874999999999 0.472 0.025447916666666667 0.11212962962962962
2 0.5719791666666667 0.42362962962962963 0.022640625 0.08947222222222222
2 0.6022604166666666 0.41686111111111107 0.019765625000000002 0.08771296296296296
2 0.536953125 0.3622592592592593 0.016046875 0.07447222222222223
2 0.4863072916666667 0.39949074074074076 0.021755208333333335 0.09337962962962962
2 0.5525625000000001 0.44735185185185183 0.023583333333333335 0.08641666666666667
2 0.47386458333333337 0.3546388888888889 0.013916666666666666 0.07439814814814814
2 0.499953125 0.3446574074074074 0.016848958333333334 0.07294444444444445
2 0.5120052083333333 0.3062037037037037 0.012552083333333333 0.054953703703703706
2 0.5327760416666666 0.2927314814814815 0.011479166666666667 0.04822222222222222
2 0.506734375 0.27475 0.025677083333333333 0.045925925925925926
2 0.5401822916666668 0.3195185185185185 0.01303125 0.05128703703703704
2 0.564078125 0.3343981481481481 0.01346875 0.06589814814814815
2 0.5634322916666666 0.2920462962962963 0.012177083333333333 0.043472222222222225
2 0.5947291666666668 0.3313055555555556 0.014166666666666666 0.06138888888888889
2 0.617546875 0.3050925925925926 0.0133125 0.051055555555555555
2 0.6014895833333332 0.293462962962963 0.023901041666666668 0.05136111111111111
2 0.5803697916666667 0.28282407407407406 0.011020833333333334 0.043555555555555556
2 0.5459322916666667 0.2533611111111111 0.008427083333333333 0.03512962962962963
1 0.5625677083333334 0.2121111111111111 0.01992708333333333 0.03344444444444444
2 0.56403125 0.2300185185185185 0.005807291666666667 0.02212037037037037
2 0.55296875 0.2276111111111111 0.0064062500000000005 0.022351851851851852
2 0.5714583333333334 0.23150925925925925 0.0064531250000000005 0.026787037037037036
2 0.64496875 0.3254074074074074 0.013583333333333333 0.05326851851851852
2 0.6658697916666667 0.3362037037037037 0.028614583333333332 0.0745462962962963
