2 0.28361458333333334 0.72525 0.05142708333333333 0.1939537037037037
2 0.4930104166666667 0.699787037037037 0.043125 0.18314814814814817
2 0.5650260416666666 0.650962962962963 0.03959375 0.16574074074074074
2 0.5405625000000001 0.9000648148148148 0.060109375 0.1978888888888889
2 0.6929270833333334 0.5699444444444444 0.03324479166666667 0.1425925925925926
2 0.3764635416666666 0.5120185185185185 0.03218229166666667 0.13157407407407407
2 0.43570312499999997 0.5522314814814815 0.035130208333333336 0.14298148148148146
2 0.5023645833333333 0.5621851851851851 0.03872395833333333 0.14603703703703705
2 0.5412604166666667 0.4711574074074074 0.02465625 0.11381481481481481
2 0.5859479166666667 0.47203703703703703 0.023119791666666667 0.11052777777777778
2 0.6241354166666666 0.5105277777777778 0.029416666666666664 0.1269074074074074
2 0.5776822916666667 0.40767592592592594 0.01984375 0.08618518518518518
2 0.4810989583333333 0.43909259259259265 0.022697916666666665 0.09682407407407406
2 0.4373802083333333 0.39837962962962964 0.021437499999999998 0.08947222222222222
2 0.38989583333333333 0.4450925925925926 0.026848958333333332 0.09705555555555555
2 0.45868749999999997 0.3427407407407408 0.016708333333333332 0.06911111111111111
2 0.47633854166666667 0.3476388888888889 0.014130208333333333 0.06544444444444444
2 0.491234375 0.3404074074074074 0.013619791666666665 0.06612962962962964
2 0.46910416666666666 0.30650925925925926 0.014817708333333334 0.05893518518518518
2 0.5194114583333334 0.3200555555555556 0.014104166666666666 0.062453703703703706
2 0.5509479166666666 0.3587037037037037 0.015619791666666666 0.0724074074074074
2 0.537125 0.4034259259259259 0.018281250000000002 0.07937037037037037
2 0.6057291666666667 0.38892592592592595 0.01628125 0.08541666666666667
2 0.6506770833333333 0.41912037037037037 0.04178125 0.06024074074074074
2 0.5678854166666666 0.3288518518518519 0.014463541666666666 0.06322222222222222
2 0.5393645833333333 0.2883703703703704 0.0095 0.046231481481481485
2 0.5490520833333333 0.2788055555555556 0.009937499999999998 0.04393518518518519
2 0.5305833333333333 0.2808703703703703 0.008984375 0.04133333333333333
2 0.5041510416666667 0.29744444444444446 0.011041666666666667 0.05258333333333333
2 0.6260677083333334 0.32135185185185183 0.014348958333333333 0.053731481481481484
2 0.5926614583333334 0.31733333333333336 0.01571875 0.0587037037037037
2 0.6064583333333334 0.33023148148148146 0.013958333333333333 0.05587962962962963
2 0.5673072916666667 0.28049074074074076 0.01992708333333333 0.04056481481481482
1 0.5347395833333334 0.23342592592592593 0.03339583333333333 0.06428703703703705
