2 0.5209479166666667 0.5653888888888889 0.03303125 0.1489074074074074
2 0.4514947916666667 0.9368240740740741 0.06773958333333334 0.12635185185185185
2 0.17888020833333332 0.7530370370370371 0.057234375 0.20012962962962963
2 0.6001875 0.3852407407407407 0.021374999999999998 0.09109259259259259
2 0.5394166666666667 0.44949999999999996 0.021354166666666667 0.10849074074074075
2 0.5739062500000001 0.30696296296296294 0.018567708333333332 0.055740740740740743
2 0.5067864583333334 0.30574999999999997 0.010718749999999999 0.05703703703703704
2 0.55559375 0.2959351851851852 0.009723958333333334 0.04974074074074074
2 0.5420937499999999 0.2845648148148148 0.0095625 0.04552777777777778
2 0.468046875 0.2789537037037037 0.026302083333333334 0.046648148148148154
2 0.48662500000000003 0.27823148148148147 0.016932291666666665 0.04025
2 0.5069114583333333 0.2733703703703704 0.02625 0.046592592592592595
2 0.5241197916666667 0.2944722222222222 0.025942708333333335 0.04928703703703703
2 0.5686614583333333 0.28319444444444447 0.009473958333333334 0.041546296296296296
2 0.5982604166666667 0.28749074074074077 0.02353125 0.046425925925925926
2 0.5286145833333333 0.2525833333333333 0.010630208333333334 0.030935185185185184
2 0.5362708333333334 0.26764814814814814 0.015526041666666665 0.04008333333333333
2 0.552671875 0.2528888888888889 0.007354166666666666 0.030314814814814815
1 0.5459635416666667 0.2296851851851852 0.025187499999999998 0.05427777777777777
2 0.6689322916666666 0.3401296296296296 0.035015625 0.08257407407407408
