2 0.22671354166666668 0.6725092592592592 0.07997916666666667 0.34153703703703703
2 0.059583333333333335 0.42880555555555555 0.04954166666666667 0.20599074074074075
2 0.3775833333333333 0.6480925925925927 0.08136979166666666 0.3174074074074074
2 0.561203125 0.7428611111111111 0.07882291666666667 0.34953703703703703
2 0.6185052083333333 0.6077592592592592 0.06842187500000001 0.28302777777777777
2 0.39797916666666666 0.49039814814814814 0.05793229166666667 0.24275925925925926
2 0.5195677083333333 0.5523425925925926 0.0563125 0.26478703703703704
2 0.5681458333333332 0.43421296296296297 0.04756770833333333 0.22605555555555554
2 0.442421875 0.8295740740740741 0.10167187500000001 0.34085185185185185
2 0.46325520833333333 0.35206481481481483 0.042640625 0.18831481481481482
2 0.5010208333333334 0.3139074074074074 0.036578125 0.1860648148148148
2 0.5750520833333332 0.24207407407407408 0.03533854166666666 0.14733333333333334
2 0.5424947916666666 0.19415740740740742 0.030984375 0.12250000000000001
2 0.425328125 0.22881481481481483 0.03797395833333333 0.14860185185185187
2 0.5971927083333333 0.8635185185185186 0.09525 0.2729537037037037
2 0.38846875000000003 0.36791666666666667 0.04064583333333334 0.2015
2 0.47118229166666664 0.10640740740740741 0.022046875 0.07352777777777778
2 0.5591458333333333 0.1641388888888889 0.02609895833333333 0.11800925925925926
2 0.707296875 0.8696944444444444 0.07239583333333334 0.26061111111111107
2 0.4185416666666667 0.42150925925925925 0.045234375 0.2346111111111111
1 0.21401562500000001 0.39001851851851854 0.231671875 0.4771851851851852
