1 0.22296354166666665 0.6783981481481481 0.09852604166666666 0.3409814814814815
2 0.151296875 0.5422407407407407 0.052411458333333334 0.25692592592592595
2 0.2224114583333333 0.4713148148148148 0.05227604166666667 0.2416296296296296
2 0.4146354166666667 0.6443055555555556 0.07041145833333333 0.3221759259259259
2 0.33310937500000004 0.8426851851851852 0.09138020833333332 0.3146203703703704
2 0.4786458333333333 0.8038981481481482 0.07342708333333332 0.37900925925925927
2 0.5866145833333333 0.6473240740740741 0.07061979166666667 0.31895370370370374
2 0.504609375 0.5608981481481481 0.05938541666666666 0.2757314814814815
2 0.5662916666666666 0.47174074074074074 0.05601041666666667 0.2239537037037037
2 0.45330729166666667 0.48057407407407404 0.060947916666666664 0.2539814814814815
2 0.5678333333333333 0.8596666666666667 0.112921875 0.2806666666666667
2 0.7082447916666667 0.8724351851851851 0.07365624999999999 0.2551388888888889
2 0.03152083333333334 0.6557407407407407 0.06304166666666668 0.27405555555555555
1 0.021260416666666667 0.5169814814814815 0.042515624999999994 0.17555555555555555
2 0.027177083333333334 0.8280277777777778 0.054359375 0.34394444444444444
2 0.26230729166666666 0.17963888888888888 0.02616145833333333 0.11506481481481481
2 0.20488541666666665 0.40874074074074074 0.04153645833333333 0.21525
1 0.309421875 0.15059259259259258 0.026651041666666667 0.10019444444444443
2 0.5207916666666667 0.3402777777777778 0.03966145833333334 0.18943518518518518
2 0.5588697916666666 0.31348148148148147 0.037697916666666664 0.17287962962962963
2 0.6083593749999999 0.33747222222222223 0.042921875 0.18382407407407408
2 0.5958072916666667 0.26108333333333333 0.031713541666666664 0.1514074074074074
2 0.519171875 0.15704629629629632 0.020796875 0.10692592592592592
2 0.42497395833333335 0.08339814814814814 0.01816145833333333 0.08025925925925927
2 0.35141145833333337 0.09812962962962964 0.016874999999999998 0.08166666666666667
