2 0.5539375 0.8053611111111111 0.05388020833333333 0.22453703703703703
2 0.629 0.6947407407407408 0.044270833333333336 0.17921296296296296
2 0.561359375 0.5798333333333333 0.03746354166666667 0.15928703703703703
2 0.61340625 0.47159259259259256 0.02177604166666667 0.1063888888888889
2 0.4800625 0.6673148148148148 0.04848958333333333 0.18917592592592594
2 0.42375 0.5821481481481482 0.03481770833333333 0.1546574074074074
2 0.24257291666666667 0.5573888888888889 0.038786458333333336 0.14525925925925925
2 0.44458333333333333 0.4814907407407407 0.027875 0.12309259259259259
2 0.44754687499999996 0.3978055555555556 0.025114583333333333 0.08843518518518519
2 0.5051614583333334 0.383212962962963 0.018817708333333336 0.08394444444444445
2 0.6554375 0.40875 0.02296875 0.08338888888888889
2 0.6648489583333334 0.3388333333333333 0.03125520833333333 0.07830555555555554
2 0.6378854166666666 0.32387037037037036 0.017510416666666664 0.05894444444444444
2 0.5767291666666666 0.2885740740740741 0.011270833333333334 0.04655555555555556
2 0.5495677083333333 0.3188425925925926 0.013494791666666667 0.05815740740740741
2 0.5225260416666667 0.2985185185185185 0.010744791666666666 0.05190740740740741
2 0.5115833333333334 0.28845370370370366 0.008947916666666667 0.05160185185185185
2 0.5608333333333333 0.2757314814814815 0.009234375 0.04336111111111111
2 0.5305572916666667 0.2653888888888889 0.008208333333333333 0.0412037037037037
2 0.5373229166666668 0.25612962962962965 0.006859375 0.03325925925925926
2 0.552375 0.2532777777777778 0.007203125 0.034166666666666665
2 0.5447135416666666 0.29359259259259257 0.008989583333333334 0.04733333333333333
2 0.5657031250000001 0.2290185185185185 0.005583333333333333 0.02135185185185185
2 0.5621822916666667 0.21142592592592593 0.0045000000000000005 0.01925
