2 0.6076458333333333 0.48969444444444443 0.020666666666666667 0.11788888888888888
2 0.37434375000000003 0.8343333333333334 0.046796874999999995 0.21149074074074073
2 0.4737864583333333 0.5348703703703703 0.03419791666666667 0.13416666666666668
2 0.37840625 0.5121388888888889 0.029197916666666667 0.13192592592592592
2 0.44340104166666666 0.48310185185185184 0.025510416666666664 0.11704629629629629
2 0.5076354166666667 0.3319166666666667 0.016119791666666668 0.0693425925925926
2 0.5548229166666666 0.43875000000000003 0.023369791666666664 0.11128703703703703
2 0.5806510416666666 0.41632407407407407 0.018208333333333333 0.09337962962962962
2 0.5951145833333332 0.3760740740740741 0.016838541666666665 0.08358333333333333
2 0.6192239583333333 0.3409444444444445 0.017708333333333333 0.060472222222222226
2 0.6546354166666667 0.4120740740740741 0.0175 0.06973148148148148
2 0.531359375 0.3110277777777778 0.014322916666666666 0.0545
2 0.5685989583333334 0.3348611111111111 0.013041666666666667 0.0634537037037037
2 0.5841822916666667 0.3101851851851852 0.012010416666666666 0.056185185185185185
2 0.595953125 0.2951851851851852 0.009994791666666667 0.04638888888888889
2 0.58009375 0.2877222222222222 0.008135416666666666 0.03988888888888889
2 0.552625 0.2919351851851852 0.011401041666666667 0.04830555555555556
2 0.560546875 0.28202777777777777 0.010197916666666666 0.04362962962962963
2 0.5560677083333334 0.2577222222222222 0.008817708333333334 0.03712962962962963
2 0.5473281249999999 0.23227777777777778 0.006489583333333334 0.028324074074074074
2 0.565796875 0.2442222222222222 0.007442708333333333 0.032
2 0.5739583333333333 0.2635462962962963 0.005765625 0.028555555555555556
