2 0.579390625 0.4845740740740741 0.02665625 0.11690740740740742
2 0.519453125 0.31950925925925927 0.012770833333333334 0.06166666666666666
2 0.5954375 0.3481296296296296 0.016307291666666664 0.06335185185185185
2 0.6239479166666667 0.37366666666666665 0.01690625 0.05577777777777778
2 0.5263958333333333 0.2759166666666667 0.024927083333333332 0.04083333333333333
2 0.549109375 0.24887037037037035 0.008713541666666666 0.03459259259259259
2 0.5671041666666666 0.2503796296296297 0.008244791666666666 0.03298148148148148
2 0.5995 0.2759537037037037 0.010546875 0.03936111111111111
2 0.6149947916666666 0.29008333333333336 0.02850520833333333 0.047574074074074074
2 0.5598802083333333 0.24125925925925926 0.0076927083333333335 0.03017592592592593
2 0.5551666666666667 0.23537037037037037 0.006072916666666667 0.030731481481481478
2 0.5576927083333333 0.20800925925925925 0.004177083333333333 0.022314814814814815
2 0.638890625 0.3442777777777778 0.04070833333333333 0.08650925925925927
2 0.6542395833333334 0.42133333333333334 0.04710416666666666 0.12179629629629629
