2 0.3825052083333333 0.15092592592592594 0.091875 0.21249074074074076
2 0.39798958333333334 0.5942037037037037 0.06658854166666667 0.2916574074074074
2 0.4858854166666667 0.8704907407407407 0.10488020833333334 0.2590277777777778
2 0.7119166666666668 0.9300462962962963 0.119015625 0.13989814814814816
2 0.6181770833333334 0.4084537037037037 0.05783854166666667 0.2286574074074074
2 0.508578125 0.3708518518518518 0.050875000000000004 0.21132407407407405
2 0.41733333333333333 0.40246296296296297 0.054578125000000005 0.20278703703703702
2 0.3978854166666667 0.35591666666666666 0.03781770833333333 0.1907222222222222
2 0.5601666666666667 0.2561018518518518 0.03295833333333333 0.1485
2 0.613828125 0.24785185185185185 0.032203125 0.14818518518518517
2 0.530921875 0.18596296296296297 0.023947916666666666 0.13089814814814815
2 0.57715625 0.15410185185185185 0.022661458333333332 0.08106481481481481
2 0.517484375 0.05354629629629629 0.015302083333333332 0.06976851851851851
2 0.38015104166666663 0.0195 0.014078125 0.039009259259259264
2 0.4194895833333333 0.07111111111111111 0.015921875 0.07249074074074074
2 0.21192708333333332 0.21577777777777776 0.073453125 0.17432407407407408
