2 0.36885937500000004 0.17087037037037037 0.048296875 0.08209259259259259
2 0.6052447916666667 0.2655740740740741 0.08704166666666667 0.1789074074074074
2 0.8733072916666667 0.5322037037037036 0.25338020833333336 0.2769907407407407
2 0.9457916666666667 0.9113611111111111 0.10841666666666666 0.17727777777777778
2 0.068109375 0.5906388888888888 0.056171874999999996 0.19941666666666666
2 0.08148958333333334 0.614 0.06730729166666666 0.20600925925925928
2 0.15378125 0.49110185185185184 0.05217708333333334 0.18242592592592594
2 0.26344791666666667 0.3416111111111111 0.0301875 0.1334537037037037
2 0.40926562499999997 0.3830740740740741 0.03536458333333334 0.15155555555555555
2 0.691078125 0.780537037037037 0.07641666666666666 0.31068518518518523
2 0.5418593749999999 0.2241111111111111 0.022776041666666667 0.09907407407407408
2 0.7010208333333333 0.473 0.04074479166666667 0.14005555555555554
2 0.7456927083333333 0.4639537037037037 0.0398125 0.14974074074074073
2 0.894625 0.43371296296296297 0.03559375 0.12322222222222223
2 0.9338489583333334 0.4235462962962963 0.037656249999999995 0.11830555555555555
2 0.9702760416666667 0.41764814814814816 0.035854166666666666 0.11887037037037036
2 0.44260937499999997 0.2111388888888889 0.023932291666666668 0.08854629629629629
2 0.45831770833333335 0.2590462962962963 0.02409375 0.08251851851851852
2 0.39668749999999997 0.25181481481481477 0.024234375 0.10524074074074073
2 0.37916666666666665 0.22895370370370371 0.017598958333333335 0.06509259259259259
2 0.41875520833333335 0.1935185185185185 0.02177604166666667 0.09050925925925926
2 0.41394791666666664 0.15172222222222223 0.015291666666666667 0.06802777777777777
2 0.43452604166666664 0.17142592592592593 0.015817708333333333 0.07409259259259258
2 0.47060937500000005 0.16430555555555554 0.021322916666666667 0.07653703703703703
2 0.4886041666666667 0.12364814814814815 0.015645833333333335 0.061879629629629625
2 0.5177552083333333 0.08606481481481482 0.013239583333333334 0.05455555555555556
2 0.5323645833333334 0.08067592592592591 0.011489583333333333 0.05186111111111111
2 0.5216822916666667 0.06800925925925926 0.012010416666666666 0.04689814814814815
2 0.5474947916666667 0.06624074074074075 0.011541666666666667 0.047064814814814816
2 0.5721875 0.06708333333333334 0.016145833333333335 0.04875
2 0.5988749999999999 0.03909259259259259 0.010135416666666668 0.039064814814814816
2 0.5644479166666667 0.03509259259259259 0.007947916666666667 0.040324074074074075
1 0.61725 0.03248148148148148 0.009385416666666667 0.038814814814814816
