2 0.5085208333333333 0.5665833333333333 0.06893750000000001 0.2840092592592593
2 0.15066666666666664 0.6303425925925926 0.07893229166666667 0.32203703703703707
2 0.7110885416666667 0.932962962962963 0.12164583333333333 0.1340648148148148
2 0.556625 0.3707962962962963 0.04535416666666667 0.20416666666666666
2 0.35243749999999996 0.30162962962962964 0.04323958333333333 0.17694444444444443
2 0.19411458333333334 0.33494444444444443 0.04255729166666666 0.1804537037037037
2 0.4373697916666667 0.17750925925925926 0.039578125 0.11562962962962962
2 0.5305989583333334 0.18981481481481483 0.030729166666666665 0.12326851851851851
2 0.5472135416666667 0.1616203703703704 0.0275 0.1039074074074074
2 0.5219791666666667 0.09712037037037037 0.019557291666666664 0.0813888888888889
2 0.3924010416666667 0.06032407407407408 0.018213541666666666 0.06799074074074074
2 0.37106770833333336 0.10157407407407408 0.019828125 0.0822962962962963
2 0.3433072916666667 0.12805555555555556 0.022463541666666666 0.09387962962962963
2 0.370578125 0.02725 0.0145 0.052759259259259256
2 0.40705729166666665 0.011027777777777779 0.010208333333333335 0.022064814814814815
2 0.38087499999999996 0.009277777777777777 0.007317708333333334 0.018555555555555554
