2 0.31313541666666667 0.6360925925925927 0.04448958333333333 0.17303703703703704
2 0.312109375 0.48885185185185187 0.03548958333333333 0.12237962962962962
2 0.33909895833333337 0.43700925925925926 0.03044791666666667 0.1082037037037037
2 0.46995833333333337 0.38608333333333333 0.021333333333333333 0.08660185185185185
2 0.493203125 0.3190925925925926 0.01747395833333333 0.06063888888888888
2 0.5085520833333333 0.26234259259259257 0.0151875 0.036648148148148145
2 0.5730052083333333 0.2973148148148148 0.012234374999999999 0.037342592592592594
2 0.5573541666666666 0.25739814814814815 0.009583333333333333 0.03158333333333333
2 0.5780729166666667 0.25852777777777775 0.007619791666666667 0.03075
2 0.5667083333333333 0.23838888888888887 0.007458333333333333 0.02751851851851852
2 0.6380781249999999 0.34396296296296297 0.03995833333333333 0.08433333333333333
2 0.65465625 0.42137037037037034 0.04706770833333333 0.12032407407407407
