2 0.529953125 0.8118240740740741 0.14132291666666666 0.3763518518518518
2 0.8728750000000001 0.5380277777777778 0.25425000000000003 0.27937962962962964
2 0.9444895833333333 0.9113611111111111 0.11102083333333333 0.17727777777777778
2 0.5973854166666667 0.05842592592592593 0.03486979166666667 0.08250925925925925
2 0.6970208333333333 0.47008333333333335 0.04640104166666667 0.14197222222222222
2 0.7438177083333334 0.46525925925925926 0.04151041666666667 0.14242592592592593
2 0.5204895833333334 0.14631481481481481 0.016255208333333333 0.07019444444444445
2 0.5621614583333333 0.04212037037037037 0.008692708333333334 0.03521296296296297
2 0.5257604166666667 0.08937962962962963 0.012598958333333334 0.05396296296296296
2 0.5038489583333333 0.10965740740740741 0.014223958333333333 0.06085185185185185
2 0.48914583333333334 0.12966666666666665 0.016072916666666666 0.062157407407407404
2 0.41298958333333335 0.1508611111111111 0.013380208333333334 0.06414814814814815
2 0.42936979166666667 0.16589814814814813 0.01678645833333333 0.07233333333333333
2 0.46417708333333335 0.12166666666666667 0.013484375 0.044472222222222225
2 0.44361979166666665 0.12048148148148148 0.014984375 0.060620370370370366
2 0.019682291666666667 0.7050462962962963 0.039359374999999995 0.23995370370370367
2 0.17028125 0.7825648148148148 0.07128125 0.286962962962963
2 0.341234375 0.23722222222222222 0.04513020833333334 0.07282407407407408
2 0.36759375 0.17850925925925926 0.04924479166666666 0.10046296296296296
2 0.8941927083333333 0.43147222222222226 0.03646354166666667 0.12490740740740741
2 0.933734375 0.42986111111111114 0.04263020833333333 0.13093518518518518
2 0.9682239583333333 0.4219351851851852 0.03522395833333333 0.12434259259259259
