2 0.3067708333333333 0.8740740740740741 0.19583333333333333 0.2518518518518518
2 0.3553385416666667 0.7453703703703703 0.17473958333333334 0.24722222222222223
2 0.3502604166666667 0.5986111111111111 0.14166666666666666 0.17685185185185184
2 0.37252604166666664 0.5275462962962963 0.09713541666666667 0.1300925925925926
2 0.3912760416666667 0.45416666666666666 0.11171875 0.1685185185185185
2 0.4317708333333333 0.33796296296296297 0.058333333333333334 0.10277777777777777
2 0.029166666666666667 0.41226851851851853 0.052083333333333336 0.1726851851851852
2 0.11302083333333333 0.3421296296296296 0.07604166666666666 0.10740740740740741
2 0.17109375 0.31689814814814815 0.04739583333333333 0.07916666666666666
2 0.21458333333333332 0.3111111111111111 0.0546875 0.08148148148148149
2 0.690625 0.7152777777777778 0.17708333333333334 0.24166666666666667
2 0.6330729166666667 0.6212962962962963 0.14739583333333334 0.2
2 0.5674479166666667 0.33958333333333335 0.05416666666666667 0.09490740740740741
2 0.71328125 0.3541666666666667 0.06979166666666667 0.10833333333333334
2 0.7080729166666667 0.9104166666666667 0.20572916666666666 0.17731481481481481
1 0.649609375 0.45023148148148145 0.13463541666666667 0.2847222222222222
1 0.45625 0.28587962962962965 0.06302083333333333 0.16157407407407406
