2 0.16805555555555557 0.6924479166666667 0.18611111111111112 0.11822916666666666
2 0.2800925925925926 0.6057291666666667 0.10833333333333334 0.059375
2 0.30277777777777776 0.5645833333333333 0.09259259259259259 0.042708333333333334
2 0.3416666666666667 0.53515625 0.07407407407407407 0.03802083333333333
2 0.3699074074074074 0.8825520833333333 0.25277777777777777 0.21822916666666667
2 0.4060185185185185 0.7328125 0.15648148148148147 0.109375
2 0.41388888888888886 0.64765625 0.1259259259259259 0.07135416666666666
2 0.42083333333333334 0.5841145833333333 0.08055555555555556 0.05572916666666667
2 0.4638888888888889 0.56484375 0.05555555555555555 0.0390625
2 0.8217592592592593 0.89921875 0.2935185185185185 0.2015625
2 0.6763888888888889 0.7182291666666667 0.15648148148148147 0.10416666666666667
2 0.6532407407407408 0.6236979166666666 0.12129629629629629 0.08697916666666666
