2 0.36203703703703705 0.8770833333333333 0.23703703703703705 0.21354166666666666
2 0.16666666666666666 0.6953125 0.18703703703703703 0.128125
2 0.2763888888888889 0.6080729166666666 0.11203703703703703 0.06197916666666667
2 0.3 0.5651041666666666 0.09444444444444444 0.03854166666666667
2 0.34074074074074073 0.5330729166666667 0.07222222222222222 0.0359375
2 0.4074074074074074 0.73125 0.1537037037037037 0.10833333333333334
2 0.41435185185185186 0.6447916666666667 0.11388888888888889 0.06875
2 0.40555555555555556 0.5864583333333333 0.05 0.05520833333333333
2 0.4546296296296296 0.5627604166666667 0.037037037037037035 0.0390625
2 0.825925925925926 0.9002604166666667 0.2962962962962963 0.19947916666666668
2 0.6800925925925926 0.7182291666666667 0.1638888888888889 0.10625
2 0.6481481481481481 0.6236979166666666 0.1037037037037037 0.09322916666666667
