1 0.12100574712643677 0.7763520408163265 0.17929597701149427 0.4255612244897959
1 0.11275862068965518 0.7384438775510205 0.03443965517241379 0.04045918367346939
1 0.3231465517241379 0.6967602040816326 0.09033045977011493 0.26964285714285713
1 0.4490229885057471 0.7850255102040817 0.15686781609195402 0.4299234693877551
1 0.4464511494252874 0.7542602040816327 0.034382183908045975 0.023265306122448978
1 0.7590660919540229 0.740561224489796 0.12051724137931034 0.2954081632653061
1 0.7566810344827586 0.7120918367346939 0.053405172413793105 0.026862244897959183
1 0.5595833333333333 0.741530612244898 0.09560344827586208 0.2908418367346939
1 0.6466810344827586 0.685561224489796 0.06076149425287356 0.19191326530612246
2 0.9011637931034483 0.3868877551020408 0.1516522988505747 0.138265306122449
2 0.6862787356321839 0.4303571428571428 0.09594827586206897 0.1372704081632653
2 0.7544827586206897 0.3870408163265306 0.08567528735632184 0.17441326530612247
2 0.4512212643678161 0.38364795918367345 0.08793103448275863 0.13176020408163264
2 0.5957902298850575 0.39632653061224493 0.08185344827586206 0.09854591836734694
