2 0.09457236842105263 0.9499725877192983 0.14565058479532164 0.10005482456140351
2 0.29541301169590645 0.9480537280701754 0.1335891812865497 0.10389254385964912
2 0.4521198830409357 0.9199561403508771 0.11951754385964912 0.1600877192982456
2 0.6005116959064327 0.9187225877192983 0.13048245614035087 0.16255482456140352
2 0.09694809941520467 0.7136787280701754 0.10398391812865497 0.12088815789473684
2 0.17333698830409358 0.7927631578947368 0.11714181286549707 0.14692982456140352
2 0.23355263157894737 0.6855811403508771 0.09978070175438597 0.11458333333333333
2 0.30875365497076024 0.7527412280701754 0.10727339181286549 0.11458333333333333
2 0.35663377192982454 0.657483552631579 0.09155701754385964 0.10115131578947369
2 0.22487207602339182 0.6114309210526315 0.07072368421052631 0.08360745614035088
2 0.09192251461988304 0.6070449561403509 0.08881578947368421 0.10718201754385964
2 0.1023391812865497 0.5298793859649122 0.06652046783625731 0.08223684210526316
2 0.23601973684210525 0.5652412280701754 0.07474415204678363 0.08114035087719298
2 0.35581140350877194 0.5720942982456141 0.08662280701754387 0.09978070175438597
2 0.18951023391812866 0.4954769736842105 0.06980994152046784 0.07593201754385964
2 0.4613486842105263 0.7353344298245614 0.08315058479532164 0.12472587719298246
2 0.4234283625730994 0.8405975877192983 0.1023391812865497 0.15323464912280702
2 0.6221673976608187 0.7379385964912281 0.0805921052631579 0.15460526315789475
2 0.606359649122807 0.6618695175438597 0.0756578947368421 0.13952850877192982
2 0.4704861111111111 0.6618695175438597 0.08315058479532164 0.12472587719298246
2 0.4820906432748538 0.5938870614035088 0.07967836257309942 0.09841008771929824
2 0.41739766081871343 0.503015350877193 0.0581140350877193 0.08826754385964912
2 0.5078581871345029 0.5460526315789473 0.06652046783625731 0.09210526315789473
2 0.34941520467836257 0.48739035087719296 0.0489766081871345 0.0625
2 0.2663559941520468 0.5353618421052632 0.055738304093567254 0.08607456140350878
2 0.22697368421052633 0.4213267543859649 0.06323099415204679 0.07730263157894737
2 0.2713815789473684 0.40145285087719296 0.04751461988304093 0.057291666666666664
2 0.3199926900584795 0.40899122807017546 0.05482456140350877 0.07236842105263158
2 0.344937865497076 0.35663377192982454 0.031615497076023395 0.049890350877192985
2 0.4522112573099415 0.34662828947368424 0.028326023391812866 0.05235745614035088
2 0.9078947368421053 0.8544407894736842 0.11878654970760234 0.20559210526315788
2 0.9261695906432749 0.7676809210526315 0.11878654970760234 0.16200657894736842
2 0.8986659356725146 0.6606359649122807 0.10544590643274854 0.09978070175438597
2 0.9382309941520468 0.6300712719298246 0.09466374269005848 0.13843201754385964
2 0.7362938596491229 0.5267269736842105 0.051535087719298246 0.09841008771929824
2 0.7023026315789473 0.46984649122807015 0.0581140350877193 0.08223684210526316
2 0.669499269005848 0.3216831140350877 0.037463450292397664 0.062225877192982455
2 0.7188413742690059 0.4257127192982456 0.04148391812865497 0.08114035087719298
2 0.8368969298245614 0.484375 0.05975877192982456 0.09594298245614036
2 0.8111293859649122 0.6151315789473685 0.08644005847953216 0.12609649122807018
2 0.9365862573099415 0.5590734649122807 0.0763888888888889 0.08086622807017543
2 0.8144188596491229 0.3902138157894737 0.06304824561403509 0.05235745614035088
2 0.2065972222222222 0.9135142543859649 0.04075292397660819 0.16200657894736842
2 0.8276681286549707 0.7945449561403509 0.03983918128654971 0.14830043859649122
2 0.09777046783625731 0.8412828947368421 0.04239766081871345 0.11239035087719298
2 0.5302448830409356 0.42009320175438597 0.019919590643274854 0.07483552631578948
2 0.5543676900584795 0.42077850877192985 0.019919590643274854 0.06853070175438597
2 0.44974415204678364 0.43256578947368424 0.021564327485380116 0.07456140350877193
