2 0.8162760416666667 0.8777403846153847 0.07662326388888889 0.12381410256410257
1 0.8652604166666666 0.6858974358974359 0.0228125 0.05427884615384615
2 0.7128732638888889 0.6194711538461538 0.05115451388888889 0.07549679487179486
2 0.645859375 0.513349358974359 0.030130208333333335 0.047596153846153844
1 0.7234114583333333 0.49636217948717953 0.011128472222222222 0.04274038461538462
1 0.6678038194444444 0.4727083333333334 0.00765625 0.04274038461538462
2 0.5990190972222222 0.4663942307692307 0.023828125 0.04953525641025641
1 0.5548350694444444 0.3932532051282051 0.03138888888888888 0.06700320512820514
1 0.5810503472222223 0.3944070512820513 0.021527777777777778 0.059839743589743595
2 0.5966232638888889 0.40344551282051283 0.012456597222222221 0.02915064102564103
1 0.2734722222222222 0.3466185897435897 0.004644097222222222 0.033157051282051285
1 0.296953125 0.3206570512820513 0.007065972222222223 0.02490384615384615
1 0.37884548611111113 0.5046955128205128 0.013559027777777777 0.04799679487179487
1 0.7376128472222222 0.4210416666666667 0.007326388888888888 0.0316025641025641
