2 0.0515625 0.753125 0.103125 0.12083333333333333
2 0.1203125 0.7322916666666667 0.0875 0.08125
2 0.55 0.715625 0.1 0.052083333333333336
2 0.6671875 0.7083333333333334 0.134375 0.058333333333333334
2 0.4625 0.7166666666666667 0.0765625 0.04791666666666667
2 0.328125 0.725 0.1359375 0.05625
1 0.959375 0.68125 0.0125 0.075
2 0.953125 0.6947916666666667 0.0421875 0.04583333333333333
2 0.1109375 0.7572916666666667 0.0390625 0.075
2 0.3921875 0.7197916666666667 0.0265625 0.041666666666666664
2 0.000075146875 0.0018880000000000001 0.00015029375 0.00039066875
2 0.0109375 0.690625 0.021875 0.016666666666666666
