2 0.29765625 0.6295180722891566 0.2125 0.08032128514056225
2 0.0015311531249999999 0.0012879036144578312 0.00006269531250000001 0.00010374899598393574
2 0.36875 0.8002008032128514 0.371875 0.28714859437751006
2 0.59375 0.8122489959839357 0.09375 0.15863453815261044
2 0.6875 0.6194779116465864 0.0765625 0.03413654618473896
2 0.71640625 0.6154618473895582 0.140625 0.04216867469879518
2 0.67734375 0.6335341365461847 0.05625 0.04216867469879518
2 0.83125 0.6757028112449799 0.1296875 0.21285140562248997
2 0.44921875 0.7670682730923695 0.3046875 0.25100401606425704
2 0.61328125 0.7961847389558233 0.084375 0.14056224899598393
