2 0.83125 0.5515222482435597 0.3375 0.3091334894613583
2 0.0014844734375 0.0018321288056206088 0.0001560546875 0.0007772763466042154
2 0.625 0.5081967213114754 0.20625 0.17096018735362997
2 0.33125 0.7810304449648712 0.1453125 0.40749414519906324
2 0.33203125 0.6697892271662763 0.1703125 0.2997658079625293
2 0.3625 0.4332552693208431 0.0171875 0.02810304449648712
2 0.2375 0.6370023419203747 0.0875 0.20140515222482436
2 0.29296875 0.4238875878220141 0.0375 0.02810304449648712
2 0.346875 0.4426229508196721 0.0359375 0.0468384074941452
2 0.5453125 0.47892271662763464 0.0546875 0.08899297423887588
