1 0.5091145634651184 0.945268988609314 0.08906249701976776 0.1076066792011261
1 0.87890625 0.8845083713531494 0.03177083283662796 0.01762523129582405
1 0.9010416865348816 0.7727272510528564 0.02187499962747097 0.059369202703237534
1 0.6013020873069763 0.8209647536277771 0.013020833022892475 0.012987012974917889
1 0.565625011920929 0.8446196913719177 0.01145833358168602 0.015769943594932556
1 0.41458332538604736 0.8566790223121643 0.02708333358168602 0.015769943594932556
1 0.31302082538604736 0.8469387888908386 0.0572916679084301 0.08719851821660995
1 0.32864582538604736 0.7922077775001526 0.0520833320915699 0.072356216609478
1 0.3583333194255829 0.7342300415039062 0.01145833358168602 0.012059369124472141
1 0.4736979305744171 0.804267168045044 0.0598958320915699 0.07792207598686218
1 0.4507812559604645 0.7513914704322815 0.0390625 0.03339517489075661
1 0.5583333373069763 0.7643784880638123 0.05312500149011612 0.051948051899671555
1 0.5888020992279053 0.7087198495864868 0.04114583507180214 0.027829313650727272
1 0.5018228888511658 0.7008348703384399 0.03281249850988388 0.04916512221097946
1 0.44713541865348816 0.6966604590415955 0.015104166232049465 0.007421150337904692
1 0.4127604067325592 0.673933207988739 0.02968749962747097 0.04730983451008797
1 0.4375 0.646567702293396 0.02708333358168602 0.0371057502925396
1 0.47187501192092896 0.6205936670303345 0.03333333507180214 0.0352504625916481
1 0.50390625 0.6447124481201172 0.03072916716337204 0.024118738248944283
1 0.5122395753860474 0.6080704927444458 0.03281249850988388 0.023191094398498535
1 0.596875011920929 0.5992578864097595 0.02395833283662796 0.020408162847161293
1 0.5661458373069763 0.5909090638160706 0.02187499962747097 0.029684601351618767
1 0.5708333253860474 0.5742114782333374 0.03020833246409893 0.05751391500234604
1 0.6065104007720947 0.5565862655639648 0.0234375 0.040816325694322586
2 0.8174479007720947 0.9624304175376892 0.02968749962747097 0.04730983451008797
2 0.7841145992279053 0.8863636255264282 0.0234375 0.05287569388747215
2 0.8575521111488342 0.7935992479324341 0.02552083320915699 0.03803339600563049
2 0.9609375 0.7935992479324341 0.02812499925494194 0.06586270779371262
2 0.7528645992279053 0.8603895902633667 0.01406249962747097 0.04174397140741348
2 0.6997395753860474 0.8947124481201172 0.01927083358168602 0.03988868370652199
2 0.7263020873069763 0.869202196598053 0.01614583283662796 0.048237476497888565
2 0.7341145873069763 0.8251391649246216 0.01822916604578495 0.04545454680919647
2 0.7307291626930237 0.7945268750190735 0.02395833283662796 0.04359925910830498
2 0.7127603888511658 0.8330241441726685 0.01822916604578495 0.07792207598686218
2 0.6872395873069763 0.8237476944923401 0.02239583246409893 0.05009276419878006
2 0.6466146111488342 0.8464749455451965 0.01927083358168602 0.03803339600563049
2 0.6265624761581421 0.8650278449058533 0.01770833320915699 0.05473098158836365
2 0.6627604365348816 0.7852504849433899 0.01718750037252903 0.04359925910830498
2 0.4752604067325592 0.8441558480262756 0.02239583246409893 0.0742115005850792
2 0.6166666746139526 0.744434118270874 0.01666666753590107 0.05287569388747215
2 0.5986979007720947 0.7430426478385925 0.01718750037252903 0.048237476497888565
2 0.5854166746139526 0.7333024144172668 0.015625 0.02504638209939003
2 0.5606771111488342 0.7258812785148621 0.01614583283662796 0.02504638209939003
2 0.5434895753860474 0.7244898080825806 0.01718750037252903 0.025974025949835777
2 0.5294271111488342 0.7370129823684692 0.01614583283662796 0.04730983451008797
2 0.5161458253860474 0.7360853552818298 0.014583333395421505 0.04174397140741348
2 0.5059896111488342 0.7704081535339355 0.01614583283662796 0.036178108304739
2 0.40937501192092896 0.7384044528007507 0.01770833320915699 0.05751391500234604
2 0.4143229126930237 0.6762523055076599 0.03281249850988388 0.055658627301454544
2 0.5497395992279053 0.6855287551879883 0.010937499813735485 0.020408162847161293
2 0.5882812738418579 0.7073283791542053 0.04114583507180214 0.02875695750117302
2 0.5919271111488342 0.6785714030265808 0.01614583283662796 0.03246753290295601
2 0.6067708134651184 0.6665120720863342 0.01979166641831398 0.04916512221097946
2 0.61328125 0.6479591727256775 0.01406249962747097 0.062152132391929626
2 0.5872395634651184 0.6349721550941467 0.01197916641831398 0.034322820603847504
2 0.5591145753860474 0.625231921672821 0.03802083432674408 0.05009276419878006
2 0.5591145753860474 0.6512059569358826 0.0078125 0.03896103799343109
2 0.5494791865348816 0.6614100337028503 0.00937500037252903 0.03339517489075661
