2 0.5526785714285715 0.2790220048899756 0.054945054945054944 0.11794621026894866
2 0.5922802197802198 0.24594132029339855 0.03717032967032967 0.06904645476772615
2 0.18837912087912087 0.1999755501222494 0.03728021978021978 0.0541320293398533
2 0.21928571428571428 0.2078239608801956 0.034340659340659344 0.06635696821515892
2 0.25706043956043956 0.19733496332518335 0.04710164835164835 0.0523960880195599
2 0.15550824175824174 0.1728850855745721 0.030412087912087913 0.045403422982885085
2 0.13392857142857142 0.17464547677261616 0.01864010989010989 0.04190709046454768
1 0.5759478021978022 0.1728850855745721 0.06278846153846154 0.1047921760391198
2 0.28895604395604396 0.17987775061124692 0.034340659340659344 0.0523960880195599
2 0.25902472527472525 0.16242053789731054 0.033365384615384616 0.045403422982885085
2 0.20163461538461538 0.15980440097799511 0.03237637362637363 0.043667481662591684
