2 0.027 0.17866666666666667 0.054 0.08533333333333333
2 0.082 0.17866666666666667 0.108 0.09066666666666667
2 0.189 0.176 0.146 0.11733333333333333
2 0.281 0.14 0.11 0.12533333333333332
2 0.37 0.12933333333333333 0.088 0.072
2 0.434 0.124 0.044 0.06133333333333333
2 0.475 0.11733333333333333 0.066 0.08533333333333333
2 0.638 0.14133333333333334 0.116 0.09066666666666667
2 0.763 0.14933333333333335 0.174 0.10133333333333333
2 0.914 0.14133333333333334 0.168 0.13333333333333333
2 0.468 0.612 0.62 0.68
