1 0.3271077345151419 0.24015009380863037 0.4315711723119131 0.18011257035647282 0.44528859343674154 0.28517823639774853 0.34399071436108475 0.3452157598499062
2 0.27065843621399177 0.3011219512195122 0.06015089163237312 0.07317073170731707
2 0.2258161865569273 0.2073170731707317 0.03165980795610425 0.058170731707317076
2 0.2632647462277092 0.1801219512195122 0.03481481481481481 0.04878048780487805
2 0.2015363511659808 0.1885609756097561 0.027434842249657063 0.04314634146341464
2 0.5592455418381345 0.22419512195121952 0.03587105624142661 0.07692682926829268
2 0.5713854595336078 0.17260975609756096 0.04537722908093278 0.07129268292682928
1 0.5961865569272977 0.11819512195121952 0.05275720164609054 0.06753658536585366
2 0.9475582990397805 0.8292682926829268 0.06330589849108367 0.10507317073170731
2 0.17569272976680386 0.1801219512195122 0.02637860082304527 0.04878048780487805
2 0.11237311385459534 0.17165853658536584 0.022153635116598076 0.046902439024390244
2 0.14508916323731139 0.17824390243902438 0.022153635116598076 0.04126829268292683
