1 0.5619944979367263 0.7482682926829268 0.06287482806052269 0.1132439024390244
1 0.7459009628610729 0.3192926829268293 0.07378266850068776 0.11973170731707318
1 0.446423658872077 0.23502439024390243 0.07752407152682256 0.12417073170731706
2 0.2369601100412655 0.3237317073170731 0.07378266850068776 0.07982926829268291
2 0.5101925722145805 0.18721951219512195 0.05001375515818432 0.09534146341463415
1 0.5714580467675379 0.11307317073170732 0.04001375515818432 0.06651219512195122
2 0.23154057771664377 0.21139024390243902 0.03759284731774415 0.06178048780487804
2 0.271898211829436 0.17724390243902438 0.04126547455295736 0.05853658536585366
2 0.3012379642365887 0.15773170731707317 0.044938101788170565 0.055292682926829276
2 0.19440165061898212 0.1894390243902439 0.02933975240715268 0.040658536585365855
2 0.1682668500687758 0.18373170731707317 0.024759284731774415 0.042268292682926825
2 0.12837689133425034 0.17804878048780487 0.018335625859697387 0.040658536585365855
2 0.20540577716643743 0.15853658536585366 0.02933975240715268 0.03739024390243902
2 0.09858321870701513 0.17317073170731706 0.01925722145804677 0.03739024390243902
2 0.5451581843191197 0.15609756097560976 0.028431911966987623 0.055292682926829276
