1 0.041666666666666664 0.9313472222222222 0.08333333333333333 0.13306481481481483
1 0.7312552083333334 0.4485 0.03646875 0.05625925925925926
1 0.7686536458333334 0.3444861111111111 0.017515625 0.03712037037037037
1 0.7815937500000001 0.3368657407407407 0.017354166666666667 0.032990740740740744
1 0.8630546875 0.3845092592592592 0.015692708333333333 0.03568518518518519
1 0.8464739583333334 0.2836018518518519 0.01065625 0.015351851851851851
1 0.8945338541666668 0.27555092592592595 0.007817708333333333 0.014064814814814815
1 0.8165052083333334 0.32000462962962967 0.021552083333333336 0.04186111111111111
1 0.825796875 0.2989953703703704 0.012010416666666666 0.01836111111111111
1 0.7965416666666666 0.3191805555555555 0.025374999999999998 0.05132407407407407
1 0.8559401041666667 0.2966944444444444 0.009796875 0.019314814814814816
1 0.8661276041666667 0.2861944444444444 0.010380208333333333 0.018685185185185187
1 0.8901249999999999 0.2547037037037037 0.008374999999999999 0.013111111111111112
1 0.5870338541666666 0.5910138888888888 0.071984375 0.09128703703703704
1 0.79440625 0.39031018518518523 0.023187500000000003 0.04173148148148148
1 0.8272265625 0.3501944444444444 0.020078125 0.03001851851851852
1 0.755859375 0.3504774305555556 0.0252685546875 0.03805881076388889
1 0.849609375 0.3107638888888889 0.010009765625 0.018147786458333332
1 0.880859375 0.3120659722222222 0.007755279541015625 0.014892578125
