2 0.4771643835616438 0.6650602409638554 0.13972602739726028 0.1799277108433735
2 0.4643835616438356 0.514867469879518 0.12146575342465754 0.13655421686746988
2 0.49726027397260275 0.3855421686746988 0.07763013698630138 0.11245783132530121
2 0.42373972602739723 0.2345301204819277 0.0620958904109589 0.08031325301204818
2 0.5894931506849315 0.23934939759036145 0.07215068493150685 0.07067469879518072
2 0.8305890410958905 0.37269879518072285 0.0958904109589041 0.11886746987951807
2 0.7406438356164383 0.6393493975903614 0.11324657534246575 0.1477831325301205
1 0.6653013698630137 0.829710843373494 0.1799041095890411 0.2457831325301205
1 0.8305890410958905 0.8240963855421687 0.15798630136986302 0.24096385542168675
2 0.25845205479452055 0.6594457831325301 0.11324657534246575 0.13332530120481928
2 0.2808219178082192 0.28113253012048195 0.030136986301369864 0.06746987951807229
2 0.16894520547945205 0.3044096385542169 0.043835616438356165 0.07549397590361445
2 0.20776712328767122 0.24498795180722893 0.0410958904109589 0.06585542168674699
2 0.42510958904109586 0.1710843373493976 0.0684931506849315 0.06585542168674699
1 0.36483561643835616 0.15903614457831325 0.06667123287671232 0.06426506024096386
2 0.48447945205479453 0.14457831325301204 0.019178082191780823 0.05783132530120482
2 0.5031917808219177 0.13734939759036144 0.01643835616438356 0.05301204819277108
2 0.06256164383561644 0.7526024096385542 0.10867123287671232 0.1783132530120482
1 0.20776712328767122 0.8289156626506025 0.07215068493150685 0.07710843373493977
1 0.18767123287671234 0.908433734939759 0.07763013698630138 0.08836144578313253
2 0.13606849315068492 0.2200722891566265 0.03287671232876712 0.05462650602409639
1 0.29132876712328765 0.17428915662650601 0.07305479452054794 0.07549397590361445
2 0.1557123287671233 0.1670602409638554 0.021 0.03855421686746988
