2 0.22468406593406592 0.28691011235955055 0.0392445054945055 0.08025280898876405
2 0.2717857142857143 0.23073033707865168 0.045137362637362635 0.08426966292134831
2 0.4537912087912088 0.193623595505618 0.04414835164835165 0.0702247191011236
2 0.48469780219780223 0.25179775280898875 0.06278846153846154 0.0822752808988764
2 0.6068543956043956 0.3471067415730337 0.08144230769230769 0.10834269662921349
2 0.6323626373626374 0.31702247191011235 0.05788461538461539 0.10834269662921349
2 0.17416208791208793 0.19561797752808988 0.022568681318681318 0.0501685393258427
2 0.15796703296703296 0.18457865168539325 0.023543956043956045 0.04014044943820225
1 0.3983516483516483 0.18258426966292135 0.06671703296703296 0.08828651685393259
2 0.32623626373626374 0.1906179775280899 0.036304945054945054 0.06019662921348314
2 0.07407967032967033 0.2638483146067416 0.02453296703296703 0.046151685393258424
2 0.036799450549450545 0.25179775280898875 0.020604395604395604 0.046151685393258424
2 0.12951923076923078 0.7182865168539326 0.10008241758241758 0.17657303370786517
2 0.2928708791208791 0.21570224719101125 0.034340659340659344 0.05817415730337079
2 0.6146978021978022 0.13643258426966293 0.030412087912087913 0.0722191011235955
2 0.20457417582417584 0.1916011235955056 0.014711538461538463 0.03811797752808989
1 0.6564010989010989 0.905308988764045 0.17464285714285716 0.18941011235955058
2 0.901195054945055 0.4715168539325843 0.08535714285714285 0.13643258426966293
2 0.09369505494505494 0.19862359550561795 0.016675824175824177 0.04412921348314607
2 0.11479395604395604 0.2066573033707865 0.01570054945054945 0.04014044943820225
2 0.12559065934065936 0.19261235955056177 0.01570054945054945 0.04412921348314607
