2 0.48306318681318683 0.2249268292682927 0.06868131868131869 0.08129268292682926
2 0.13813186813186815 0.2818536585365854 0.04425824175824176 0.07046341463414635
2 0.35714285714285715 0.18834146341463415 0.04273351648351648 0.06775609756097561
1 0.4242994505494505 0.15582926829268293 0.08851648351648352 0.08399999999999999
2 0.5799725274725275 0.1178780487804878 0.03968406593406593 0.05148780487804878
2 0.6089697802197802 0.12331707317073172 0.03357142857142857 0.05690243902439024
2 0.9355906593406593 0.5867317073170731 0.09462912087912088 0.1436341463414634
2 0.05951923076923077 0.21680487804878049 0.024423076923076926 0.04336585365853659
2 0.9691758241758242 0.41192682926829266 0.054945054945054944 0.10297560975609756
1 0.07173076923076922 0.2831951219512195 0.04884615384615385 0.10568292682926829
2 0.6181318681318682 0.0758780487804878 0.024423076923076926 0.04878048780487805
2 0.6456043956043956 0.08129268292682926 0.024423076923076926 0.04878048780487805
