1 0.2505234159779614 0.3290782122905028 0.06198347107438017 0.09603351955307263
1 0.41020661157024796 0.28368715083798884 0.11450413223140496 0.1658659217877095
2 0.43303030303030304 0.35527932960893854 0.06714876033057851 0.12396648044692739
2 0.27979338842975204 0.21212290502793296 0.03443526170798898 0.05762569832402235
1 0.5625895316804408 0.32122905027932963 0.07490358126721763 0.13268156424581007
2 0.5148071625344353 0.20776536312849161 0.039600550964187325 0.07332402234636871
2 0.6275895316804407 0.30377094972067037 0.06542699724517906 0.10125698324022346
1 0.5608677685950413 0.14402234636871508 0.0628512396694215 0.10301675977653632
2 0.6064876033057851 0.10212290502793296 0.026694214876033056 0.0541340782122905
2 0.23158402203856748 0.24617318435754187 0.04132231404958678 0.06284916201117319
2 0.19670798898071626 0.2400558659217877 0.037024793388429754 0.0541340782122905
2 0.16658402203856748 0.22871508379888267 0.026680440771349862 0.052374301675977654
1 0.2939944903581267 0.17807262569832402 0.059407713498622595 0.08729050279329609
2 0.19887052341597797 0.19379888268156423 0.027548209366391185 0.055865921787709494
2 0.23071625344352617 0.19729050279329607 0.03615702479338843 0.052374301675977654
2 0.11794765840220385 0.20078212290502792 0.025826446280991736 0.052374301675977654
2 0.14988980716253442 0.19634078212290504 0.02268595041322314 0.04435754189944134
2 0.06765840220385674 0.19553072625698323 0.017011019283746556 0.0394413407821229
