1 0.5770833333333333 0.5893518518518519 0.07291666666666667 0.11203703703703703
1 0.7565104166666666 0.5037037037037037 0.05572916666666667 0.07407407407407407
1 0.77578125 0.3384259259259259 0.028645833333333332 0.03796296296296296
1 0.75234375 0.3523148148148148 0.030729166666666665 0.04351851851851852
1 0.7963205729166667 0.3181597222222222 0.024932812500000002 0.05113425925925926
1 0.8178966145833333 0.3084925925925926 0.021209895833333332 0.02994814814814815
1 0.87561953125 0.34474907407407407 0.019989062499999998 0.03209074074074074
1 0.8863697916666666 0.3166421296296296 0.021697916666666664 0.03328425925925926
1 0.8254393229166667 0.2991972222222222 0.012336979166666668 0.020616666666666665
1 0.8679401041666667 0.28603472222222226 0.007755208333333334 0.012810185185185187
