2 0.44446624803767676 0.8397212543554009 0.49646781789638944 0.7682926829268295 0.6446232339089484 0.9442508710801394 0.5945839874411304 0.9965156794425089 0.5406200941915228 0.9982578397212545
2 0.6092994505494506 0.7700243902439023 0.12559065934065936 0.17770731707317072
2 0.3610714285714286 0.676829268292683 0.09222527472527473 0.1864146341463415
2 0.48813186813186815 0.654170731707317 0.12656593406593405 0.16202439024390244
2 0.30513736263736263 0.5278780487804878 0.11578296703296705 0.14285365853658535
2 0.6828846153846153 0.3031463414634146 0.078489010989011 0.08709756097560976
2 0.2506868131868132 0.3188048780487805 0.05004120879120879 0.08014634146341464
2 0.47586538461538463 0.22039024390243903 0.07457417582417582 0.08885365853658536
2 0.8442857142857143 0.3763170731707317 0.07162087912087912 0.10104878048780487
2 0.9149313186813187 0.4573170731707317 0.08144230769230769 0.12021951219512195
2 0.340467032967033 0.223 0.04710164835164835 0.0696829268292683
2 0.3733379120879121 0.1916341463414634 0.05004120879120879 0.07665853658536585
2 0.12803571428571428 0.6123658536585366 0.09517857142857143 0.14460975609756097
2 0.11626373626373626 0.24390243902439024 0.01864010989010989 0.03485365853658536
2 0.233021978021978 0.18465853658536585 0.04023351648351648 0.05226829268292683
2 0.26001373626373625 0.16375609756097562 0.03728021978021978 0.05226829268292683
2 0.4459340659340659 0.17509756097560977 0.05004120879120879 0.05748780487804878
2 0.15256868131868132 0.17073170731707318 0.0284478021978022 0.04878048780487805
2 0.5867307692307692 0.11585365853658537 0.0314010989010989 0.05051219512195122
2 0.23940934065934064 0.42334146341463413 0.04120879120879121 0.0696829268292683
