1 0.24486301369863014 0.8922682926829268 0.06506849315068493 0.0975609756097561
2 0.18835616438356165 0.6300731707317073 0.03880821917808219 0.08129268292682926
2 0.3886986301369863 0.20629268292682926 0.05136986301369863 0.058951219512195126
1 0.17523287671232876 0.25914634146341464 0.05593150684931507 0.07114634146341464
2 0.6021643835616438 0.12195121951219512 0.030821917808219176 0.04878048780487805
2 0.8367534246575343 0.3780487804878049 0.0799041095890411 0.10163414634146342
2 0.9081095890410958 0.4420731707317073 0.0879041095890411 0.1321219512195122
2 0.8915479452054795 0.3546829268292683 0.07305479452054794 0.11585365853658537
2 0.6352739726027398 0.10365853658536585 0.026260273972602742 0.06097560975609756
2 0.6495479452054794 0.04470731707317073 0.01826027397260274 0.04878048780487805
