2 0.5378296703296703 0.2835523114355231 0.042266483516483516 0.0954501216545012
2 0.4654532967032967 0.2245985401459854 0.06445054945054945 0.10107055961070559
2 0.5283241758241758 0.1693917274939173 0.0401510989010989 0.072992700729927
2 0.5468131868131868 0.12445255474452555 0.02853021978021978 0.050535279805352794
1 0.6022802197802197 0.1132360097323601 0.061291208791208786 0.10669099756690997
2 0.21925824175824177 0.21148418491484186 0.043324175824175824 0.06362530413625304
2 0.28846153846153844 0.18552311435523114 0.04120879120879121 0.06284671532846715
2 0.3033379120879121 0.15917274939172749 0.04120879120879121 0.05474452554744526
2 0.2850274725274725 0.26357664233576644 0.02976648351648352 0.06489051094890512
2 0.24096153846153845 0.19160583941605838 0.02861263736263736 0.04664233576642336
