2 0.2851780821917808 0.34256097560975607 0.07472602739726027 0.09090243902439026
2 0.14197260273972603 0.6696341463414635 0.09464383561643835 0.13304878048780486
1 0.45703611457036114 0.13082039911308202 0.5292652552926524 0.07317073170731707 0.5579078455790785 0.09534368070953438 0.5554171855541719 0.13303769401330376 0.5280199252801993 0.16629711751662968 0.5217932752179327 0.22616407982261644 0.4831880448318804 0.2616407982261641 0.4470734744707346 0.24168514412416853
2 0.23972602739726026 0.21285365853658536 0.046082191780821916 0.07095121951219512
2 0.1830684931506849 0.17517073170731706 0.03486301369863014 0.06651219512195122
2 0.021794520547945204 0.7372439024390244 0.0410958904109589 0.11307317073170732
2 0.14882191780821918 0.16185365853658537 0.038602739726027395 0.06651219512195122
2 0.0716027397260274 0.29490243902439023 0.05105479452054795 0.0975609756097561
2 0.12453424657534246 0.3337073170731707 0.03984931506849315 0.07317073170731707
1 0.20361643835616436 0.1485609756097561 0.05105479452054795 0.08426829268292682
