2 0.35861454046639235 0.37635696821515896 0.07838134430727023 0.09606356968215159
2 0.24743484224965706 0.19466992665036675 0.03481481481481481 0.05078239608801956
2 0.2717146776406036 0.1852567237163814 0.03481481481481481 0.043251833740831296
1 0.09496570644718794 0.2915158924205379 0.0400960219478738 0.08650366748166259
2 0.13348422496570644 0.16926650366748167 0.02849108367626886 0.0488997555012225
2 0.06067215363511659 0.2398044009779951 0.022153635116598076 0.03948655256723716
2 0.1424554183813443 0.22193154034229828 0.023209876543209877 0.041369193154034235
2 0.5539780521262003 0.0949877750611247 0.021097393689986282 0.05078239608801956
2 0.06858710562414266 0.20689486552567238 0.023209876543209877 0.0376039119804401
2 0.1007681755829904 0.21535452322738385 0.02849108367626886 0.04701711491442543
