1 0.7565706447187928 0.4873058252427185 0.03165980795610425 0.08216019417475728
2 0.6088477366255144 0.3006067961165048 0.06330589849108367 0.085873786407767
2 0.5117695473251028 0.18764563106796117 0.05486968449931413 0.08774271844660193
2 0.25534979423868315 0.2959223300970874 0.06541838134430726 0.08402912621359222
2 0.6346913580246913 0.25393203883495147 0.05592592592592593 0.08216019417475728
2 0.24954732510288063 0.19325242718446603 0.04537722908093278 0.061601941747572816
2 0.2801508916323731 0.16898058252427187 0.036927297668038414 0.0541504854368932
2 0.31181069958847735 0.16242718446601942 0.036927297668038414 0.05228155339805825
2 0.19573388203017833 0.16990291262135923 0.024266117969821675 0.04106796116504855
2 0.17304526748971194 0.1708252427184466 0.025322359396433472 0.0504126213592233
2 0.15617283950617283 0.1661650485436893 0.016886145404663922 0.04106796116504855
