2 0.31699175824175824 0.689683698296837 0.11623626373626374 0.1478588807785888
2 0.1437087912087912 0.6887591240875912 0.10565934065934066 0.13474452554744526
1 0.5140521978021978 0.8862043795620438 0.12785714285714286 0.19277372262773723
1 0.47178571428571425 0.36496350364963503 0.07079670329670329 0.09732360097323602
2 0.29585164835164834 0.28635036496350363 0.05706043956043956 0.06362530413625304
2 0.7311950549450549 0.5343552311435523 0.1183379120879121 0.13661800486618003
2 0.5959478021978022 0.29759124087591243 0.08453296703296703 0.09357664233576643
1 0.801456043956044 0.9105352798053529 0.2123901098901099 0.17781021897810217
1 0.19917582417582416 0.291970802919708 0.05600274725274726 0.08982968369829684
2 0.4253021978021978 0.21243309002433092 0.06233516483516484 0.072992700729927
2 0.3101236263736264 0.20868613138686132 0.04543956043956044 0.05428223844282238
2 0.5489285714285714 0.24143552311435523 0.07502747252747252 0.06737226277372263
2 0.21554945054945054 0.19184914841849146 0.03381868131868132 0.046788321167883215
2 0.1849175824175824 0.17311435523114357 0.0317032967032967 0.046788321167883215
1 0.14211538461538462 0.22364963503649635 0.04755494505494505 0.06549878345498784
2 0.45171703296703297 0.1637712895377129 0.049656593406593404 0.05802919708029197
1 0.3872527472527473 0.16282238442822386 0.06656593406593407 0.06737226277372263
2 0.9340659340659341 0.46498783454987835 0.08241758241758242 0.1243552311435523
2 0.2488324175824176 0.17406326034063263 0.03697802197802198 0.05615571776155717
2 0.294271978021978 0.15815085158150852 0.03276098901098901 0.050535279805352794
1 0.330728021978022 0.15535279805352797 0.04649725274725275 0.06737226277372263
2 0.6154945054945055 0.1151094890510949 0.026414835164835164 0.05802919708029197
1 0.08770076077768385 0.518435335953584 0.20710059171597633 0.4585438892008235 0.22823330515638213 0.5652255287291784 0.20393068469991546 0.6363466217480817 0.08347421808960274 0.6850084222346996 0.06973795435333902 0.5951712521055587
2 0.13736263736263737 0.16469586374695863 0.027472527472527472 0.04491484184914842
1 0.07131868131868133 0.28447688564476886 0.049656593406593404 0.09732360097323602
2 0.5906593406593407 0.10856447688564476 0.02958791208791209 0.04491484184914842
2 0.9749587912087911 0.42486618004866183 0.050082417582417584 0.07111922141119222
