1 0.6122395833333333 0.5689814814814815 0.06510416666666667 0.09166666666666666
1 0.7768229166666667 0.3375 0.025520833333333333 0.03425925925925926
1 0.7484375 0.4296018518518519 0.036458333333333336 0.05365740740740741
1 0.7541666666666667 0.3527777777777778 0.025 0.037037037037037035
1 0.796921875 0.3174444444444444 0.028213541666666668 0.049694444444444444
1 0.828 0.32952777777777775 0.014333333333333333 0.02387037037037037
1 0.80403125 0.361962962962963 0.018479166666666665 0.02762962962962963
1 0.8235416666666667 0.29971296296296296 0.015838541666666667 0.02350925925925926
1 0.8657968749999999 0.28755555555555556 0.008677083333333334 0.015851851851851853
1 0.838703125 0.2901111111111111 0.010734374999999999 0.017268518518518516
1 0.8504427083333332 0.4201851851851852 0.019895833333333335 0.04066666666666667
