1 0.30703125 0.33645833333333336 0.0359375 0.052083333333333336
1 0.5453125 0.38645833333333335 0.046875 0.07708333333333334
1 0.48671875 0.4010416666666667 0.0359375 0.05625
1 0.5625 0.42916666666666664 0.0375 0.05
1 0.49609375 0.4510416666666667 0.0421875 0.06041666666666667
1 0.63515625 0.4895833333333333 0.1171875 0.18333333333333332
1 0.7484375 0.521875 0.090625 0.09375
1 0.52890625 0.5385416666666667 0.0578125 0.07708333333333334
1 0.859375 0.6520833333333333 0.10625 0.1375
1 0.76328125 0.7302083333333333 0.1328125 0.16458333333333333
1 0.65546875 0.8895833333333333 0.1421875 0.22083333333333333
