1 0.42758785942492017 0.2592749244712991 0.18175718849840256 0.15154078549848943
1 0.251517571884984 0.09564954682779456 0.1777635782747604 0.14063444108761328
1 0.9107827476038338 0.2690332326283988 0.1406549520766773 0.13589123867069486
1 0.2308785942492013 0.2557401812688822 0.18343450479233225 0.16347432024169184
1 0.4317731629392972 0.09640483383685801 0.17485623003194886 0.1407250755287009
1 0.910079872204473 0.10510574018126888 0.1787220447284345 0.16531722054380665
1 0.19595846645367412 0.4419939577039275 0.17777955271565496 0.18356495468277945
1 0.38595846645367415 0.4484290030211481 0.19814696485623004 0.16758308157099697
1 0.9607987220447285 0.9221450151057402 0.07838658146964857 0.14848942598187312
1 0.6289297124600639 0.3970996978851964 0.09771565495207668 0.3183987915407855
1 0.8851916932907348 0.4416616314199396 0.19492012779552714 0.18842900302114804
