1 0.31423600605143726 0.3559259259259259 0.14034795763993949 0.2776296296296296
1 0.01925869894099849 0.2497037037037037 0.03688350983358547 0.28800000000000003
1 0.3196217851739788 0.9108888888888889 0.14751891074130108 0.17096296296296296
1 0.3139788199697428 0.6488148148148148 0.14178517397881996 0.3502222222222222
1 0.03284417549167928 0.049185185185185186 0.0656732223903177 0.09837037037037037
1 0.4593645990922844 0.6568148148148149 0.13959152798789712 0.2765925925925926
1 0.3675794251134644 0.09992592592592593 0.1548411497730711 0.19162962962962965
1 0.4878063540090771 0.33999999999999997 0.13443267776096823 0.34881481481481486
1 0.49193645990922846 0.8827407407407407 0.16692889561270802 0.2345925925925926
1 0.5252193645990924 0.11496296296296296 0.1628895612708018 0.22992592592592592
1 0.89285930408472 0.106 0.15990922844175492 0.21207407407407405
1 0.9007110438729198 0.36814814814814817 0.14258698940998488 0.3296296296296296
1 0.8956732223903177 0.8802222222222222 0.1534341906202723 0.23948148148148146
