1 0.4499374021909233 0.34962466487935656 0.1841471048513302 0.13179624664879355
1 0.790829420970266 0.5273190348525469 0.19663536776212834 0.149544235924933
1 0.6740062597809077 0.06010723860589813 0.18 0.11906166219839141
1 0.7159937402190923 0.2040750670241287 0.18790297339593112 0.14340482573726543
1 0.4362910798122066 0.21753351206434315 0.17801251956181532 0.12632707774798926
1 0.5110798122065727 0.6666219839142091 0.1916431924882629 0.1487131367292225
1 0.49713615023474184 0.485201072386059 0.19284820031298905 0.14018766756032172
1 0.4082785602503912 0.06924932975871313 0.1637245696400626 0.12184986595174263
1 0.540923317683881 0.863083109919571 0.21165884194053208 0.16428954423592493
1 0.747151799687011 0.36412868632707773 0.18406885758998437 0.1372386058981233
1 0.0444131455399061 0.45501340482573727 0.08884194053208139 0.13796246648793567
1 0.03081377151799687 0.28619302949061665 0.06162754303599374 0.13613941018766756
1 0.022065727699530517 0.13420911528150134 0.04381846635367762 0.125201072386059
1 0.015086071987480439 0.02812332439678284 0.030172143974960878 0.05621983914209115
