1 0.8464220183486239 0.22779840848806365 0.30509174311926607 0.10148541114058354
1 0.07252293577981651 0.21846153846153846 0.145 0.08724137931034483
1 0.5230733944954129 0.8962864721485411 0.5702293577981652 0.12811671087533155
1 0.9401834862385321 0.39204244031830243 0.11958715596330276 0.08846153846153847
1 0.7887155963302752 0.05305039787798409 0.42256880733944957 0.10297082228116711
1 0.8993577981651376 0.3027055702917772 0.20128440366972478 0.09673740053050398
1 0.6044036697247706 0.9743236074270557 0.5126605504587156 0.05132625994694961
1 0.18619266055045874 0.5195755968169761 0.3723853211009175 0.10923076923076923
1 0.17133027522935781 0.44389920424403184 0.34266055045871563 0.11076923076923076
1 0.15922018348623854 0.35965517241379313 0.31839449541284404 0.10143236074270558
1 0.09577981651376147 0.2824137931034483 0.19155963302752294 0.09360742705570292
1 0.040458715596330276 0.14042440318302388 0.08091743119266055 0.08424403183023874
1 0.4138532110091743 0.8022811671087533 0.46073394495412845 0.10503978779840849
