1 0.10810483870967741 0.03986062717770035 0.21092741935483872 0.07961672473867597
1 0.8996774193548387 0.7726480836236934 0.20068548387096777 0.2016376306620209
1 0.13891129032258065 0.17170731707317075 0.2778225806451613 0.15177700348432058
1 0.1839516129032258 0.3748432055749129 0.3679032258064516 0.17024390243902437
1 0.2102016129032258 0.5537979094076655 0.4204032258064516 0.17588850174216028
1 0.2870564516129032 0.7232752613240419 0.47766129032258065 0.17853658536585368
1 0.859758064516129 0.5710452961672473 0.27983870967741936 0.17456445993031358
1 0.8075403225806452 0.36045296167247387 0.38491935483870965 0.16999999999999998
1 0.750241935483871 0.1756445993031359 0.4718145161290323 0.1649128919860627
1 0.32620967741935486 0.9257839721254355 0.4868548387096774 0.14846689895470383
1 0.708266129032258 0.04773519163763066 0.4522983870967742 0.09543554006968641
