1 0.4319335347432024 0.23752136752136754 0.14948640483383685 0.12071225071225071
1 0.05558912386706948 0.05792022792022791 0.11119335347432024 0.11584045584045582
1 0.556797583081571 0.6681481481481482 0.16575528700906345 0.13396011396011398
1 0.5160271903323264 0.8496866096866097 0.18158610271903322 0.1513105413105413
1 0.5679456193353475 0.1150997150997151 0.14154078549848942 0.10954415954415955
1 0.37657099697885194 0.6644729344729344 0.16858006042296073 0.15188034188034188
1 0.5994864048338369 0.22538461538461538 0.15410876132930512 0.14170940170940172
1 0.33684290030211483 0.8446153846153845 0.16539274924471298 0.15965811965811966
1 0.3929607250755287 0.5196296296296296 0.16196374622356496 0.12635327635327637
1 0.5669184290030211 0.36715099715099714 0.14545317220543807 0.13356125356125356
1 0.42371601208459214 0.11837606837606837 0.14283987915407856 0.12136752136752137
1 0.558202416918429 0.5143304843304843 0.16496978851963745 0.1373789173789174
1 0.418595166163142 0.37225071225071227 0.14900302114803626 0.11931623931623932
1 0.9531722054380665 0.8483475783475783 0.09367069486404833 0.16735042735042735
1 0.5971903323262839 0.029572649572649577 0.13641993957703927 0.05814814814814815
1 0.9666163141993958 0.22871794871794873 0.0666465256797583 0.13384615384615384
1 0.9660271903323263 0.5254985754985755 0.06768882175226587 0.1460968660968661
1 0.4200453172205438 0.025612535612535615 0.14569486404833837 0.050826210826210826
1 0.9743655589123866 0.6764102564102564 0.05125377643504532 0.1337037037037037
1 0.7647280966767371 0.8520227920227921 0.09939577039274924 0.29595441595441596
1 0.9734743202416919 0.11504273504273504 0.05303625377643505 0.12435897435897436
1 0.7550151057401813 0.358034188034188 0.07593655589123867 0.275982905982906
1 0.9718126888217523 0.029344729344729346 0.05637462235649547 0.05868945868945869
