1 0.19739583333333333 0.9231481481481482 0.121875 0.15
1 0.37213541666666666 0.7847222222222222 0.10885416666666667 0.15092592592592594
1 0.540625 0.6300925925925925 0.090625 0.11574074074074074
1 0.621875 0.5541666666666667 0.06458333333333334 0.08796296296296297
1 0.77421875 0.337037037037037 0.030729166666666665 0.03888888888888889
1 0.7520833333333333 0.35185185185185186 0.029166666666666667 0.040740740740740744
1 0.8244791666666667 0.4412037037037037 0.028125 0.04537037037037037
1 0.7943760416666666 0.31782037037037036 0.02833541666666667 0.05045555555555555
1 0.8426544270833334 0.426237037037037 0.019683854166666667 0.035807407407407406
1 0.85279296875 0.4014550925925926 0.017044270833333333 0.02883611111111111
1 0.87359375 0.37059444444444445 0.018020833333333333 0.024522222222222223
1 0.81819609375 0.30879074074074075 0.0207671875 0.030544444444444444
1 0.8567002604166666 0.37244907407407407 0.01652552083333333 0.030083333333333333
1 0.8249411458333333 0.29923796296296296 0.012382291666666666 0.020698148148148146
1 0.8757270833333333 0.3093824074074074 0.013954166666666667 0.020616666666666665
