1 0.7752604166666667 0.3384259259259259 0.027604166666666666 0.03425925925925926
1 0.753125 0.3537037037037037 0.027083333333333334 0.03888888888888889
1 0.815625 0.37592592592592594 0.01875 0.02962962962962963
1 0.7961875 0.3163796296296296 0.025713541666666666 0.04758333333333333
1 0.8231302083333334 0.34035185185185185 0.015015625 0.027
1 0.8437864583333333 0.3145925925925926 0.010489583333333333 0.018083333333333333
1 0.8525833333333334 0.2981851851851852 0.009338541666666667 0.01674074074074074
1 0.823796875 0.3005555555555556 0.015307291666666667 0.023333333333333334
1 0.866421875 0.28787037037037033 0.008880208333333334 0.016481481481481482
1 0.8390989583333333 0.29008333333333336 0.010489583333333333 0.017194444444444446
1 0.7098125 0.4603148148148148 0.04332291666666667 0.06769444444444445
1 0.8499010416666667 0.4219814814814815 0.021411458333333334 0.037333333333333336
