2 0.43751562499999996 0.8059074074074074 0.021885416666666668 0.034583333333333334
2 0.46165625 0.8031203703703704 0.015979166666666666 0.027787037037037037
2 0.4785052083333333 0.8006574074074074 0.016328125000000002 0.025324074074074075
1 0.5385989583333333 0.7663796296296297 0.09344270833333333 0.05558333333333333
1 0.5938333333333333 0.7886111111111112 0.03925520833333333 0.08522222222222223
2 0.5764635416666667 0.8225740740740741 0.030916666666666665 0.04323148148148148
1 0.5568385416666667 0.8111574074074074 0.01736979166666667 0.03890740740740741
1 0.624921875 0.8114629629629629 0.01876041666666667 0.03952777777777777
2 0.6567083333333333 0.7768796296296296 0.0149375 0.017287037037037038
2 0.6792864583333333 0.7734814814814815 0.029526041666666666 0.017907407407407407
1 0.48666666666666664 0.7506296296296295 0.012505208333333333 0.02037962962962963
2 0.7305260416666666 0.8565462962962963 0.0840625 0.08399074074074074
2 0.969125 0.8896574074074074 0.06174479166666667 0.0934074074074074
2 0.9731197916666667 0.8390925925925926 0.05375520833333333 0.04755555555555555
2 0.9266145833333332 0.8295277777777778 0.08927604166666667 0.06051851851851852
2 0.8642624464007999 0.8239656463221581 0.8833679265262196 0.8165550358492681 0.8958733316992217 0.8017338149034882 0.9222736315088923 0.8004987131580065 0.8986523106265555 0.8190252393402316 0.8823258094284696 0.831993807667789 0.8812836923307195 0.851137884722755 0.8614834674734664 0.8480501303590507
2 0.8587044885461325 0.8190252393402315 0.8760731068419686 0.8085268745036372 0.8864942778194701 0.7974109587943023 0.9212315144111423 0.7974109587943023 0.894136469869638 0.8011162640307473 0.8812836923307193 0.8177901375947499 0.8639150740348834 0.8214954428311949 0.8618308398393831 0.8455799268680875
1 0.24455208333333334 0.7986481481481481 0.043770833333333335 0.05558333333333333
1 0.21016145833333333 0.8045092592592593 0.01736979166666667 0.033962962962962966
2 0.6329114583333334 0.7761018518518519 0.023619791666666667 0.022851851851851852
