2 0.9348958333333334 0.9328703703703703 0.13020833333333334 0.13425925925925927
2 0.9296875 0.875 0.140625 0.09722222222222222
1 0.6675364583333334 0.8703703703703703 0.02372916666666667 0.051444444444444445
1 0.564234375 0.8719166666666667 0.026619791666666667 0.05452777777777778
1 0.635125 0.867287037037037 0.020255208333333333 0.04937962962962963
2 0.44415625 0.8585370370370371 0.028354166666666666 0.048351851851851854
2 0.477140625 0.8410462962962963 0.03530208333333333 0.03188888888888889
2 0.5095468750000001 0.8400185185185185 0.015625 0.023666666666666666
1 0.5538177083333333 0.8004074074074075 0.020833333333333332 0.04114814814814815
1 0.493921875 0.8055555555555556 0.020255208333333333 0.03086111111111111
1 0.516203125 0.8029814814814815 0.018520833333333334 0.03188888888888889
2 0.5634114583333333 0.8055185185185185 0.0133125 0.017175925925925928
1 0.599828125 0.8487685185185185 0.05613541666666667 0.11728703703703704
2 0.6918385416666666 0.8292222222222222 0.03530208333333333 0.028805555555555556
