2 0.4765520833333333 0.8252037037037038 0.02127604166666667 0.033962962962962966
2 0.48534375 0.8304907407407407 0.028895833333333332 0.0399537037037037
2 0.6484375 0.8865740740740741 0.1171875 0.1527777777777778
1 0.2623697916666667 0.8171296296296297 0.055989583333333336 0.041666666666666664
2 0.23111979166666666 0.8275462962962963 0.014322916666666666 0.034722222222222224
2 0.57421875 0.9027777777777778 0.109375 0.19444444444444445
2 0.45537500000000003 0.8247777777777777 0.022473958333333332 0.043759259259259255
1 0.6127447916666667 0.7859814814814815 0.04410416666666667 0.04755555555555555
1 0.5032708333333333 0.789212962962963 0.019781249999999997 0.04298148148148148
1 0.5299166666666667 0.7716296296296297 0.013734375 0.023444444444444445
2 0.6788958333333334 0.8387129629629629 0.01954166666666667 0.03010185185185185
1 0.9026822916666667 0.6435833333333334 0.19463541666666667 0.7128240740740741
1 0.556125 0.7988055555555555 0.029354166666666667 0.022481481481481484
