1 0.6384166666666666 0.7936111111111112 0.018692708333333332 0.035398148148148144
1 0.603875 0.7589351851851852 0.04144791666666667 0.061407407407407404
2 0.5868072916666667 0.8001111111111111 0.026010416666666664 0.04117592592592593
1 0.49821875000000004 0.7556759259259259 0.060145833333333336 0.06068518518518519
2 0.9002760416666666 0.7976296296296297 0.06042708333333333 0.03422222222222222
2 0.9032135416666667 0.8044259259259259 0.057 0.04003703703703704
2 0.9387552083333334 0.8131759259259259 0.08585416666666666 0.0500462962962963
1 0.2536875 0.7781481481481481 0.037296875 0.04253703703703703
2 0.223078125 0.7831574074074074 0.016890625 0.030027777777777778
2 0.7075833333333333 0.8200555555555555 0.044333333333333336 0.06130555555555555
2 0.9802864583333334 0.8300648148148149 0.039427083333333335 0.056296296296296296
2 0.6195260416666667 0.813787037037037 0.04438541666666666 0.05133333333333333
2 0.44742187499999997 0.787462962962963 0.021942708333333335 0.03323148148148148
2 0.47383333333333333 0.7885555555555556 0.018692708333333332 0.03250925925925926
2 0.508984375 0.7896388888888889 0.022348958333333332 0.036120370370370365
2 0.65325 0.7603796296296297 0.029666666666666668 0.018064814814814815
