1 0.5134322916666666 0.8411111111111111 0.019546875000000002 0.021249999999999998
2 0.5494010416666666 0.8415555555555555 0.030406250000000003 0.025703703703703704
2 0.5269635416666667 0.8356018518518519 0.012255208333333333 0.02024074074074074
2 0.58865625 0.8725462962962963 0.033963541666666666 0.05687037037037037
1 0.6181614583333332 0.8472592592592593 0.0440625 0.09581481481481482
1 0.6500781250000001 0.8690648148148148 0.0233125 0.039185185185185184
1 0.6824010416666667 0.8695555555555555 0.02363541666666667 0.03888888888888889
2 0.7236510416666667 0.8327314814814815 0.03794270833333333 0.02562962962962963
2 0.9570677083333333 0.8899537037037036 0.08586458333333334 0.058138888888888886
2 0.9376770833333333 0.8855925925925926 0.09153125000000001 0.05338888888888889
1 0.5349947916666667 0.8088518518518518 0.014614583333333332 0.0300462962962963
