2 0.8879270833333333 0.8674351851851853 0.062421874999999995 0.05603703703703704
1 0.5226875 0.8102222222222222 0.10447395833333334 0.19685185185185183
2 0.45637500000000003 0.8558148148148148 0.03440625 0.05226851851851852
2 0.42978645833333334 0.8497037037037036 0.022520833333333334 0.037814814814814815
1 0.23710416666666667 0.8446944444444444 0.047546875 0.047824074074074074
2 0.20238020833333334 0.8491481481481482 0.019395833333333334 0.03448148148148148
1 0.5893125 0.8174444444444445 0.038786458333333336 0.060055555555555556
2 0.6445989583333334 0.8597407407407407 0.018541666666666668 0.036259259259259255
1 0.621421875 0.8531481481481481 0.020395833333333332 0.038453703703703705
2 0.5957760416666668 0.8608425925925927 0.034609375000000005 0.034055555555555554
2 0.9826770833333334 0.9328055555555556 0.034645833333333334 0.09228703703703704
2 0.9703854166666667 0.881712962962963 0.059234375 0.06262962962962963
2 0.9194479166666666 0.8701759259259259 0.084671875 0.06152777777777778
2 0.874640625 0.8569907407407407 0.0445 0.043944444444444446
2 0.6291458333333334 0.9383888888888889 0.23979166666666665 0.12323148148148148
