1 0.5196458333333334 0.7707962962962963 0.007067708333333334 0.020555555555555556
1 0.6350833333333333 0.8178796296296296 0.020270833333333335 0.02021296296296296
2 0.6549999999999999 0.8413611111111111 0.02627604166666667 0.04337037037037037
2 0.896484375 0.8307962962962963 0.060057291666666665 0.037814814814814815
2 0.9099322916666667 0.8396944444444444 0.06944270833333334 0.05115740740740741
2 0.9362083333333333 0.8408055555555556 0.08945833333333333 0.05115740740740741
2 0.6330625 0.8886388888888889 0.08928645833333333 0.11710185185185185
1 0.24846875 0.8274907407407408 0.041713541666666666 0.04424074074074074
2 0.21699479166666666 0.8300925925925926 0.018296875 0.03122222222222222
2 0.44716666666666666 0.8463611111111111 0.04244791666666667 0.05854629629629629
2 0.5701197916666667 0.92025 0.17564583333333333 0.1595
2 0.9770364583333334 0.8606666666666667 0.04244791666666667 0.07676851851851851
1 0.5980729166666666 0.7940925925925926 0.04504166666666667 0.06227777777777778
1 0.4986041666666667 0.7996574074074074 0.047546875 0.09564814814814815
1 0.5666979166666667 0.782787037037037 0.006744791666666666 0.013703703703703704
2 0.5509583333333333 0.7805000000000001 0.0093125 0.013703703703703704
