2 0.5107604166666666 0.8546851851851851 0.020656249999999998 0.029277777777777778
2 0.46456770833333333 0.8569166666666667 0.027630208333333333 0.03672222222222222
2 0.5395208333333333 0.8412314814814814 0.03063541666666667 0.02560185185185185
2 0.49984895833333337 0.8415 0.027265625 0.02178703703703704
2 0.58134375 0.8643796296296296 0.03339583333333333 0.052287037037037035
2 0.5837916666666667 0.8101851851851852 0.010723958333333334 0.023416666666666665
1 0.621171875 0.8420462962962962 0.051166666666666666 0.0969537037037037
1 0.6864270833333334 0.8671018518518518 0.030333333333333334 0.04466666666666667
1 0.6557916666666667 0.8651944444444444 0.022364583333333334 0.046296296296296294
1 0.683515625 0.8134537037037036 0.10110416666666668 0.06045370370370371
2 0.9518229166666666 0.8877314814814815 0.09635416666666667 0.0763888888888889
1 0.5138906249999999 0.8065833333333333 0.018520833333333334 0.03292592592592593
