2 0.6632864583333333 0.8368518518518518 0.052744791666666666 0.06165740740740741
2 0.8421145833333333 0.8631851851851852 0.074421875 0.07835185185185185
2 0.7956927083333334 0.8464907407407408 0.047328125000000006 0.053953703703703705
2 0.9566354166666666 0.8265833333333333 0.08309375 0.04752777777777777
2 0.9880729166666666 0.8548425925925927 0.023854166666666666 0.039824074074074074
2 0.9159947916666666 0.8130925925925926 0.06177604166666666 0.030824074074074073
2 0.9163541666666667 0.8252962962962963 0.053828125 0.039824074074074074
2 0.5975364583333334 0.8204814814814815 0.03468229166666667 0.043027777777777776
2 0.5169739583333334 0.8018518518518518 0.020953125 0.026333333333333334
2 0.48662500000000003 0.8021759259259259 0.019510416666666665 0.02697222222222222
2 0.46115625 0.801212962962963 0.018427083333333334 0.03147222222222222
1 0.5308802083333333 0.7684537037037037 0.077671875 0.05201851851851852
1 0.6152395833333333 0.7873981481481481 0.040463541666666665 0.08606481481481482
1 0.6497395833333334 0.8031388888888888 0.019869791666666668 0.027620370370370368
2 0.6466666666666666 0.7755185185185185 0.021677083333333333 0.01990740740740741
2 0.6891197916666666 0.7748796296296296 0.03359895833333334 0.021194444444444446
1 0.58128125 0.799601851851852 0.010114583333333335 0.021833333333333333
2 0.7154895833333333 0.7719907407407407 0.016979166666666667 0.011564814814814814
2 0.23608854166666668 0.7963981481481481 0.015536458333333333 0.029546296296296296
1 0.2676979166666667 0.7931851851851852 0.039015625 0.04624074074074074
2 0.561953125 0.7999259259259259 0.011921875 0.03917592592592593
2 0.466578125 0.7848333333333334 0.022036458333333335 0.01412962962962963
