2 0.939453125 0.8773148148148148 0.12109375 0.08796296296296297
2 0.7083333333333334 0.90625 0.1171875 0.10416666666666667
2 0.4522552083333334 0.8575092592592592 0.03530208333333333 0.046296296296296294
1 0.5734947916666666 0.867287037037037 0.026619791666666667 0.059666666666666666
1 0.646703125 0.8652222222222222 0.021411458333333334 0.04937962962962963
1 0.6805572916666667 0.8641944444444445 0.027776041666666664 0.04321296296296297
2 0.5043385416666667 0.8395092592592592 0.01446875 0.024694444444444446
1 0.5040520833333333 0.8045277777777777 0.026619791666666667 0.037037037037037035
1 0.5286458333333334 0.8009259259259259 0.020255208333333333 0.029833333333333333
1 0.5627916666666667 0.7978425925925926 0.01678125 0.04012037037037037
1 0.611109375 0.8461944444444445 0.049770833333333334 0.09567592592592593
2 0.5193854166666667 0.835388888888889 0.01678125 0.02262962962962963
2 0.5735677083333334 0.804787037037037 0.009984375 0.020064814814814817
