1 0.3481302083333333 0.9080555555555556 0.03315625 0.18388888888888888
2 0.45231770833333335 0.8651481481481481 0.028239583333333332 0.03593518518518519
2 0.49594791666666665 0.8426944444444444 0.010291666666666668 0.018296296296296297
2 0.5106458333333334 0.8435833333333334 0.012578124999999999 0.020074074074074074
2 0.5836041666666667 0.8815740740740741 0.0404375 0.06244444444444444
1 0.6035 0.8538888888888889 0.04919791666666666 0.10410185185185186
1 0.6360104166666667 0.8732962962962962 0.02184375 0.04145370370370371
1 0.7510052083333334 0.8167592592592593 0.09346875 0.05837037037037037
2 0.9424270833333334 0.9006481481481482 0.09290104166666667 0.06573148148148147
2 0.9126927083333333 0.8943981481481482 0.07730729166666667 0.05387037037037037
1 0.49765625 0.815787037037037 0.01784375 0.029916666666666668
