1 0.15258333333333332 0.9409444444444445 0.305171875 0.11812037037037036
2 0.3822760416666667 0.9166018518518518 0.08505729166666667 0.12324074074074073
1 0.41592187500000005 0.8293611111111111 0.007875 0.020722222222222222
2 0.43896875 0.8333518518518518 0.024067708333333333 0.020814814814814814
2 0.43308854166666666 0.7998333333333334 0.008213541666666666 0.011601851851851851
1 0.44433854166666664 0.7957962962962963 0.009401041666666667 0.019101851851851852
1 0.45721875 0.8145 0.016484375 0.024314814814814817
2 0.6180312499999999 0.92325 0.14364583333333333 0.15350925925925926
2 0.8044375 0.8932685185185185 0.10171354166666666 0.09568518518518519
2 0.96490625 0.9091666666666667 0.0701875 0.12647222222222224
