1 0.146984375 0.9366851851851852 0.29396875 0.12349074074074075
2 0.36966145833333336 0.9041944444444444 0.08729166666666667 0.12412962962962963
2 0.44150520833333334 0.8598425925925925 0.04227604166666667 0.05694444444444444
1 0.404078125 0.8198425925925925 0.009552083333333333 0.02153703703703704
2 0.42381250000000004 0.8202592592592592 0.012661458333333332 0.017814814814814815
1 0.4349895833333333 0.7813055555555555 0.008708333333333334 0.021342592592592594
1 0.44461979166666665 0.8069907407407407 0.017140625 0.027111111111111114
2 0.5574375 0.8600925925925925 0.04563541666666667 0.06628703703703705
2 0.6147760416666667 0.8675833333333334 0.060515624999999997 0.07662037037037037
2 0.9475364583333333 0.9033981481481481 0.10492708333333334 0.1303888888888889
