1 0.5653177083333334 0.8476481481481482 0.019708333333333335 0.038592592592592595
2 0.7245416666666666 0.886361111111111 0.06769791666666666 0.07155555555555555
2 0.44460416666666663 0.8505833333333334 0.042083333333333334 0.06505555555555556
2 0.946875 0.9259259259259259 0.10416666666666667 0.09259259259259259
1 0.2520833333333333 0.8296296296296296 0.052083333333333336 0.05925925925925926
2 0.22135416666666666 0.8333333333333334 0.015625 0.03333333333333333
2 0.938171875 0.8751296296296296 0.09540625 0.05653703703703704
2 0.9073854166666667 0.8691111111111111 0.0663125 0.051722222222222225
2 0.8968958333333333 0.8637037037037036 0.05480729166666667 0.04812037037037037
2 0.69559375 0.8576851851851851 0.036536458333333334 0.043305555555555555
2 0.6668333333333333 0.8637037037037036 0.014208333333333333 0.03849074074074074
2 0.5186510416666666 0.8228055555555556 0.014208333333333333 0.021648148148148146
2 0.4986979166666667 0.8367129629629629 0.007604166666666666 0.027046296296296297
2 0.47778125 0.8257222222222222 0.015213541666666667 0.020287037037037037
1 0.49489583333333337 0.8075555555555555 0.023770833333333335 0.054935185185185184
1 0.6023333333333334 0.8117777777777778 0.04183333333333333 0.05324074074074074
1 0.6410833333333333 0.8164259259259259 0.03660416666666667 0.023666666666666666
2 0.5830833333333333 0.8476944444444444 0.03185416666666666 0.01690740740740741
1 0.5202239583333333 0.7909444444444444 0.013692708333333333 0.022564814814814815
