1 0.8192708333333333 0.8601851851851852 0.3614583333333333 0.2796296296296296
1 0.2598958333333333 0.8379629629629629 0.04479166666666667 0.04259259259259259
2 0.662546875 0.8844907407407407 0.06263020833333334 0.06755555555555555
1 0.7014479166666666 0.8553148148148149 0.03977083333333333 0.056074074074074075
2 0.6004270833333333 0.8703518518518518 0.011427083333333334 0.047129629629629625
2 0.5908229166666668 0.8658796296296296 0.022401041666666666 0.044694444444444446
2 0.6690416666666666 0.8373981481481482 0.0180625 0.023462962962962963
1 0.6092916666666667 0.8126944444444445 0.04168229166666667 0.04940740740740741
1 0.5009114583333333 0.8225740740740741 0.029177083333333336 0.08027777777777778
2 0.5201927083333333 0.8426481481481481 0.01215625 0.021611111111111112
2 0.45609895833333336 0.8478981481481481 0.02014583333333333 0.033351851851851855
1 0.521234375 0.8096111111111111 0.0149375 0.024703703703703703
