2 0.41795312500000004 0.8717962962962963 0.06174479166666667 0.10554629629629629
2 0.22916145833333335 0.8429444444444444 0.019791666666666666 0.03659259259259259
1 0.8279947916666667 0.8830555555555556 0.09973958333333334 0.10273148148148148
2 0.9843333333333334 0.8978333333333333 0.02928645833333333 0.047842592592592596
2 0.9716666666666666 0.8816481481481481 0.051453125 0.057694444444444444
2 0.9447500000000001 0.8732037037037037 0.07836458333333333 0.057694444444444444
2 0.9126927083333333 0.8689814814814815 0.058578125 0.05487962962962963
2 0.9020052083333333 0.8619444444444444 0.046703125 0.046435185185185184
2 0.6654375 0.8844074074074074 0.058395833333333334 0.06624074074074075
2 0.6003697916666667 0.869574074074074 0.011677083333333334 0.04647222222222222
1 0.6910208333333333 0.8433796296296296 0.03503645833333333 0.047462962962962964
1 0.610296875 0.8146111111111111 0.044390625 0.05391666666666666
2 0.5256875 0.8271111111111111 0.007911458333333333 0.02110185185185185
1 0.4984322916666667 0.8200740740740741 0.03428645833333333 0.09767592592592592
2 0.47675 0.8443055555555555 0.007322916666666667 0.03203703703703704
2 0.4533125 0.8474259259259259 0.023734375 0.03360185185185185
1 0.52165625 0.8146111111111111 0.015385416666666667 0.03047222222222222
2 0.6406458333333334 0.8178703703703704 0.02284375 0.016694444444444446
2 0.5797291666666666 0.8192222222222222 0.015734375000000002 0.013083333333333334
2 0.5189375 0.8462962962962963 0.008885416666666666 0.03023148148148148
