2 0.32341145833333335 0.8966851851851851 0.03260416666666667 0.18646296296296297
2 0.447296875 0.8487962962962964 0.022770833333333334 0.03453703703703703
2 0.563265625 0.8910185185185184 0.025328125 0.10427777777777779
1 0.5217760416666667 0.7908148148148149 0.012864583333333334 0.03133333333333334
1 0.654828125 0.8457407407407407 0.055817708333333334 0.11743518518518518
2 0.7532760416666666 0.890324074074074 0.019864583333333335 0.0658611111111111
2 0.7871302083333334 0.8621574074074074 0.008989583333333334 0.014166666666666668
2 0.7986614583333334 0.9050370370370371 0.0659375 0.06923148148148148
2 0.8427447916666666 0.8973333333333333 0.0534375 0.06598148148148149
2 0.9268020833333334 0.8826111111111111 0.05965104166666667 0.05363888888888889
