1 0.156609375 0.9360740740740741 0.31322395833333333 0.1278425925925926
2 0.5465364583333333 0.8641759259259258 0.03690104166666666 0.05435185185185185
2 0.517828125 0.8598333333333333 0.019072916666666665 0.04472222222222222
1 0.42334895833333336 0.8270555555555555 0.0062968749999999995 0.020638888888888887
2 0.4344895833333334 0.8249444444444445 0.003927083333333334 0.018000000000000002
2 0.444515625 0.8271481481481482 0.011208333333333332 0.018351851851851852
1 0.4657135416666666 0.8145648148148148 0.015171875 0.02838888888888889
2 0.6224427083333333 0.8724722222222222 0.03613541666666666 0.07102777777777777
2 0.7295104166666667 0.8738240740740741 0.07443229166666666 0.09937037037037036
2 0.81340625 0.8938888888888888 0.100296875 0.10172222222222223
2 0.9592395833333334 0.9101481481481482 0.08152083333333333 0.11850000000000001
