1 0.5244791666666667 0.8629629629629629 0.096875 0.1925925925925926
1 0.25364583333333335 0.812962962962963 0.051041666666666666 0.05185185185185185
2 0.39791666666666664 0.8425925925925926 0.03333333333333333 0.09259259259259259
2 0.65625 0.8583333333333333 0.06458333333333334 0.06851851851851852
1 0.7348958333333333 0.8407407407407408 0.059375 0.07037037037037037
2 0.9802083333333333 0.8648148148148148 0.03958333333333333 0.06296296296296296
2 0.9369791666666667 0.8453703703703703 0.078125 0.05740740740740741
2 0.9078125 0.8388888888888889 0.051041666666666666 0.05185185185185185
2 0.89375 0.8361111111111111 0.04791666666666667 0.046296296296296294
2 0.5938541666666667 0.846111111111111 0.014437499999999999 0.049435185185185186
2 0.5815572916666666 0.8408888888888889 0.031552083333333335 0.04468518518518518
1 0.6032135416666667 0.7914537037037037 0.044921875 0.052287037037037035
2 0.6393125000000001 0.79525 0.02834375 0.01996296296296296
2 0.667921875 0.8161666666666667 0.01925 0.02187037037037037
2 0.6828958333333334 0.846111111111111 0.012833333333333334 0.03802777777777778
