2 0.3909479166666667 0.8237314814814815 0.020880208333333334 0.02049074074074074
2 0.41151041666666666 0.8284537037037037 0.015442708333333333 0.026907407407407408
1 0.43134374999999997 0.8091759259259259 0.029322916666666664 0.07971296296296297
1 0.4579947916666667 0.8007407407407408 0.022411458333333335 0.044287037037037034
2 0.5261979166666666 0.8515925925925926 0.040791666666666664 0.050351851851851856
2 0.5719010416666667 0.8579722222222222 0.04753645833333333 0.06453703703703705
2 0.624921875 0.8576944444444444 0.04857291666666667 0.058750000000000004
2 0.721734375 0.8711666666666666 0.08134895833333333 0.10787962962962963
2 0.9525312499999999 0.9088240740740741 0.0949375 0.13066666666666668
2 0.8924270833333333 0.8838518518518518 0.077921875 0.07775
1 0.15310416666666665 0.9264166666666667 0.30305208333333333 0.1471759259259259
