2 0.39948958333333334 0.8372592592592593 0.015083333333333334 0.03671296296296296
1 0.4325104166666666 0.824574074074074 0.01596875 0.08084259259259259
1 0.458 0.8113888888888888 0.03324479166666667 0.0495925925925926
2 0.5197552083333333 0.8716111111111111 0.04140625 0.057916666666666665
2 0.5665260416666666 0.8759907407407408 0.04801041666666667 0.06668518518518518
2 0.7188125 0.8869814814814815 0.086078125 0.10106481481481482
2 0.7987864583333334 0.9101944444444444 0.09880208333333333 0.09973148148148148
2 0.8939739583333334 0.9058981481481482 0.08934895833333334 0.06922222222222223
2 0.956546875 0.9430277777777778 0.08690104166666666 0.11393518518518518
2 0.6180885416666667 0.8781851851851853 0.04643229166666667 0.0605462962962963
