2 0.4214010416666667 0.8228148148148148 0.013255208333333332 0.02273148148148148
2 0.5009479166666667 0.8531111111111112 0.038828125 0.049666666666666665
2 0.6699791666666666 0.8804722222222222 0.086171875 0.09090740740740741
2 0.3939375 0.8236574074074073 0.03125 0.024407407407407405
2 0.4114583333333333 0.8244907407407408 0.017046875 0.02609259259259259
2 0.412640625 0.8026111111111112 0.012786458333333334 0.017675925925925925
2 0.4325260416666667 0.812712962962963 0.015625 0.03450925925925926
2 0.4872135416666667 0.8219722222222222 0.010416666666666666 0.031148148148148147
2 0.4505208333333333 0.820287037037037 0.029828125 0.02946296296296296
2 0.429453125 0.779462962962963 0.00946875 0.013472222222222222
2 0.4490989583333333 0.7735648148148149 0.007104166666666667 0.011787037037037037
2 0.482953125 0.8160740740740741 0.0189375 0.02273148148148148
1 0.468984375 0.83375 0.021307291666666665 0.04461111111111111
1 0.15151562500000001 0.9255092592592592 0.30303125000000003 0.14899074074074073
1 0.5390625 0.8508055555555556 0.009942708333333333 0.05134259259259259
1 0.5634479166666666 0.840287037037037 0.0501875 0.08922222222222222
1 0.5665260416666666 0.7801018518518519 0.056343750000000005 0.024407407407407405
1 0.5239114583333333 0.8087222222222222 0.046875 0.06649999999999999
1 0.4995260416666667 0.80325 0.026515624999999998 0.06397222222222222
1 0.47585416666666663 0.775888888888889 0.023671875000000002 0.04798148148148148
1 0.43915624999999997 0.7704166666666666 0.016572916666666666 0.018518518518518517
1 0.45241666666666663 0.7956666666666667 0.017520833333333333 0.02188888888888889
2 0.16903645833333333 0.8428055555555556 0.0501875 0.04713888888888888
2 0.234375 0.8293425925925927 0.04450520833333334 0.04376851851851852
2 0.2679947916666666 0.8449166666666666 0.025567708333333335 0.03956481481481481
2 0.3617447916666666 0.8444907407407407 0.0123125 0.045453703703703704
