2 0.3890625 0.8518518518518519 0.028125 0.03333333333333333
2 0.3697916666666667 0.8481481481481481 0.022916666666666665 0.03148148148148148
2 0.6630208333333333 0.8912037037037037 0.08541666666666667 0.10277777777777777
2 0.46953125 0.8555555555555555 0.025520833333333333 0.04814814814814815
2 0.42864583333333334 0.8398148148148148 0.034375 0.020370370370370372
2 0.39348958333333334 0.8402777777777778 0.0390625 0.030555555555555555
2 0.42291666666666666 0.7939814814814815 0.0125 0.019444444444444445
2 0.48125 0.836574074074074 0.0125 0.025
2 0.45338541666666665 0.8296296296296296 0.027604166666666666 0.014814814814814815
2 0.4046875 0.8222222222222222 0.015625 0.025925925925925925
2 0.425 0.8180555555555555 0.013541666666666667 0.019444444444444445
2 0.4427083333333333 0.7898148148148149 0.009375 0.012962962962962963
2 0.771484375 0.9050925925925926 0.10546875 0.11574074074074074
2 0.9075520833333334 0.9074074074074074 0.18489583333333334 0.1712962962962963
2 0.958984375 0.9432870370370371 0.08203125 0.11342592592592593
1 0.14114583333333333 0.9037037037037037 0.278125 0.1925925925925926
1 0.5578125 0.8555555555555555 0.053125 0.0962962962962963
1 0.5145833333333333 0.8314814814814815 0.052083333333333336 0.0962962962962963
1 0.5583333333333333 0.7962962962962963 0.05625 0.03333333333333333
1 0.4943177083333333 0.8266018518518519 0.025567708333333335 0.08754629629629629
1 0.4663802083333334 0.7878796296296297 0.015151041666666667 0.03872222222222222
1 0.4448385416666667 0.8076574074074074 0.019411458333333336 0.02273148148148148
