2 0.4158854166666667 0.8185185185185185 0.008854166666666666 0.027777777777777776
2 0.4984375 0.9004629629629629 0.11770833333333333 0.1675925925925926
2 0.5640625 0.8240740740740741 0.0125 0.03888888888888889
2 0.5682291666666667 0.8245370370370371 0.011458333333333333 0.049074074074074076
1 0.578125 0.8217592592592593 0.008333333333333333 0.06574074074074074
2 0.48125 0.7962962962962963 0.035416666666666666 0.03148148148148148
2 0.21484375 0.8281296296296297 0.044270833333333336 0.04050925925925926
2 0.2770208333333333 0.8125 0.041015625 0.041666666666666664
2 0.3121770833333333 0.8281296296296297 0.026692708333333332 0.04513888888888889
2 0.4251302083333333 0.8032407407407407 0.038411458333333336 0.034722222222222224
1 0.4488958333333333 0.7965833333333333 0.013020833333333334 0.02836111111111111
1 0.5244166666666666 0.8182870370370371 0.022135416666666668 0.047453703703703706
2 0.5172552083333334 0.7916666666666666 0.029296875 0.02546296296296296
2 0.4694010416666667 0.7835648148148148 0.015625 0.023148148148148147
2 0.4508489583333333 0.7844351851851853 0.015625 0.019101851851851852
2 0.4155260416666666 0.7913796296296297 0.029625000000000002 0.019101851851851852
2 0.9722239583333334 0.8904351851851852 0.05555729166666667 0.1574074074074074
1 0.1890625 0.9148148148148149 0.30520833333333336 0.17037037037037037
1 0.6045364583333334 0.8095277777777777 0.048364583333333336 0.09524074074074074
1 0.5587812499999999 0.785712962962963 0.04613020833333333 0.0793611111111111
1 0.6023072916666667 0.7519814814814815 0.057291666666666664 0.04100925925925926
1 0.529015625 0.7566111111111111 0.04761979166666667 0.026453703703703705
1 0.5349687500000001 0.7757962962962963 0.03125 0.08598148148148148
1 0.47730729166666663 0.7480185185185185 0.015625 0.019842592592592592
2 0.466578125 0.7573333333333333 0.006510416666666667 0.008490740740740741
2 0.4886041666666667 0.7501944444444445 0.00759375 0.011185185185185185
2 0.44433333333333336 0.7858796296296297 0.009333333333333334 0.014657407407407407
1 0.48975520833333336 0.7768518518518519 0.014932291666666668 0.03148148148148148
