1 0.16015625 0.9247685185185185 0.3046875 0.15046296296296297
2 0.9069010416666666 0.9085648148148148 0.18619791666666666 0.1597222222222222
2 0.78125 0.9085648148148148 0.109375 0.11342592592592593
2 0.6770833333333334 0.8946759259259259 0.09114583333333333 0.09490740740740741
1 0.5740312500000001 0.8564814814814815 0.06175520833333333 0.08862037037037036
2 0.37314062499999995 0.8796296296296297 0.018598958333333335 0.026453703703703705
1 0.3958333333333333 0.8551574074074074 0.028276041666666665 0.027777777777777776
1 0.46391145833333336 0.8214259259259259 0.03496875 0.03438888888888889
2 0.4910729166666667 0.8108425925925926 0.01190625 0.023805555555555555
1 0.5070677083333334 0.8730185185185185 0.024552083333333332 0.05290740740740741
2 0.49032812499999995 0.875 0.016369791666666668 0.04100925925925926
1 0.5784947916666667 0.7989444444444445 0.055802083333333335 0.03438888888888889
1 0.536828125 0.8287037037037037 0.036458333333333336 0.06216666666666667
1 0.5093020833333334 0.8293611111111111 0.017114583333333332 0.06349074074074074
