1 0.5277760416666667 0.8652222222222222 0.010416666666666666 0.05555555555555555
1 0.1359375 0.912962962962963 0.271875 0.17407407407407408
1 0.4563802083333333 0.8476111111111111 0.016927083333333332 0.04089814814814815
1 0.3999583333333333 0.8283148148148148 0.013453125 0.023916666666666666
2 0.4194895833333333 0.8341018518518519 0.03428645833333333 0.023148148148148147
2 0.4500885416666666 0.8283148148148148 0.036458333333333336 0.03163888888888889
2 0.4644114583333333 0.8576388888888888 0.026041666666666668 0.04243518518518519
2 0.3838958333333334 0.8553240740740741 0.023869791666666664 0.04243518518518519
2 0.4309895833333333 0.7916666666666666 0.009546875 0.013888888888888888
2 0.6591822916666668 0.9045185185185185 0.09830729166666667 0.11458333333333333
2 0.7682291666666666 0.8958333333333334 0.09722395833333333 0.12808333333333335
2 0.88671875 0.8881203703703703 0.19010416666666666 0.1712962962962963
2 0.93359375 0.9251574074074074 0.1328125 0.14969444444444444
1 0.5119791666666667 0.8287037037037037 0.052083333333333336 0.08888888888888889
1 0.55234375 0.8490740740740741 0.05260416666666667 0.09814814814814815
1 0.5544270833333333 0.7986111111111112 0.05572916666666667 0.03981481481481482
1 0.46536458333333336 0.7810185185185186 0.0203125 0.041666666666666664
1 0.49244791666666665 0.8222222222222222 0.027604166666666666 0.08148148148148149
2 0.4791666666666667 0.8328703703703704 0.015625 0.030555555555555555
