2 0.4798177083333333 0.8900462962962963 0.09765625 0.16435185185185186
2 0.4283854166666667 0.8576388888888888 0.036458333333333336 0.05324074074074074
2 0.6647135416666666 0.8831018518518519 0.08203125 0.09490740740740741
2 0.775390625 0.8715277777777778 0.11848958333333333 0.11805555555555555
2 0.9088541666666666 0.8819444444444444 0.18229166666666666 0.1574074074074074
1 0.15755208333333334 0.9027777777777778 0.3151041666666667 0.19444444444444445
1 0.5686875 0.8391203703703703 0.064453125 0.09490740740740741
1 0.5686875 0.7800925925925926 0.048828125 0.032407407407407406
1 0.5296197916666666 0.8119259259259259 0.048828125 0.06597222222222222
1 0.505859375 0.798037037037037 0.0234375 0.052083333333333336
1 0.4059270833333333 0.8460648148148148 0.025390625 0.04861111111111111
2 0.4313177083333333 0.829287037037037 0.029296875 0.019675925925925927
2 0.4876302083333333 0.7928240740740741 0.013020833333333334 0.016203703703703703
1 0.4567083333333333 0.8119259259259259 0.026692708333333332 0.04050925925925926
2 0.390625 0.8333333333333334 0.03125 0.02546296296296296
2 0.41796875 0.8141574074074074 0.012276041666666666 0.019842592592592592
2 0.4095989583333333 0.8164722222222222 0.010416666666666666 0.016537037037037038
1 0.44698437500000004 0.8270462962962963 0.020463541666666665 0.02712037037037037
