1 0.16578125000000002 0.9378240740740741 0.33156250000000004 0.12434259259259259
2 0.45147395833333337 0.928425925925926 0.12692708333333333 0.14314814814814814
1 0.4393697916666667 0.8276203703703704 0.008458333333333333 0.018453703703703705
2 0.4453697916666667 0.8311759259259259 0.006057291666666667 0.021907407407407407
2 0.459578125 0.8279259259259258 0.014234374999999999 0.020277777777777777
1 0.480125 0.8156851851851853 0.019317708333333336 0.0342037037037037
1 0.501359375 0.782712962962963 0.012401041666666666 0.029231481481481483
2 0.6132447916666667 0.8663703703703703 0.04961458333333334 0.05449074074074074
1 0.675859375 0.8677407407407407 0.048984375 0.07856481481481481
1 0.8272395833333334 0.8797777777777778 0.15352604166666667 0.11787962962962963
