2 0.4446614583333333 0.8935185185185185 0.12890625 0.16666666666666666
2 0.6022135416666666 0.8807870370370371 0.14713541666666666 0.15046296296296297
2 0.9127604166666666 0.8622685185185185 0.17447916666666666 0.16435185185185186
2 0.791015625 0.8680555555555556 0.11588541666666667 0.10185185185185185
2 0.6822916666666666 0.8553240740740741 0.08072916666666667 0.08101851851851852
2 0.5048385416666666 0.8320092592592593 0.023067708333333332 0.039685185185185184
2 0.4851770833333333 0.8272777777777778 0.010416666666666666 0.03205555555555555
2 0.49339062499999997 0.8311944444444445 0.014020833333333335 0.035611111111111114
1 0.5242395833333333 0.8340462962962962 0.02684375 0.06695370370370371
1 0.48016666666666663 0.8219351851851853 0.01321875 0.035611111111111114
2 0.417265625 0.8105370370370371 0.038864583333333334 0.029916666666666668
2 0.46214062499999997 0.762462962962963 0.009213541666666667 0.01637962962962963
2 0.44711458333333337 0.7656666666666666 0.008812500000000001 0.017092592592592593
2 0.4427083333333333 0.7749259259259259 0.008010416666666667 0.01566666666666667
2 0.45672916666666663 0.7692314814814815 0.004807291666666667 0.011398148148148149
1 0.49235937500000004 0.7521574074074074 0.01875 0.03395370370370371
1 0.5112864583333333 0.7842592592592592 0.028125 0.06234259259259259
1 0.5364583333333334 0.7935185185185185 0.05069270833333333 0.08456481481481481
1 0.5788177083333333 0.8157407407407408 0.054859375 0.07592592592592592
1 0.5789947916666667 0.7645092592592592 0.049651041666666666 0.03148148148148148
2 0.4671875 0.8027777777777778 0.039234375 0.026546296296296297
2 0.501390625 0.8040092592592593 0.010416666666666666 0.030250000000000003
1 0.1609375 0.9166666666666666 0.315625 0.16666666666666666
