1 0.15625 0.9189814814814815 0.3046875 0.16203703703703703
2 0.6666666666666666 0.8726851851851852 0.08072916666666667 0.09259259259259259
2 0.7682291666666666 0.8831018518518519 0.1015625 0.11342592592592593
2 0.9010416666666666 0.8958333333333334 0.19791666666666666 0.17592592592592593
1 0.5677083333333334 0.8402777777777778 0.0625 0.10185185185185185
2 0.380859375 0.8559074074074075 0.013020833333333334 0.02199074074074074
2 0.42285416666666664 0.8506944444444444 0.026692708333333332 0.04398148148148148
2 0.4059270833333333 0.8443333333333334 0.025390625 0.04513888888888889
1 0.5055364583333334 0.8472222222222222 0.027994791666666668 0.06018518518518518
2 0.531578125 0.8512777777777778 0.021484375 0.04976851851851852
1 0.529625 0.8136574074074074 0.048828125 0.08796296296296297
1 0.5690104166666666 0.7824074074074074 0.057291666666666664 0.03935185185185185
1 0.5065104166666666 0.8026666666666666 0.028645833333333332 0.056712962962962965
2 0.4889322916666667 0.7905092592592593 0.01171875 0.020833333333333332
1 0.4583333333333333 0.8153981481481481 0.01953125 0.04050925925925926
2 0.4184010416666667 0.814425925925926 0.014755208333333332 0.028546296296296295
2 0.439234375 0.8113425925925926 0.014755208333333332 0.023916666666666666
2 0.4361979166666667 0.8279351851851852 0.015625 0.023148148148148147
2 0.443359375 0.7959074074074074 0.013453125 0.020833333333333332
2 0.4273020833333333 0.7959074074074074 0.015192708333333334 0.010027777777777778
