2 0.40306770833333333 0.8307592592592593 0.0491875 0.03600925925925926
2 0.44849479166666667 0.8297314814814815 0.026619791666666667 0.02160185185185185
2 0.4887135416666667 0.8220185185185185 0.02372916666666667 0.018518518518518517
2 0.5899895833333333 0.8837407407407408 0.07233854166666666 0.07612962962962963
2 0.43894791666666666 0.8148148148148148 0.01446875 0.02262962962962963
2 0.421296875 0.8148148148148148 0.016203125 0.024694444444444446
2 0.43720833333333337 0.7854907407407408 0.009838541666666667 0.015435185185185187
2 0.4791666666666667 0.8276759259259259 0.024307291666666668 0.019546296296296294
2 0.17360937499999998 0.8503055555555556 0.048609374999999996 0.05040740740740741
2 0.23929166666666665 0.8271574074074074 0.0445625 0.03498148148148148
2 0.27893749999999995 0.8513333333333334 0.03588020833333334 0.038064814814814815
2 0.529859375 0.8592592592592593 0.008333333333333333 0.03456481481481481
2 0.45868229166666663 0.78025 0.00625 0.008638888888888889
1 0.45850520833333336 0.8074074074074075 0.016317708333333333 0.032101851851851854
1 0.446875 0.7777777777777778 0.014583333333333334 0.016046296296296295
1 0.4852447916666666 0.7885833333333333 0.021875 0.03765740740740741
1 0.5046875 0.8200648148148147 0.019098958333333336 0.0734537037037037
1 0.5291666666666667 0.8253055555555556 0.04791666666666667 0.09382407407407407
1 0.5725677083333333 0.7870370370370371 0.054859375 0.032101851851851854
1 0.5699635416666666 0.845675925925926 0.04618229166666667 0.09012037037037036
1 0.5465260416666666 0.8601851851851852 0.007640625 0.058638888888888886
1 0.4777760416666667 0.84475 0.015973958333333333 0.03888888888888889
1 0.14525520833333333 0.9300370370370371 0.29051041666666666 0.1399166666666667
2 0.6908854166666667 0.8902777777777777 0.10052083333333334 0.08796296296296297
