2 0.394609375 0.8547962962962963 0.051296875 0.11206481481481481
2 0.46011979166666667 0.8624907407407407 0.04140625 0.0791111111111111
2 0.529953125 0.8624907407407407 0.0389375 0.057129629629629634
2 0.5089427083333333 0.8536944444444444 0.029046875000000003 0.043944444444444446
2 0.4950364583333334 0.8476574074074075 0.02225 0.029666666666666668
2 0.686921875 0.8780833333333333 0.08796354166666666 0.10185185185185185
2 0.7931145833333333 0.8873425925925926 0.10011458333333333 0.09567592592592593
2 0.916375 0.8955740740740741 0.16724479166666667 0.15946296296296297
1 0.57928125 0.8595648148148148 0.04282291666666667 0.08744444444444444
1 0.16493229166666667 0.9166666666666666 0.30092708333333335 0.16461111111111112
1 0.540796875 0.8091574074074074 0.03993229166666667 0.06687037037037037
1 0.4947916666666667 0.7664629629629629 0.018520833333333334 0.037037037037037035
1 0.4991302083333334 0.7998981481481481 0.034145833333333334 0.04012037037037037
1 0.469328125 0.8132685185185186 0.016203125 0.038064814814814815
1 0.49797395833333336 0.8029814814814815 0.027197916666666665 0.04424074074074074
1 0.583625 0.784462962962963 0.05497916666666667 0.038064814814814815
2 0.41290625 0.8302499999999999 0.026041666666666668 0.02675
1 0.43779166666666663 0.8271574074074074 0.022567708333333332 0.02262962962962963
2 0.4479166666666667 0.7890925925925926 0.012729166666666668 0.014407407407407409
