2 0.38831249999999995 0.8605925925925927 0.018520833333333334 0.03395370370370371
2 0.375578125 0.8533981481481481 0.016203125 0.025722222222222223
2 0.38831249999999995 0.8359074074074074 0.03472395833333333 0.03188888888888889
2 0.4453125 0.8364166666666667 0.04224479166666666 0.02262962962962963
2 0.41811458333333335 0.8400185185185185 0.026041666666666668 0.023666666666666666
2 0.47858854166666664 0.8225277777777779 0.012729166666666668 0.015435185185185187
2 0.4794583333333333 0.8415648148148148 0.012151041666666666 0.024694444444444446
2 0.4385052083333333 0.7926944444444445 0.007932291666666667 0.011314814814814816
2 0.4221822916666667 0.7938425925925926 0.008578124999999999 0.012527777777777777
2 0.46859895833333337 0.8583888888888889 0.02175 0.03486111111111111
2 0.42402083333333335 0.8180833333333333 0.01838020833333333 0.016342592592592593
2 0.40517708333333335 0.8183518518518519 0.011333333333333334 0.016888888888888887
1 0.444546875 0.8109999999999999 0.018994791666666667 0.026148148148148146
1 0.43014583333333334 0.7856759259259259 0.014708333333333332 0.022333333333333334
1 0.466453125 0.7859444444444444 0.015625 0.037037037037037035
1 0.489734375 0.8265277777777778 0.014401041666666666 0.07352777777777778
1 0.5183802083333333 0.8333333333333334 0.04902083333333333 0.0817037037037037
1 0.5557604166666666 0.855388888888889 0.051468749999999994 0.09967592592592593
1 0.5317083333333333 0.8690092592592592 0.011333333333333334 0.057185185185185186
1 0.55790625 0.7984722222222222 0.056374999999999995 0.03376851851851852
2 0.6619166666666667 0.8965185185185185 0.097734375 0.09476851851851852
2 0.7365208333333333 0.8981481481481481 0.028187499999999997 0.06318518518518518
2 0.7929270833333334 0.9340925925925926 0.14529166666666665 0.1274537037037037
2 0.918078125 0.9204814814814815 0.16383854166666667 0.15903703703703703
1 0.134140625 0.9123055555555555 0.2682760416666667 0.17537962962962964
2 0.15299479166666666 0.8530092592592593 0.07682291666666667 0.1087962962962963
2 0.22330729166666666 0.8472222222222222 0.05078125 0.07407407407407407
2 0.2630208333333333 0.8645833333333334 0.032552083333333336 0.0625
