1 0.16684374999999999 0.9430925925925926 0.276296875 0.11380555555555555
1 0.423875 0.8759907407407408 0.032796874999999996 0.07579629629629629
1 0.5251302083333333 0.8628703703703704 0.023776041666666668 0.052472222222222226
2 0.9219479166666668 0.9065925925925926 0.15003645833333332 0.16033333333333333
2 0.80634375 0.9014907407407408 0.104125 0.09182407407407407
2 0.6636875 0.8905648148148148 0.07625 0.07579629629629629
2 0.45010937500000003 0.8606851851851851 0.03771354166666666 0.06267592592592593
2 0.39655729166666664 0.8474999999999999 0.03359375 0.021166666666666667
2 0.464171875 0.7991111111111111 0.007229166666666667 0.01814814814814815
2 0.5035104166666666 0.8104537037037036 0.009354166666666667 0.01814814814814815
1 0.5920208333333333 0.8658981481481481 0.05906770833333333 0.07108333333333333
1 0.5565833333333334 0.8311666666666666 0.051796875 0.10177777777777777
1 0.47328125000000004 0.7966481481481481 0.010755208333333332 0.02390740740740741
