1 0.15690104166666666 0.9004629629629629 0.3138020833333333 0.18981481481481483
1 0.5670572916666666 0.84375 0.061197916666666664 0.09953703703703703
2 0.66796875 0.8715277777777778 0.09375 0.09953703703703703
2 0.779296875 0.8796296296296297 0.10026041666666667 0.125
2 0.9036458333333334 0.8796296296296297 0.19270833333333334 0.18518518518518517
2 0.38078645833333336 0.8580277777777777 0.009260416666666667 0.020574074074074074
2 0.531828125 0.845675925925926 0.017359375 0.04321296296296297
1 0.5326979166666667 0.8127592592592592 0.04340104166666667 0.08025
1 0.50896875 0.8086388888888889 0.029515625 0.06996296296296296
1 0.5706041666666667 0.7839537037037037 0.06365625 0.04321296296296297
1 0.5020260416666666 0.8513333333333334 0.026041666666666668 0.05040740740740741
1 0.45948958333333334 0.8101851851851852 0.026619791666666667 0.04218518518518519
2 0.4348958333333333 0.8271574074074074 0.015625 0.020574074074074074
2 0.41869270833333333 0.8117314814814814 0.01446875 0.024694444444444446
2 0.3975677083333334 0.8240740740740741 0.0289375 0.03086111111111111
2 0.41956249999999995 0.8600833333333333 0.04282291666666667 0.059666666666666666
2 0.48813541666666665 0.7875555555555555 0.009838541666666667 0.023666666666666666
2 0.48813541666666665 0.8492777777777778 0.0133125 0.05040740740740741
2 0.4375 0.804324074074074 0.01875 0.03333333333333333
2 0.42864583333333334 0.8336388888888889 0.007291666666666667 0.015435185185185187
2 0.42135416666666664 0.8361111111111111 0.007984375 0.01913888888888889
