1 0.35460416666666666 0.9228333333333333 0.06478125 0.10715740740740741
2 0.4700833333333333 0.9133148148148148 0.025348958333333334 0.062092592592592595
2 0.4143177083333333 0.8957870370370371 0.014083333333333333 0.04105555555555556
2 0.43121354166666664 0.8897870370370371 0.012958333333333332 0.03705555555555556
2 0.38502604166666665 0.8977962962962963 0.016338541666666668 0.04306481481481481
2 0.7770885416666666 0.9268333333333334 0.12223958333333333 0.10715740740740741
2 0.6807604166666666 0.9017962962962963 0.09519791666666667 0.10114814814814814
2 0.6264010416666667 0.9017962962962963 0.05182291666666667 0.06709259259259259
2 0.5819010416666667 0.894787037037037 0.04957291666666667 0.059083333333333335
2 0.8277864583333333 0.8707592592592592 0.076046875 0.05708333333333333
1 0.13502604166666668 0.9440092592592593 0.26636458333333335 0.11197222222222222
1 0.5198125 0.8688888888888888 0.03567708333333333 0.07108333333333333
2 0.434 0.8513888888888889 0.019067708333333332 0.031712962962962964
