2 0.40161979166666667 0.8574629629629629 0.03551041666666667 0.025564814814814815
2 0.45473958333333336 0.8626851851851852 0.019661458333333333 0.03287037037037037
2 0.43566145833333336 0.851462962962963 0.025531250000000002 0.025046296296296296
2 0.638453125 0.8918981481481482 0.06133854166666666 0.0683425925925926
2 0.7405833333333334 0.9033796296296296 0.09009895833333334 0.08504629629629629
2 0.8287708333333333 0.9041574074074075 0.13852083333333332 0.12417592592592594
1 0.5289947916666666 0.8691851851851852 0.02508854166666667 0.05656481481481482
1 0.16674479166666664 0.946962962962963 0.27230208333333333 0.1033425925925926
1 0.59753125 0.8806018518518518 0.056906250000000005 0.05330555555555556
1 0.552859375 0.8403518518518519 0.05078645833333333 0.08375925925925926
1 0.4861614583333333 0.8360092592592593 0.026312500000000003 0.04242592592592593
1 0.4874114583333334 0.8455277777777778 0.018307291666666666 0.02666666666666667
