2 0.39825 0.8775000000000001 0.012375 0.031240740740740743
2 0.4105520833333333 0.8697592592592593 0.009473958333333334 0.026074074074074076
2 0.42392187499999995 0.8724722222222222 0.010239583333333333 0.02825
2 0.43361979166666664 0.868537037037037 0.010083333333333333 0.026351851851851852
2 0.3721979166666667 0.8559074074074075 0.03453125 0.027166666666666665
2 0.43186458333333333 0.8478888888888889 0.015125 0.01874074074074074
1 0.410015625 0.8523703703703703 0.015125 0.026074074074074076
1 0.4981770833333333 0.8716574074074074 0.02032291666666667 0.048351851851851854
1 0.14327604166666666 0.9446851851851852 0.27984375 0.11062962962962963
2 0.8579843749999999 0.9247222222222222 0.15477604166666667 0.11671296296296296
2 0.9545104166666667 0.8757407407407407 0.09098437499999999 0.07155555555555555
2 0.73603125 0.897888888888889 0.108296875 0.11756481481481482
2 0.6663072916666667 0.897888888888889 0.06565104166666666 0.07496296296296295
