1 0.5056614583333333 0.8721203703703704 0.023484375000000002 0.051694444444444446
1 0.13997395833333334 0.9430185185185186 0.273984375 0.11396296296296296
2 0.915265625 0.9363981481481481 0.16946875 0.12325925925925926
2 0.7695833333333333 0.9016111111111111 0.12338541666666666 0.11597222222222223
2 0.687390625 0.9035925925925926 0.060390625 0.0709074074074074
2 0.6148854166666666 0.8953148148148149 0.06821875 0.06891666666666667
1 0.42597395833333335 0.8476296296296297 0.011005208333333332 0.025435185185185186
2 0.39919270833333337 0.8691481481481481 0.006604166666666666 0.025435185185185186
2 0.408546875 0.868175925925926 0.007703125 0.02348148148148148
2 0.4224895833333333 0.8629537037037037 0.00696875 0.024787037037037038
