1 0.16230729166666666 0.9296666666666666 0.26787500000000003 0.14066666666666666
1 0.4369895833333333 0.8135277777777777 0.016625 0.028981481481481483
1 0.5413645833333334 0.8342685185185185 0.028453125000000003 0.07047222222222223
1 0.524578125 0.7925 0.03452604166666667 0.07558333333333334
1 0.602421875 0.8069907407407407 0.06745312499999999 0.0932037037037037
2 0.9691145833333333 0.8226203703703703 0.061765625000000005 0.07331481481481482
2 0.9566510416666667 0.8166481481481481 0.086703125 0.07160185185185185
2 0.9268854166666666 0.8149444444444445 0.089828125 0.07501851851851851
2 0.8861249999999999 0.81125 0.07096875 0.07103703703703704
2 0.8616718750000001 0.8146666666666667 0.07576041666666668 0.06876851851851852
