1 0.155734375 0.9194907407407407 0.273484375 0.15531481481481482
2 0.3893333333333333 0.8350833333333333 0.06836979166666667 0.09003703703703703
2 0.45480729166666667 0.7808611111111111 0.013432291666666667 0.02539814814814815
2 0.4773854166666667 0.7933055555555555 0.020291666666666666 0.02489814814814815
1 0.45094791666666667 0.7549444444444445 0.010859375000000001 0.018287037037037036
1 0.4632395833333333 0.7470740740740741 0.011432291666666667 0.03200925925925926
2 0.528109375 0.8222592592592592 0.03715104166666667 0.049277777777777775
1 0.5566822916666666 0.8146388888888888 0.024005208333333337 0.05131481481481481
1 0.7680625 0.7573240740740741 0.2678333333333333 0.2891388888888889
1 0.7803697916666666 0.8521574074074074 0.09102083333333333 0.14191666666666666
