2 0.49725 0.9083055555555556 0.096484375 0.12290740740740741
2 0.6085520833333333 0.9002037037037037 0.07293229166666666 0.06887962962962962
2 0.6997187500000001 0.9076296296296297 0.08053125 0.08103703703703703
2 0.7855677083333333 0.9116851851851852 0.13067708333333333 0.12155555555555556
2 0.913296875 0.9346481481481481 0.17340625 0.12425925925925925
2 0.3974270833333333 0.8619722222222221 0.009072916666666668 0.02297222222222222
2 0.4271197916666667 0.8597685185185184 0.008520833333333333 0.01563888888888889
1 0.4498020833333333 0.83875 0.018145833333333337 0.036166666666666666
2 0.36511979166666664 0.8631944444444445 0.038489583333333334 0.027370370370370368
1 0.12689583333333332 0.9442777777777778 0.25140104166666666 0.11143518518518518
