1 0.443625 0.9078703703703703 0.066375 0.1460925925925926
1 0.15939062499999998 0.9431018518518518 0.2772395833333333 0.1137962962962963
2 0.9192447916666667 0.9030555555555555 0.16151041666666668 0.14770370370370373
2 0.7662447916666667 0.897037037037037 0.110171875 0.08910185185185185
2 0.6348489583333333 0.8837962962962963 0.07314583333333333 0.07063888888888889
2 0.5262552083333333 0.8914166666666666 0.09527083333333333 0.1308425925925926
2 0.3935052083333333 0.8474074074074075 0.03134895833333333 0.02360185185185185
1 0.4643125 0.8006944444444445 0.012906250000000001 0.02524074074074074
1 0.5852187499999999 0.8652314814814815 0.059244791666666664 0.07021296296296296
2 0.5016197916666667 0.8123611111111111 0.011239583333333332 0.018962962962962963
