2 0.390734375 0.8873518518518518 0.012057291666666666 0.030398148148148146
2 0.411015625 0.8896851851851852 0.011838541666666667 0.0374074074074074
2 0.4315104166666667 0.8791666666666667 0.012057291666666666 0.028833333333333332
2 0.41791666666666666 0.8832592592592592 0.010302083333333333 0.03780555555555555
1 0.13672916666666665 0.9468888888888889 0.27216145833333333 0.10622222222222222
2 0.7174270833333334 0.9041759259259259 0.10977604166666667 0.10624074074074073
2 0.651171875 0.9053240740740741 0.06949999999999999 0.06928703703703704
2 0.5927135416666667 0.8966666666666666 0.0578125 0.0612037037037037
1 0.4589166666666667 0.8427037037037037 0.033427083333333336 0.042222222222222223
1 0.5926822916666666 0.8511388888888889 0.10961458333333333 0.1260925925925926
1 0.754421875 0.8673796296296297 0.18591666666666665 0.18150000000000002
