1 0.15929166666666666 0.922537037037037 0.26995312499999996 0.1549259259259259
2 0.39036458333333335 0.8189722222222222 0.029526041666666666 0.027166666666666665
1 0.4429166666666667 0.8116296296296296 0.020651041666666665 0.026425925925925926
2 0.43723958333333335 0.8053888888888889 0.010942708333333334 0.025694444444444443
1 0.517046875 0.8310925925925926 0.022713541666666667 0.04992592592592593
1 0.5970572916666667 0.8053888888888889 0.05678645833333333 0.08442592592592593
2 0.854859375 0.8108981481481481 0.06855208333333333 0.06607407407407408
2 0.8867604166666666 0.8108981481481481 0.078671875 0.0719537037037037
2 0.9213489583333333 0.8112685185185184 0.07681249999999999 0.07414814814814814
2 0.9489114583333333 0.8162222222222222 0.072890625 0.07525
2 0.9628489583333334 0.825212962962963 0.058229166666666665 0.06607407407407408
