2 0.9178854166666667 0.9385462962962963 0.16190625 0.12290740740740741
2 0.77796875 0.9156203703703704 0.12684895833333334 0.12691666666666665
2 0.6941510416666666 0.9133518518518519 0.07521354166666666 0.08612037037037037
2 0.616703125 0.9020185185185184 0.07075520833333333 0.06799074074074074
2 0.138640625 0.9447777777777778 0.27599999999999997 0.11044444444444444
2 0.8671510416666667 0.8589537037037037 0.2656927083333333 0.19944444444444445
2 0.632 0.8578240740740741 0.13831770833333332 0.14731481481481482
1 0.46308333333333335 0.8436574074074074 0.022307291666666666 0.04192592592592593
2 0.4404583333333333 0.8736851851851852 0.011473958333333334 0.027194444444444445
2 0.413046875 0.8736851851851852 0.010197916666666666 0.024925925925925928
