1 0.15975520833333334 0.9249537037037038 0.26824479166666665 0.15008333333333335
2 0.32219270833333336 0.8504444444444444 0.09120312500000001 0.08372222222222223
2 0.4488958333333333 0.7962222222222222 0.02382291666666667 0.022833333333333334
2 0.5145000000000001 0.819212962962963 0.026614583333333334 0.04300925925925926
1 0.525296875 0.8114351851851852 0.02363541666666667 0.04334259259259259
1 0.6271927083333334 0.8436944444444445 0.05545833333333334 0.06683333333333334
1 0.6507239583333334 0.7715277777777778 0.12925 0.18883333333333333
1 0.7734427083333333 0.7816111111111111 0.1890625 0.18577777777777776
2 0.966640625 0.7987222222222222 0.06671354166666667 0.07211111111111111
2 0.9532239583333334 0.7923055555555556 0.09075000000000001 0.0715
