1 0.14583333333333334 0.9282407407407407 0.2838541666666667 0.14351851851851852
2 0.7063802083333334 0.9155092592592593 0.17317708333333334 0.16898148148148148
2 0.9153645833333334 0.8796296296296297 0.1640625 0.125
1 0.8971354166666666 0.7789351851851852 0.20572916666666666 0.19212962962962962
2 0.39591666666666664 0.8538425925925925 0.026916666666666665 0.046425925925925926
1 0.44734375 0.8295555555555555 0.05263020833333333 0.11355555555555556
1 0.508609375 0.8456296296296296 0.020088541666666668 0.05713888888888889
2 0.5331145833333334 0.8574074074074074 0.03455208333333334 0.05642592592592592
1 0.5650520833333333 0.8566944444444444 0.03977083333333333 0.07785185185185185
2 0.7271562500000001 0.8556203703703704 0.07633333333333334 0.08570370370370371
