1 0.50703125 0.4552083333333333 0.0359375 0.052083333333333336
1 0.575 0.46145833333333336 0.05 0.08125
1 0.68046875 0.48125 0.0859375 0.12916666666666668
1 0.51875 0.5052083333333334 0.046875 0.06875
1 0.26953125 0.5229166666666667 0.1296875 0.19166666666666668
1 0.36640625 0.5520833333333334 0.0578125 0.07083333333333333
1 0.675 0.6083333333333333 0.115625 0.13333333333333333
1 0.57578125 0.6916666666666667 0.0828125 0.13333333333333333
1 0.08203125 0.846875 0.1640625 0.30625
1 0.556078125 0.42906249999999996 0.030296875 0.0384375
1 0.48959374999999994 0.4204375 0.031468750000000004 0.050979166666666666
1 0.49725 0.39610416666666665 0.020890625 0.03216666666666666
1 0.510921875 0.3768958333333333 0.022359375 0.025104166666666667
1 0.478125 0.37925 0.024406249999999997 0.036875
1 0.40679687500000006 0.3547291666666667 0.022359375 0.03725
1 0.41959375000000004 0.3298333333333333 0.017359375 0.029812500000000002
1 0.48989062499999997 0.3545416666666667 0.017359375 0.018041666666666668
1 0.4968125 0.34375 0.015296874999999998 0.017645833333333336
1 0.466359375 0.34375 0.0120625 0.0184375
1 0.47739062499999996 0.33766666666666667 0.011765625 0.0156875
