1 0.49453125 0.4239583333333333 0.0265625 0.035416666666666666
1 0.540625 0.434375 0.028125 0.035416666666666666
1 0.60859375 0.44479166666666664 0.0390625 0.05625
1 0.32578125 0.4510416666666667 0.0328125 0.03958333333333333
1 0.54609375 0.5020833333333333 0.0421875 0.058333333333333334
1 0.53984375 0.5604166666666667 0.0546875 0.08333333333333333
1 0.7453125 0.578125 0.071875 0.11041666666666666
1 0.6828125 0.59375 0.125 0.19583333333333333
1 0.625 0.7979166666666667 0.121875 0.2125
1 0.40915625 0.41027083333333336 0.025828125 0.0389375
1 0.376765625 0.396625 0.030203124999999997 0.042395833333333334
1 0.396921875 0.35675 0.025640625 0.05325
1 0.41987500000000005 0.3827291666666667 0.01828125 0.022520833333333334
1 0.42543749999999997 0.36112500000000003 0.017093749999999998 0.025958333333333337
1 0.41759375 0.34404166666666663 0.010921875000000001 0.013520833333333334
1 0.38103125000000004 0.3514583333333333 0.024046875000000002 0.03629166666666667
1 0.520234375 0.4049791666666666 0.025828125 0.034708333333333334
1 0.489328125 0.39516666666666667 0.025234374999999996 0.0341875
1 0.478296875 0.3847083333333333 0.020265625000000002 0.028625
1 0.47571874999999997 0.3655 0.019875 0.024104166666666666
1 0.486546875 0.35370833333333335 0.018484375 0.0275625
1 0.515859375 0.35383333333333333 0.026625 0.043187500000000004
1 0.504828125 0.3484166666666667 0.014499999999999999 0.019083333333333334
1 0.49607812500000004 0.3407291666666667 0.0133125 0.015375
1 0.46876562499999996 0.3481458333333334 0.015890625 0.018541666666666668
1 0.42196875 0.3266875 0.016890625 0.024374999999999997
