1 0.18946188340807174 0.04017857142857143 0.2533632286995516 0.08035714285714286
1 0.2219730941704036 0.484375 0.24887892376681614 0.22767857142857142
1 0.19394618834080718 0.8727678571428571 0.30493273542600896 0.2544642857142857
1 0.2219730941704036 0.14285714285714285 0.21300448430493274 0.21875
1 0.7399103139013453 0.6696428571428571 0.3004484304932735 0.22767857142857142
1 0.7062780269058296 0.140625 0.27802690582959644 0.20089285714285715
1 0.20291479820627803 0.6696428571428571 0.28475336322869954 0.24553571428571427
1 0.655829596412556 0.046875 0.30493273542600896 0.09375
1 0.2320627802690583 0.3169642857142857 0.21973094170403587 0.21428571428571427
1 0.6785874439461883 0.2930357142857143 0.27280269058295964 0.2573214285714286
1 0.7230493273542601 0.47000000000000003 0.28015695067264573 0.2865625
1 0.7335426008968611 0.8522321428571429 0.2807847533632287 0.255625
