1 0.3330815709969788 0.6263736263736264 0.11933534743202417 0.3516483516483517
1 0.6691842900302115 0.23076923076923078 0.09969788519637462 0.3516483516483517
1 0.43580060422960726 0.6428571428571429 0.09818731117824774 0.3791208791208791
1 0.26586102719033233 0.25 0.1042296072507553 0.3956043956043956
1 0.9463746223564955 0.18956043956043955 0.10725075528700906 0.3791208791208791
1 0.5332326283987915 0.6263736263736264 0.13293051359516617 0.38461538461538464
1 0.37990936555891236 0.2664835164835165 0.1042296072507553 0.41208791208791207
1 0.4622356495468278 0.28846153846153844 0.09365558912386707 0.32967032967032966
1 0.6404833836858006 0.5906593406593407 0.1404833836858006 0.37362637362637363
1 0.5490936555891238 0.20054945054945056 0.1148036253776435 0.3956043956043956
1 0.947129909365559 0.6373626373626373 0.10574018126888217 0.3626373626373626
1 0.7394259818731118 0.5851648351648352 0.1404833836858006 0.38461538461538464
1 0.7627794561933534 0.24532967032967032 0.12978851963746224 0.432032967032967
1 0.8572356495468278 0.22620879120879123 0.159607250755287 0.45241758241758245
1 0.8391842900302114 0.572032967032967 0.12146525679758308 0.3821428571428571
