1 0.6271608832807571 0.7706491228070175 0.14414826498422714 0.0697017543859649
1 0.7639432176656151 0.4490701754385965 0.10632492113564668 0.06435087719298245
1 0.5753943217665616 0.9038245614035086 0.1646372239747634 0.06999999999999999
1 0.6077917981072555 0.8325087719298245 0.16979495268138803 0.08350877192982456
1 0.17586750788643532 0.396 0.1500788643533123 0.08647368421052631
1 0.7311671924290221 0.5274736842105263 0.11350157728706624 0.07914035087719298
1 0.0371608832807571 0.2322105263157895 0.07433753943217666 0.058228070175438594
1 0.2948264984227129 0.44366666666666665 0.13536277602523658 0.05685964912280701
1 0.6352208201892745 0.7041228070175439 0.15946372239747633 0.06908771929824561
1 0.5441324921135647 0.9640350877192982 0.17028391167192428 0.07192982456140351
1 0.37594637223974764 0.9578947368421052 0.17460567823343848 0.08421052631578947
1 0.4748422712933754 0.7615789473684211 0.16104100946372238 0.0845438596491228
1 0.0686435331230284 0.8188947368421052 0.13727129337539432 0.09391228070175439
1 0.07782334384858045 0.7630701754385965 0.15249211356466877 0.07001754385964912
1 0.17621451104100946 0.6486315789473684 0.14105678233438487 0.0726842105263158
1 0.23465299684542587 0.5447017543859649 0.15069400630914828 0.07887719298245614
1 0.05362776025236593 0.593421052631579 0.10725552050473186 0.07278947368421053
1 0.03943217665615142 0.6356140350877193 0.07886435331230283 0.07263157894736842
1 0.0583596214511041 0.1654561403508772 0.1167192429022082 0.0585438596491228
1 0.07347003154574132 0.12271929824561403 0.12433753943217665 0.06335087719298245
1 0.22468454258675077 0.303 0.14966876971608833 0.08317543859649122
1 0.2845268138801262 0.23207017543859648 0.12741324921135647 0.07115789473684211
1 0.3419716088328076 0.15710526315789472 0.11929022082018927 0.05808771929824561
1 0.3825709779179811 0.11103508771929825 0.10897476340694007 0.06066666666666666
1 0.38518927444794954 0.06670175438596491 0.13315457413249213 0.06673684210526315
1 0.5101892744479495 0.07817543859649123 0.11503154574132493 0.05808771929824561
1 0.9715772870662461 0.9065438596491229 0.018990536277602523 0.0025789473684210526
1 0.4772870662460568 0.1211578947368421 0.10916403785488958 0.05635087719298245
1 0.463769716088328 0.15589473684210525 0.11996845425867508 0.04863157894736842
1 0.4521451104100947 0.1947543859649123 0.11880126182965299 0.0596842105263158
1 0.4016719242902208 0.23099999999999998 0.11878548895899053 0.054982456140350876
1 0.39457413249211354 0.26703508771929824 0.11657728706624605 0.056508771929824564
1 0.374211356466877 0.3084912280701754 0.1616876971608833 0.0801578947368421
1 0.347602523659306 0.3513684210526316 0.14630914826498423 0.08170175438596491
1 0.5240851735015772 0.5973684210526315 0.1585646687697161 0.07543859649122807
1 0.577602523659306 0.48873684210526314 0.1236750788643533 0.07570175438596491
1 0.6682018927444795 0.6472280701754386 0.13766561514195583 0.0663859649122807
1 0.7113722397476341 0.5915263157894737 0.14186119873817035 0.07117543859649123
1 0.6291009463722398 0.39607017543859646 0.14149842271293375 0.06582456140350877
1 0.6467507886435332 0.35389473684210526 0.13892744479495267 0.058666666666666666
1 0.7921293375394322 0.40010526315789474 0.13629337539432176 0.06689473684210527
1 0.791372239747634 0.3528421052631579 0.12533123028391166 0.05656140350877193
1 0.8275236593059937 0.31356140350877193 0.1282334384858044 0.06924561403508772
1 0.6717507886435331 0.27117543859649124 0.14477917981072555 0.07919298245614036
1 0.814621451104101 0.27303508771929824 0.11506309148264984 0.05135087719298245
1 0.8324921135646687 0.23292982456140351 0.1318769716088328 0.062350877192982455
1 0.7294794952681388 0.17789473684210527 0.12458990536277602 0.0750877192982456
1 0.841640378548896 0.1918245614035088 0.11033123028391167 0.05733333333333333
1 0.7467034700315458 0.11773684210526315 0.14641955835962145 0.06703508771929825
1 0.7408832807570979 0.08173684210526316 0.13793375394321766 0.054684210526315793
1 0.8762302839116719 0.07978947368421052 0.11839116719242902 0.06133333333333334
1 0.8558359621451105 0.15545614035087718 0.11545741324921135 0.054754385964912285
1 0.8736908517350157 0.12084210526315789 0.1417192429022082 0.05570175438596491
1 0.9700315457413249 0.5630175438596492 0.05993690851735016 0.07340350877192983
1 0.9818611987381703 0.665859649122807 0.03627760252365931 0.06856140350877192
1 0.9676656151419558 0.7938947368421052 0.06466876971608833 0.07198245614035088
1 0.9574132492113565 0.8582982456140351 0.08517350157728706 0.08501754385964913
1 0.9124605678233438 0.9267017543859649 0.1750788643533123 0.09549122807017543
