1 0.28218562874251496 0.9448529411764706 0.23952095808383234 0.11029411764705882
1 0.8615269461077845 0.9512867647058824 0.20209580838323354 0.0974264705882353
1 0.0815868263473054 0.6240808823529411 0.1631736526946108 0.0974264705882353
1 0.8607784431137725 0.8272058823529411 0.2155688622754491 0.12867647058823528
1 0.05688622754491018 0.9420955882352942 0.11377245508982035 0.11580882352941177
1 0.2747005988023952 0.8501838235294118 0.20059880239520958 0.10661764705882353
1 0.8233532934131736 0.4641544117647059 0.19161676646706588 0.0974264705882353
1 0.07335329341317365 0.8465073529411765 0.1467065868263473 0.10477941176470588
1 0.8547904191616766 0.07352941176470588 0.1437125748502994 0.09191176470588236
1 0.3383233532934132 0.36856617647058826 0.17065868263473055 0.10661764705882353
1 0.8338323353293413 0.3740808823529412 0.20508982035928144 0.10661764705882353
1 0.39146706586826346 0.06801470588235294 0.1691616766467066 0.0974264705882353
1 0.3884730538922156 0.14522058823529413 0.1691616766467066 0.0900735294117647
1 0.8532934131736527 0.7233455882352942 0.20808383233532934 0.11764705882352941
1 0.11826347305389222 0.22518382352941177 0.16766467065868262 0.0974264705882353
1 0.10404191616766467 0.296875 0.15419161676646706 0.08639705882352941
1 0.8540419161676647 0.21507352941176472 0.1661676646706587 0.09558823529411764
1 0.8495508982035929 0.5496323529411765 0.18113772455089822 0.10661764705882353
1 0.07934131736526946 0.5340073529411765 0.15868263473053892 0.10845588235294118
1 0.3300898203592814 0.5431985294117647 0.19910179640718562 0.10845588235294118
1 0.8323353293413174 0.6387867647058824 0.2215568862275449 0.10294117647058823
1 0.38248502994011974 0.21691176470588236 0.1751497005988024 0.10477941176470588
1 0.8615269461077845 0.14613970588235295 0.1467065868263473 0.08639705882352941
1 0.3413173652694611 0.2959558823529412 0.15568862275449102 0.09191176470588236
1 0.843562874251497 0.28952205882352944 0.18562874251497005 0.10110294117647059
1 0.3413173652694611 0.45588235294117646 0.18862275449101795 0.10294117647058823
1 0.09805389221556886 0.375 0.19161676646706588 0.0974264705882353
1 0.8308383233532934 0.02389705882352941 0.1691616766467066 0.04779411764705882
1 0.392440119760479 0.01838235294117647 0.15269461077844312 0.03676470588235294
1 0.17080838323353292 0.14762867647058825 0.18592814371257485 0.09305147058823529
1 0.19492514970059882 0.06700367647058825 0.1742814371257485 0.09354779411764706
1 0.19751497005988022 0.028933823529411765 0.2034131736526946 0.05786764705882353
1 0.09232035928143713 0.45487132352941173 0.18465568862275447 0.1119485294117647
1 0.3080688622754491 0.6258823529411766 0.20296407185628745 0.1083639705882353
