1 0.7195338983050847 0.17586666666666667 0.26966101694915257 0.20933333333333332
1 0.24317796610169493 0.1818 0.2590677966101695 0.17573333333333332
1 0.2190677966101695 0.32426666666666665 0.2841101694915254 0.18486666666666668
1 0.22677966101694916 0.44320000000000004 0.2475 0.17426666666666668
1 0.1892372881355932 0.5954666666666666 0.2802542372881356 0.16966666666666666
1 0.20944915254237287 0.7265333333333334 0.27830508474576277 0.2227333333333333
1 0.18296610169491526 0.8970000000000001 0.32550847457627113 0.20606666666666668
1 0.7867796610169492 0.8856 0.3216525423728813 0.2288
1 0.7400847457627119 0.7432 0.3014406779661017 0.20153333333333334
1 0.7665677966101695 0.5833333333333334 0.2619491525423729 0.17880000000000001
1 0.7396186440677966 0.43939999999999996 0.2792796610169491 0.20906666666666665
