2 0.28828645833333333 0.7113611111111111 0.06253125 0.08737962962962964
1 0.288484375 0.3745648148148148 0.08925000000000001 0.2401574074074074
2 0.27578125 0.8964537037037037 0.06780208333333333 0.1020925925925926
1 0.5464166666666667 0.22678703703703704 0.053828125 0.09023148148148148
2 0.37395833333333334 0.18009259259259258 0.05416666666666667 0.08796296296296297
1 0.28853645833333336 0.7307962962962963 0.018734375 0.012435185185185185
1 0.2758854166666667 0.9229074074074074 0.020015625 0.01237962962962963
1 0.286421875 0.47544444444444445 0.016557291666666665 0.009453703703703704
1 0.3730572916666667 0.21226851851851852 0.013786458333333333 0.009037037037037036
1 0.5384947916666667 0.2379074074074074 0.014125 0.009064814814814814
