1 0.3710234375 0.7734444444444445 0.0592265625 0.17468055555555556
1 0.520484375 0.23013888888888887 0.0222109375 0.0547361111111111
1 0.5979609375 0.21941666666666665 0.0237578125 0.06061111111111111
1 0.285515625 0.2768888888888889 0.09178125000000001 0.06988888888888889
1 0.224796875 0.32693055555555556 0.029921874999999997 0.07909722222222222
1 0.589015625 0.16420833333333335 0.0180234375 0.05291666666666667
1 0.42567187500000003 0.26561111111111113 0.09821875 0.059
1 0.396265625 0.5607083333333333 0.044546875 0.12680555555555556
1 0.5734375 0.06736111111111111 0.0140625 0.0375
1 0.2576796875 0.37677777777777777 0.051390625 0.08734722222222223
1 0.528125 0.016958333333333336 0.0122265625 0.030805555555555555
1 0.3111328125 0.4338055555555555 0.05695312500000001 0.09995833333333333
1 0.5859609375 0.1423611111111111 0.0172265625 0.043055555555555555
1 0.187453125 0.34405555555555556 0.028703125000000003 0.04525
2 0.1571171875 0.3490694444444445 0.028703125000000003 0.03652777777777778
1 0.23507812499999997 0.29615277777777776 0.0261796875 0.06365277777777778
1 0.5856328125 0.04023611111111111 0.01440625 0.034972222222222224
