1 0.6914374999999999 0.15354166666666666 0.0813125 0.17995833333333333
1 0.594953125 0.5652361111111112 0.102359375 0.23254166666666667
1 0.7501640625 0.6425694444444444 0.1046875 0.24598611111111113
2 0.6851796875 0.31051388888888887 0.054015625 0.08666666666666667
1 0.6555703125 0.03954166666666666 0.0612421875 0.07909722222222222
2 0.7424375000000001 0.47475 0.0581640625 0.08148611111111112
1 0.7478046875000001 0.7420972222222222 0.020742187500000002 0.012680555555555556
1 0.595875 0.6626527777777778 0.01378125 0.009069444444444444
1 0.742 0.496625 0.016046875 0.009000000000000001
1 0.694296875 0.22604166666666667 0.01621875 0.010875
1 0.656296875 0.06377777777777778 0.0141171875 0.008208333333333333
1 0.6878515625 0.33226388888888886 0.015140625 0.008611111111111111
