2 0.2894322916666667 0.7262592592592593 0.063984375 0.0911388888888889
2 0.31131770833333333 0.4848981481481482 0.05757291666666667 0.07991666666666666
1 0.29721354166666664 0.0602037037037037 0.060348958333333334 0.12039814814814814
2 0.29291666666666666 0.8392037037037038 0.0663125 0.10248148148148149
2 0.39610416666666665 0.07522222222222222 0.045885416666666665 0.06339814814814815
2 0.29382291666666666 0.6139537037037037 0.06324479166666667 0.09351851851851851
2 0.3803489583333333 0.014898148148148148 0.037046875 0.029805555555555554
1 0.289546875 0.750462962962963 0.018677083333333334 0.011777777777777778
1 0.2944791666666667 0.6399074074074075 0.018786458333333332 0.01075
1 0.29259375 0.8632685185185186 0.02071875 0.010287037037037037
1 0.3109791666666667 0.5073333333333333 0.016505208333333334 0.01025925925925926
1 0.3964635416666667 0.0918611111111111 0.012395833333333333 0.008490740740740741
1 0.38056770833333337 0.014953703703703702 0.012750000000000001 0.007546296296296297
1 0.297609375 0.09997222222222223 0.011640625 0.006120370370370371
