2 0.28475 0.6895277777777779 0.061036458333333335 0.09004629629629629
2 0.37182291666666667 0.08324074074074074 0.04953125 0.08499074074074074
2 0.2967916666666667 0.5334074074074074 0.05648958333333333 0.08091666666666666
1 0.5612447916666666 0.3175925925925926 0.05791145833333333 0.09583333333333334
1 0.34509375000000003 0.26125 0.101171875 0.22380555555555556
1 0.29717187500000003 0.551324074074074 0.016859375 0.010601851851851852
1 0.285546875 0.7106481481481481 0.01796875 0.011111111111111112
1 0.3300677083333333 0.3565277777777778 0.015625 0.009175925925925926
1 0.5533020833333333 0.3284722222222222 0.013458333333333333 0.008592592592592593
1 0.371359375 0.11218518518518518 0.013255208333333332 0.00775925925925926
