1 0.6562109375 0.9123333333333333 0.044765624999999996 0.12645833333333334
1 0.56315625 0.8619722222222223 0.047117187500000005 0.08333333333333333
1 0.725625 0.39594444444444443 0.05125 0.028902777777777777
1 0.8617734374999999 0.38666666666666666 0.058015625 0.029388888888888888
1 0.8151875000000001 0.4015833333333333 0.046375 0.02665277777777778
1 0.5716953124999999 0.8967083333333333 0.0062421875 0.005013888888888889
1 0.64178125 0.39758333333333334 0.051125 0.029875000000000002
1 0.654109375 0.39301388888888894 0.0535859375 0.02513888888888889
1 0.7609140625 0.39206944444444447 0.0540859375 0.025944444444444444
1 0.86825 0.39798611111111115 0.0388984375 0.027638888888888886
1 0.91840625 0.3968055555555555 0.027695312500000003 0.028319444444444446
1 0.9516015624999999 0.3949444444444445 0.02284375 0.026625000000000003
