1 0.366953125 0.8222638888888889 0.029218749999999998 0.05440277777777778
1 0.8051015625 0.9119722222222222 0.0704921875 0.06626388888888889
2 0.298828125 0.8300416666666667 0.025039062499999997 0.021180555555555557
2 0.8342578125 0.8255972222222222 0.0143984375 0.018847222222222224
2 0.25260937499999997 0.845 0.0311953125 0.02313888888888889
2 0.8226875 0.696763888888889 0.01015625 0.018541666666666665
1 0.9537734375 0.9785555555555555 0.0568359375 0.042888888888888886
2 0.856109375 0.8294861111111111 0.0125 0.018055555555555554
2 0.0316796875 0.7068888888888889 0.021953125 0.018430555555555554
2 0.2397421875 0.8463333333333334 0.0186015625 0.020027777777777776
2 0.29709375 0.8367777777777778 0.016875 0.019805555555555555
2 0.2770078125 0.8370972222222223 0.0193828125 0.020874999999999998
1 0.3902109375 0.8201388888888889 0.0240234375 0.05520833333333333
