1 0.40396875000000004 0.5622222222222223 0.045671875 0.10456944444444445
1 0.604015625 0.8372222222222222 0.059429687499999995 0.16604166666666667
1 0.6799999999999999 0.25826388888888885 0.1314609375 0.07641666666666667
1 0.5642265625 0.5640138888888888 0.047984375 0.1289722222222222
1 0.536640625 0.412125 0.035859375 0.08833333333333333
1 0.4291171875 0.30406944444444445 0.0297734375 0.0813611111111111
1 0.40500781249999995 0.6061805555555555 0.00703125 0.005736111111111111
2 0.460046875 0.06220833333333333 0.0109375 0.016527777777777777
1 0.88496875 0.19559722222222223 0.0981328125 0.06172222222222222
1 0.9157265625000001 0.18198611111111113 0.09293749999999999 0.05977777777777778
