2 0.3770208333333333 0.262037037037037 0.05091666666666667 0.07177777777777777
2 0.2858541666666667 0.4701018518518518 0.059921875 0.0827037037037037
1 0.30378645833333334 0.09987037037037037 0.062135416666666665 0.1358888888888889
1 0.6220208333333334 0.5641018518518519 0.09910416666666667 0.2512037037037037
2 0.39421354166666667 0.04348148148148148 0.03656770833333333 0.05612037037037037
1 0.28557812499999996 0.4923425925925926 0.016505208333333334 0.009175925925925926
1 0.37470312499999997 0.2800925925925926 0.014885416666666667 0.008518518518518517
2 0.38385416666666666 0.020962962962962964 0.039421875 0.041935185185185186
1 0.30436979166666667 0.1465462962962963 0.013677083333333334 0.006990740740740741
1 0.3946510416666667 0.05733333333333333 0.011838541666666667 0.006861111111111111
