1 0.298796875 0.11817592592592592 0.062223958333333336 0.13273148148148148
2 0.29739583333333336 0.48048148148148145 0.057291666666666664 0.08133333333333334
1 0.5854166666666667 0.34194444444444444 0.08688020833333333 0.215
2 0.28958333333333336 0.8101851851851852 0.07083333333333333 0.10185185185185185
2 0.39079687500000004 0.15485185185185185 0.04341145833333333 0.05910185185185185
1 0.2899583333333334 0.8406018518518519 0.019942708333333333 0.012444444444444444
1 0.2973385416666667 0.5033981481481481 0.016552083333333335 0.011111111111111112
2 0.393296875 0.19612962962962963 0.039739583333333335 0.06224074074074074
1 0.3916145833333333 0.21068518518518517 0.0130625 0.007749999999999999
1 0.2987239583333333 0.16262962962962962 0.012927083333333334 0.007888888888888888
