2 0.12109375 0.5194444444444445 0.027708333333333335 0.07777777777777778
1 0.44377083333333334 0.5354629629629629 0.057192708333333335 0.08124074074074074
2 0.13913020833333334 0.7961944444444444 0.05653645833333333 0.05801851851851852
1 0.449859375 0.1688888888888889 0.022052083333333337 0.02525925925925926
1 0.32095833333333335 0.15862037037037038 0.00765625 0.019537037037037037
1 0.36310937499999996 0.24953703703703703 0.015682291666666667 0.04264814814814815
2 0.28350520833333337 0.5525092592592593 0.020380208333333334 0.0405
2 0.26245833333333335 0.34772222222222227 0.013067708333333334 0.02950925925925926
1 0.34287500000000004 0.22173148148148147 0.0115625 0.028194444444444442
1 0.34296875 0.14135185185185184 0.007255208333333333 0.019749999999999997
1 0.34963541666666664 0.17773148148148146 0.010229166666666668 0.02725925925925926
