2 0.24270833333333333 0.7925925925925926 0.20625 0.2814814814814815
2 0.4109375 0.85 0.196875 0.2851851851851852
2 0.6583333333333333 0.812962962962963 0.17291666666666666 0.3
2 0.8854166666666666 0.9092592592592592 0.21875 0.1814814814814815
2 0.8546875 0.7138888888888889 0.159375 0.22407407407407406
2 0.6979166666666666 0.6287037037037037 0.13333333333333333 0.22037037037037038
2 0.4583333333333333 0.6527777777777778 0.12708333333333333 0.17962962962962964
2 0.33645833333333336 0.6037037037037037 0.16875 0.21851851851851853
2 0.3963541666666667 0.3055555555555556 0.10520833333333333 0.1
2 0.6833333333333333 0.09444444444444444 0.0375 0.044444444444444446
2 0.2234375 0.8898148148148148 0.08020833333333334 0.22037037037037038
2 0.6640625 0.45185185185185184 0.046875 0.15185185185185185
2 0.6916666666666667 0.46111111111111114 0.058333333333333334 0.12962962962962962
2 0.8114583333333333 0.5083333333333333 0.052083333333333336 0.18333333333333332
2 0.7864583333333334 0.45740740740740743 0.03125 0.15925925925925927
