2 0.284375 0.7175925925925926 0.13958333333333334 0.24259259259259258
2 0.6536458333333334 0.8787037037037037 0.190625 0.24259259259259258
2 0.6463541666666667 0.675 0.14270833333333333 0.20185185185185187
2 0.825 0.8268518518518518 0.15833333333333333 0.2574074074074074
2 0.165625 0.1824074074074074 0.07291666666666667 0.06111111111111111
2 0.32916666666666666 0.15092592592592594 0.0375 0.05740740740740741
2 0.4317708333333333 0.20555555555555555 0.05520833333333333 0.05925925925925926
2 0.5145833333333333 0.21944444444444444 0.07708333333333334 0.06851851851851852
2 0.6635416666666667 0.26666666666666666 0.058333333333333334 0.05925925925925926
2 0.6598958333333333 0.23425925925925925 0.065625 0.05740740740740741
2 0.4890625 0.1824074074074074 0.03229166666666667 0.053703703703703705
2 0.3880208333333333 0.1685185185185185 0.03854166666666667 0.05185185185185185
2 0.5390625 0.15648148148148147 0.026041666666666668 0.03888888888888889
2 0.17604166666666668 0.5925925925925926 0.06875 0.18518518518518517
2 0.5510416666666667 0.6824074074074075 0.035416666666666666 0.20185185185185187
2 0.7369791666666666 0.6342592592592593 0.04895833333333333 0.17592592592592593
2 0.7109375 0.5592592592592592 0.04479166666666667 0.16296296296296298
2 0.6036458333333333 0.40185185185185185 0.03229166666666667 0.12222222222222222
2 0.96875 0.9212962962962963 0.0625 0.1425925925925926
2 0.46041666666666664 0.1925925925925926 0.016666666666666666 0.06296296296296296
1 0.4203125 0.15925925925925927 0.030208333333333334 0.06296296296296296
1 0.465625 0.7527777777777778 0.1375 0.3685185185185185
