2 0.2869791666666667 0.7212962962962963 0.13645833333333332 0.25
2 0.6526041666666667 0.8777777777777778 0.19270833333333334 0.24444444444444444
2 0.8317708333333333 0.8287037037037037 0.14479166666666668 0.2611111111111111
2 0.646875 0.674074074074074 0.13958333333333334 0.1962962962962963
2 0.1671875 0.18055555555555555 0.07395833333333333 0.06111111111111111
2 0.3296875 0.14907407407407408 0.03854166666666667 0.053703703703703705
2 0.37447916666666664 0.1712962962962963 0.053125 0.05
2 0.45416666666666666 0.21203703703703702 0.0625 0.06481481481481481
2 0.5260416666666666 0.1638888888888889 0.03333333333333333 0.04259259259259259
2 0.4942708333333333 0.18333333333333332 0.040625 0.044444444444444446
2 0.54375 0.2175925925925926 0.0625 0.053703703703703705
2 0.6015625 0.24074074074074073 0.090625 0.07037037037037037
2 0.175 0.5879629629629629 0.06041666666666667 0.18333333333333332
2 0.5541666666666667 0.6796296296296296 0.0375 0.1925925925925926
2 0.7390625 0.6277777777777778 0.06354166666666666 0.16666666666666666
2 0.5916666666666667 0.41759259259259257 0.027083333333333334 0.12407407407407407
2 0.49583333333333335 0.2111111111111111 0.022916666666666665 0.05555555555555555
1 0.4197916666666667 0.17407407407407408 0.03125 0.08518518518518518
1 0.4666666666666667 0.7537037037037037 0.13541666666666666 0.37777777777777777
